HOTA: tracking-pedestrian          HOTA      DetA      AssA      DetRe     DetPr     AssRe     AssPr     LocA      RHOTA     HOTA(0)   LocA(0)   HOTALocA(0)
seq17                              64.874    65.629    64.241    71.357    82.431    70.793    79.201    86.291    67.7      80.259    82.304    66.056    
seq2                               70.289    71.228    69.786    74.538    85.807    74.221    84.948    86.474    72.041    83.656    84.268    70.495    
seq22                              70.871    68.516    74.056    74.311    83.451    77.98     88.356    87.002    74.042    85.05     83.766    71.243    
seq47                              66.562    68.245    65.082    78.3      78.998    74.26     79.508    88.051    71.377    77.668    86.057    66.839    
seq54                              67.925    68.168    68.188    72.747    84.225    71.331    88.408    86.465    70.379    79.916    83.721    66.906    
seq66                              75.461    73.452    77.684    77.782    86.873    81.875    88.969    88.078    77.727    88.931    85.716    76.228    
COMBINED                           68.841    69.144    68.802    75.696    82.616    74.988    83.63     87.298    72.149    81.527    84.779    69.118    

CLEAR: tracking-pedestrian         MOTA      MOTP      MODA      CLR_Re    CLR_Pr    MTR       PTR       MLR       sMOTA     CLR_TP    CLR_FN    CLR_FP    IDSW      MT        PT        ML        Frag      
seq17                              76.636    84.148    78.388    82.477    95.277    57.143    28.571    14.286    63.561    1412      300       70        30        12        6         3         64        
seq2                               84.273    84.728    84.891    85.879    98.863    78.571    21.429    0         71.158    2086      343       24        15        11        3         0         64        
seq22                              81.143    84.683    81.238    85.143    95.615    66.667    33.333    0         68.101    894       156       41        1         10        5         0         37        
seq47                              77.261    86.35     77.913    88.515    89.304    75.51     16.327    8.1633    65.179    4208      546       504       31        37        8         4         104       
seq54                              80.356    84.475    80.724    83.548    96.731    75        25        0         67.385    1361      268       46        6         9         3         0         28        
seq66                              85.288    86.511    85.693    87.614    97.854    73.333    26.667    0         73.47     1733      245       38        8         11        4         0         27        
COMBINED                           80.283    85.473    80.955    86.29     94.177    71.429    23.016    5.5556    67.748    11694     1858      723       91        90        29        7         324       

Identity: tracking-pedestrian      IDF1      IDR       IDP       IDTP      IDFN      IDFP      
seq17                              82.029    76.519    88.394    1310      402       172       
seq2                               88.786    82.956    95.498    2015      414       95        
seq22                              88.766    83.905    94.225    881       169       54        
seq47                              80.203    79.849    80.56     3796      958       916       
seq54                              80.698    75.2      87.065    1225      404       182       
seq66                              91.971    87.159    97.346    1724      254       47        
COMBINED                           84.339    80.807    88.194    10951     2601      1466      

Count: tracking-pedestrian         Dets      GT_Dets   IDs       GT_IDs    
seq17                              1482      1712      27        21        
seq2                               2110      2429      18        14        
seq22                              935       1050      19        15        
seq47                              4712      4754      68        49        
seq54                              1407      1629      18        12        
seq66                              1771      1978      18        15        
COMBINED                           12417     13552     168       126       


 HOTA = 68.841
 MOTA = 80.283
 IDF1 = 84.339