1,1,223.22,238.81,34.07,85.62,0.93,1,-1,-1
1,2,541.69,229.28,10.85,28.77,0.87,1,-1,-1
1,3,0.61,242.72,18.69,33.36,0.84,1,-1,-1
2,1,210.69,240.85,45.57,85.96,0.96,1,-1,-1
2,2,541.69,229.45,11.19,29.96,0.88,1,-1,-1
3,1,206.91,238.64,26.86,88.51,0.90,1,-1,-1
3,2,541.37,232.51,11.16,27.40,0.88,1,-1,-1
4,1,179.70,241.70,43.83,89.36,0.96,1,-1,-1
4,2,540.34,233.70,11.18,27.23,0.86,1,-1,-1
5,1,172.01,240.68,38.02,91.23,0.94,1,-1,-1
5,2,540.33,233.36,11.21,28.94,0.87,1,-1,-1
6,1,156.26,239.66,34.95,92.60,0.94,1,-1,-1
6,2,540.69,234.21,11.51,28.77,0.86,1,-1,-1
7,1,138.85,242.55,48.07,92.77,0.95,1,-1,-1
7,2,541.01,233.70,11.87,30.30,0.88,1,-1,-1
8,1,130.60,239.83,25.42,96.17,0.90,1,-1,-1
8,2,541.70,234.38,11.86,29.96,0.88,1,-1,-1
9,1,103.96,242.04,48.52,96.68,0.95,1,-1,-1
9,2,543.04,233.36,11.54,31.32,0.90,1,-1,-1
10,1,94.55,242.04,42.00,98.55,0.94,1,-1,-1
10,2,544.42,234.04,12.52,31.15,0.89,1,-1,-1
11,1,77.86,240.68,37.67,100.26,0.94,1,-1,-1
11,2,547.11,233.53,12.22,32.51,0.89,1,-1,-1
12,1,60.07,244.60,51.42,98.72,0.96,1,-1,-1
12,2,549.84,234.04,12.53,32.17,0.89,1,-1,-1
13,1,50.41,241.36,28.72,102.64,0.89,1,-1,-1
13,2,553.87,233.02,11.91,34.89,0.89,1,-1,-1
14,1,22.77,244.60,51.02,102.47,0.95,1,-1,-1
14,2,556.29,233.36,14.88,33.87,0.93,1,-1,-1
15,1,12.62,243.57,43.43,105.36,0.94,1,-1,-1
15,2,559.66,233.53,15.26,35.06,0.89,1,-1,-1
16,1,-0.15,242.89,35.82,106.04,0.92,1,-1,-1
16,2,566.41,233.70,13.27,35.91,0.90,1,-1,-1
17,2,571.20,234.38,14.22,36.77,0.88,1,-1,-1
17,4,0.02,241.36,28.33,108.60,0.84,1,-1,-1
17,5,514.58,220.60,4.75,9.53,0.72,1,-1,-1
18,2,575.92,234.04,13.91,37.28,0.88,1,-1,-1
18,5,514.93,220.60,4.72,9.02,0.71,1,-1,-1
19,2,578.35,235.06,18.22,36.26,0.91,1,-1,-1
19,5,515.66,220.77,4.96,8.34,0.66,1,-1,-1
20,2,586.72,234.72,14.02,37.28,0.89,1,-1,-1
20,5,516.28,220.60,4.73,7.83,0.61,1,-1,-1
21,2,591.88,234.89,15.23,36.94,0.90,1,-1,-1
21,5,516.55,220.60,4.88,9.02,0.64,1,-1,-1
22,2,600.64,235.40,12.95,37.96,0.89,1,-1,-1
22,5,517.30,220.43,5.07,9.19,0.70,1,-1,-1
23,2,604.45,235.23,17.88,38.13,0.91,1,-1,-1
23,5,517.93,220.43,4.49,9.36,0.75,1,-1,-1
24,2,608.80,235.91,16.98,38.30,0.89,1,-1,-1
24,5,518.01,220.60,4.99,9.19,0.72,1,-1,-1
25,2,619.60,235.91,13.67,38.47,0.88,1,-1,-1
25,5,518.32,220.43,5.07,9.19,0.63,1,-1,-1
26,2,626.42,237.28,12.25,38.13,0.87,1,-1,-1
26,5,518.37,220.60,5.63,9.02,0.66,1,-1,-1
27,2,630.77,236.26,9.65,40.00,0.65,1,-1,-1
27,5,518.95,220.43,5.48,9.19,0.65,1,-1,-1
28,5,518.92,220.09,5.21,9.36,0.58,1,-1,-1
29,5,519.32,220.08,5.09,9.19,0.59,1,-1,-1
30,5,519.32,220.08,5.09,9.19,0.59,1,-1,-1
31,5,519.36,220.08,5.36,9.19,0.63,1,-1,-1
32,5,519.70,220.09,5.69,9.19,0.65,1,-1,-1
33,5,519.67,220.09,5.75,9.19,0.65,1,-1,-1
34,5,519.97,220.09,5.49,9.19,0.64,1,-1,-1
35,5,520.00,220.09,5.42,9.02,0.67,1,-1,-1
36,5,520.00,220.09,5.42,9.02,0.69,1,-1,-1
37,5,520.00,220.09,5.42,9.02,0.67,1,-1,-1
38,5,520.00,220.09,5.42,9.02,0.66,1,-1,-1
39,5,519.69,220.09,5.71,9.19,0.62,1,-1,-1
40,5,519.63,219.92,5.49,9.36,0.65,1,-1,-1
41,5,519.66,220.08,5.42,9.19,0.67,1,-1,-1
42,5,519.35,219.92,5.71,9.36,0.62,1,-1,-1
43,5,519.28,219.75,5.50,9.53,0.62,1,-1,-1
44,5,518.94,219.91,5.17,9.53,0.61,1,-1,-1
45,5,518.62,219.91,4.80,9.36,0.65,1,-1,-1
46,5,518.66,220.08,5.04,9.36,0.70,1,-1,-1
47,5,518.30,220.09,5.10,9.53,0.62,1,-1,-1
48,5,518.30,220.09,5.09,9.53,0.63,1,-1,-1
49,5,517.96,219.92,5.11,9.70,0.60,1,-1,-1
50,5,517.92,219.58,4.84,10.04,0.65,1,-1,-1
51,5,517.96,219.74,4.76,10.04,0.67,1,-1,-1
52,5,517.97,219.91,4.73,9.87,0.67,1,-1,-1
53,5,517.92,219.07,4.84,10.72,0.59,1,-1,-1
54,5,518.63,217.54,7.12,11.91,0.53,1,-1,-1
55,5,518.03,217.02,8.01,12.42,0.64,1,-1,-1
56,5,517.98,217.02,8.11,12.43,0.64,1,-1,-1
57,5,517.64,216.85,8.79,13.11,0.78,1,-1,-1
58,5,517.54,216.17,8.31,13.62,0.68,1,-1,-1
59,5,515.98,216.85,6.37,12.94,0.54,1,-1,-1
60,5,515.41,216.34,8.51,13.79,0.68,1,-1,-1
61,5,514.86,216.51,7.91,13.45,0.61,1,-1,-1
62,5,514.41,216.51,6.77,13.62,0.61,1,-1,-1
63,5,513.82,216.34,5.59,14.30,0.76,1,-1,-1
64,5,512.92,215.83,6.36,14.98,0.72,1,-1,-1
65,5,512.23,216.34,6.39,14.47,0.69,1,-1,-1
66,5,511.48,216.00,6.20,14.64,0.57,1,-1,-1
67,5,510.81,216.17,5.85,14.47,0.58,1,-1,-1
68,5,509.57,216.17,6.61,14.47,0.65,1,-1,-1
69,5,514.00,217.19,6.87,13.28,0.59,1,-1,-1
70,5,513.56,216.68,7.12,13.79,0.65,1,-1,-1
71,5,513.57,217.02,7.10,13.62,0.62,1,-1,-1
72,5,513.54,216.68,7.15,13.96,0.60,1,-1,-1
73,5,513.58,217.02,7.08,13.62,0.55,1,-1,-1
74,5,509.70,215.83,9.44,15.14,0.61,1,-1,-1
75,5,510.53,216.00,9.78,15.15,0.71,1,-1,-1
76,5,511.82,215.66,8.56,15.32,0.82,1,-1,-1
77,5,512.49,215.49,7.56,15.32,0.78,1,-1,-1
78,5,515.06,215.83,6.14,14.64,0.59,1,-1,-1
79,5,516.59,215.66,5.80,14.30,0.65,1,-1,-1
80,5,517.33,215.83,6.02,13.96,0.65,1,-1,-1
80,6,511.53,216.34,5.76,14.47,0.70,1,-1,-1
81,5,518.37,216.17,6.30,13.62,0.57,1,-1,-1
81,6,511.24,216.34,6.67,14.30,0.69,1,-1,-1
82,5,519.35,215.49,6.71,13.96,0.61,1,-1,-1
82,6,510.83,215.83,6.81,14.81,0.59,1,-1,-1
83,5,520.36,215.83,6.39,12.94,0.60,1,-1,-1
83,6,510.35,216.20,6.04,14.15,0.33,1,-1,-1
84,5,522.12,215.66,6.60,12.09,0.60,1,-1,-1
84,6,513.26,217.70,5.67,12.60,0.52,1,-1,-1
85,5,523.42,215.49,6.37,11.24,0.58,1,-1,-1
85,6,509.97,216.00,8.87,14.30,0.73,1,-1,-1
86,5,524.49,215.49,6.26,10.56,0.39,1,-1,-1
86,6,510.16,216.17,8.84,14.81,0.81,1,-1,-1
87,5,526.54,215.15,6.24,9.53,0.52,1,-1,-1
87,6,511.13,215.83,7.57,14.98,0.80,1,-1,-1
88,5,528.07,214.98,5.90,9.70,0.57,1,-1,-1
88,6,511.50,216.17,6.83,14.81,0.81,1,-1,-1
89,5,528.92,214.64,6.90,10.85,0.39,1,-1,-1
89,6,512.19,215.66,6.80,15.49,0.83,1,-1,-1
90,5,530.19,215.11,6.41,9.92,0.38,1,-1,-1
90,6,512.23,215.49,7.40,15.49,0.79,1,-1,-1
91,5,530.35,215.32,9.48,22.97,0.79,1,-1,-1
91,6,514.19,216.34,6.54,14.30,0.61,1,-1,-1
92,5,531.16,214.98,8.53,23.15,0.84,1,-1,-1
92,6,515.55,215.49,6.19,14.13,0.57,1,-1,-1
93,5,531.87,215.49,8.80,23.15,0.83,1,-1,-1
93,6,516.63,215.66,6.41,14.30,0.63,1,-1,-1
94,5,533.24,214.98,9.78,23.66,0.83,1,-1,-1
94,6,517.34,215.15,7.02,14.81,0.63,1,-1,-1
95,5,533.90,214.81,9.83,23.66,0.86,1,-1,-1
95,6,519.07,215.49,6.94,13.79,0.50,1,-1,-1
96,5,533.90,214.64,10.16,24.00,0.85,1,-1,-1
96,6,520.66,215.66,6.48,13.11,0.55,1,-1,-1
97,5,533.92,214.47,10.81,23.83,0.85,1,-1,-1
97,6,521.48,215.66,7.88,12.60,0.70,1,-1,-1
98,5,534.58,213.79,11.52,24.85,0.88,1,-1,-1
98,6,522.39,215.83,7.77,12.09,0.73,1,-1,-1
98,7,508.47,218.38,6.10,9.70,0.73,1,-1,-1
99,5,535.25,213.45,11.54,25.53,0.86,1,-1,-1
99,6,523.19,215.83,8.54,11.74,0.63,1,-1,-1
99,7,507.87,218.21,6.28,6.81,0.74,1,-1,-1
100,5,535.59,213.62,11.19,25.19,0.86,1,-1,-1
100,6,525.28,216.17,7.40,10.90,0.45,1,-1,-1
100,7,507.80,218.38,6.09,6.47,0.76,1,-1,-1
101,5,535.94,213.11,11.85,25.70,0.86,1,-1,-1
101,6,527.02,214.81,6.98,11.23,0.56,1,-1,-1
101,7,507.43,217.36,6.49,7.32,0.74,1,-1,-1
102,5,536.61,213.28,11.86,25.70,0.84,1,-1,-1
102,6,527.92,215.75,6.59,10.11,0.38,1,-1,-1
102,7,507.45,217.53,6.12,6.98,0.70,1,-1,-1
103,5,537.27,213.11,11.22,25.70,0.84,1,-1,-1
103,6,528.61,215.27,7.21,11.05,0.32,1,-1,-1
103,7,507.13,217.36,6.42,7.15,0.75,1,-1,-1
104,5,537.60,213.11,10.23,25.53,0.83,1,-1,-1
104,6,529.21,214.81,9.04,22.79,0.73,1,-1,-1
104,7,507.10,217.19,6.14,7.32,0.78,1,-1,-1
105,5,537.62,212.77,9.85,25.53,0.83,1,-1,-1
105,6,530.72,214.98,7.37,21.79,0.69,1,-1,-1
105,7,507.12,217.36,6.11,7.32,0.79,1,-1,-1
106,5,537.62,212.43,9.85,26.21,0.83,1,-1,-1
106,6,531.48,214.64,6.87,22.64,0.75,1,-1,-1
106,7,507.11,217.02,6.11,7.49,0.79,1,-1,-1
107,5,537.63,213.11,9.82,25.70,0.82,1,-1,-1
107,6,532.81,214.98,5.91,23.32,0.75,1,-1,-1
107,7,506.81,217.36,6.38,7.15,0.77,1,-1,-1
108,5,536.65,213.28,10.76,25.70,0.80,1,-1,-1
108,6,533.60,214.64,6.35,23.66,0.65,1,-1,-1
108,7,506.44,217.02,6.45,7.32,0.79,1,-1,-1
109,5,534.94,213.45,12.15,27.06,0.83,1,-1,-1
109,6,533.81,214.13,6.29,24.68,0.44,1,-1,-1
109,7,506.43,217.02,6.13,7.32,0.81,1,-1,-1
110,5,534.23,213.79,12.21,27.91,0.88,1,-1,-1
110,7,506.44,217.02,6.10,7.32,0.78,1,-1,-1
111,5,534.56,213.96,11.55,29.11,0.90,1,-1,-1
111,7,506.43,216.68,6.12,7.66,0.81,1,-1,-1
112,5,534.58,214.30,12.19,29.62,0.90,1,-1,-1
112,7,506.10,216.68,6.10,7.66,0.78,1,-1,-1
113,5,534.91,215.32,12.21,30.13,0.89,1,-1,-1
113,7,506.10,216.51,6.10,7.66,0.76,1,-1,-1
114,5,534.93,218.89,11.84,27.24,0.88,1,-1,-1
114,7,506.09,216.51,5.79,7.66,0.78,1,-1,-1
115,5,534.91,219.74,11.54,27.23,0.86,1,-1,-1
115,7,506.11,216.51,6.07,7.66,0.78,1,-1,-1
116,5,534.90,220.77,11.21,28.08,0.87,1,-1,-1
116,6,538.73,212.60,7.96,15.33,0.62,1,-1,-1
116,7,506.10,216.34,6.11,7.83,0.79,1,-1,-1
117,5,534.91,222.47,10.86,27.92,0.89,1,-1,-1
117,6,539.56,212.94,8.00,18.21,0.71,1,-1,-1
117,7,506.10,216.68,5.77,7.49,0.75,1,-1,-1
118,5,534.25,223.32,11.51,27.91,0.89,1,-1,-1
118,6,538.93,212.26,8.91,22.29,0.75,1,-1,-1
118,7,506.10,216.17,6.09,7.83,0.76,1,-1,-1
119,5,533.56,224.00,11.86,28.43,0.87,1,-1,-1
119,6,538.94,212.09,9.24,25.36,0.79,1,-1,-1
119,7,506.10,216.34,6.10,7.83,0.80,1,-1,-1
120,5,533.22,225.36,11.87,28.60,0.89,1,-1,-1
120,6,539.32,212.26,9.16,25.53,0.80,1,-1,-1
120,7,506.45,216.34,6.41,7.83,0.79,1,-1,-1
121,5,532.55,226.04,12.53,29.11,0.90,1,-1,-1
121,6,539.33,212.09,9.14,25.19,0.79,1,-1,-1
121,7,506.45,216.34,6.77,8.00,0.84,1,-1,-1
122,5,531.86,227.74,12.21,28.60,0.88,1,-1,-1
122,6,539.30,213.45,8.85,25.53,0.80,1,-1,-1
122,7,506.44,216.34,6.79,8.17,0.84,1,-1,-1
123,5,531.19,228.26,12.88,29.79,0.90,1,-1,-1
123,6,538.63,214.81,9.17,27.06,0.77,1,-1,-1
123,7,506.77,216.00,6.80,8.51,0.83,1,-1,-1
124,5,531.52,229.11,12.55,30.30,0.91,1,-1,-1
124,6,538.95,216.00,8.21,26.05,0.76,1,-1,-1
124,7,507.45,216.17,6.45,8.34,0.83,1,-1,-1
125,5,531.19,229.79,12.54,30.47,0.90,1,-1,-1
125,6,538.02,217.02,8.70,24.17,0.78,1,-1,-1
125,7,507.40,215.83,7.58,10.89,0.74,1,-1,-1
126,5,528.49,231.15,14.54,31.15,0.90,1,-1,-1
126,6,536.98,218.38,9.10,23.83,0.77,1,-1,-1
126,7,508.44,215.83,7.53,11.57,0.74,1,-1,-1
126,8,608.47,242.89,30.17,53.79,0.91,1,-1,-1
127,5,526.46,232.00,15.89,30.64,0.89,1,-1,-1
127,6,535.88,219.06,9.94,28.76,0.78,1,-1,-1
127,7,509.12,216.17,7.19,12.08,0.77,1,-1,-1
127,8,601.33,241.70,27.84,54.30,0.87,1,-1,-1
128,5,527.11,231.49,15.61,31.32,0.88,1,-1,-1
128,6,536.59,220.93,8.85,26.73,0.78,1,-1,-1
128,7,509.12,215.83,7.87,15.32,0.83,1,-1,-1
128,8,593.19,242.72,25.82,54.30,0.89,1,-1,-1
129,5,527.44,231.49,14.61,31.83,0.88,1,-1,-1
129,6,535.67,222.13,9.69,25.02,0.77,1,-1,-1
129,7,510.17,216.17,7.79,14.98,0.82,1,-1,-1
129,8,583.08,243.74,27.74,53.96,0.89,1,-1,-1
130,5,526.10,231.66,14.58,32.00,0.90,1,-1,-1
130,6,536.24,223.49,8.88,25.02,0.80,1,-1,-1
130,7,511.84,215.83,7.17,15.15,0.82,1,-1,-1
130,8,574.52,240.51,26.56,56.68,0.85,1,-1,-1
130,9,582.71,244.43,15.93,52.77,0.79,1,-1,-1
131,5,525.42,231.49,14.91,32.51,0.91,1,-1,-1
131,6,536.54,224.85,8.62,28.76,0.79,1,-1,-1
131,7,512.87,216.00,6.80,14.81,0.82,1,-1,-1
131,8,563.43,242.38,31.44,54.81,0.92,1,-1,-1
132,5,526.10,231.83,14.25,32.51,0.91,1,-1,-1
132,6,535.98,226.04,9.06,26.39,0.81,1,-1,-1
132,7,513.56,216.00,6.79,14.98,0.80,1,-1,-1
132,8,554.83,241.02,26.27,54.13,0.88,1,-1,-1
133,5,526.44,231.66,13.91,33.02,0.91,1,-1,-1
133,6,536.23,227.40,8.56,26.89,0.75,1,-1,-1
133,7,514.23,215.83,6.79,15.15,0.78,1,-1,-1
133,8,545.44,242.38,28.78,53.45,0.93,1,-1,-1
134,5,526.44,232.00,14.23,33.19,0.89,1,-1,-1
134,6,536.77,228.43,7.48,15.85,0.74,1,-1,-1
134,7,515.31,216.34,7.01,13.96,0.73,1,-1,-1
134,8,535.88,242.55,26.21,53.96,0.87,1,-1,-1
135,5,526.02,231.32,13.05,34.55,0.79,1,-1,-1
135,6,536.70,229.62,7.63,12.94,0.76,1,-1,-1
135,7,516.28,216.00,7.10,13.79,0.73,1,-1,-1
135,8,528.45,241.70,25.48,54.30,0.83,1,-1,-1
136,6,536.30,230.81,8.75,17.00,0.51,1,-1,-1
136,7,517.27,216.17,6.82,13.62,0.69,1,-1,-1
136,8,517.04,243.74,25.25,50.05,0.79,1,-1,-1
137,5,526.73,232.00,11.62,35.23,0.78,1,-1,-1
137,6,536.01,232.00,8.67,26.71,0.75,1,-1,-1
137,7,517.99,216.00,7.06,13.45,0.69,1,-1,-1
137,8,509.49,242.04,25.77,51.40,0.85,1,-1,-1
138,5,526.11,231.66,12.18,35.23,0.87,1,-1,-1
138,6,535.89,233.02,7.89,27.07,0.78,1,-1,-1
138,7,518.94,215.32,6.87,13.79,0.65,1,-1,-1
138,8,502.37,241.87,26.44,52.77,0.92,1,-1,-1
139,5,524.77,232.34,13.18,35.06,0.87,1,-1,-1
139,6,535.59,232.68,8.14,27.92,0.78,1,-1,-1
139,7,520.11,216.00,7.23,12.77,0.62,1,-1,-1
139,8,494.25,242.55,27.43,53.45,0.86,1,-1,-1
140,5,522.72,232.34,14.22,36.77,0.87,1,-1,-1
140,6,534.61,232.51,9.42,29.28,0.80,1,-1,-1
140,7,521.42,215.49,7.32,11.92,0.64,1,-1,-1
140,8,483.36,240.34,26.17,54.47,0.87,1,-1,-1
141,5,522.04,232.34,14.90,37.28,0.88,1,-1,-1
141,6,534.57,232.17,9.16,28.77,0.80,1,-1,-1
141,7,523.02,215.49,6.50,10.73,0.44,1,-1,-1
141,8,474.30,242.89,30.39,52.77,0.90,1,-1,-1
142,5,521.70,233.36,15.57,37.11,0.89,1,-1,-1
142,6,534.26,232.51,9.79,29.28,0.80,1,-1,-1
142,7,523.87,215.32,6.84,10.21,0.48,1,-1,-1
142,8,465.94,241.53,26.09,53.11,0.82,1,-1,-1
143,5,521.35,232.85,15.27,37.79,0.90,1,-1,-1
143,6,533.91,232.68,9.82,28.77,0.81,1,-1,-1
143,7,525.59,215.32,8.13,9.70,0.63,1,-1,-1
143,8,455.61,241.70,27.43,53.11,0.91,1,-1,-1
144,5,520.67,234.04,15.26,38.47,0.89,1,-1,-1
144,6,533.23,232.17,10.50,30.13,0.84,1,-1,-1
144,7,526.46,215.49,6.76,8.01,0.46,1,-1,-1
144,8,453.56,244.42,19.31,50.56,0.79,1,-1,-1
145,5,517.99,233.87,16.90,38.47,0.88,1,-1,-1
145,6,532.55,232.68,11.17,31.32,0.84,1,-1,-1
145,7,527.67,214.30,7.03,9.19,0.53,1,-1,-1
145,8,438.72,239.15,23.92,55.66,0.84,1,-1,-1
146,5,517.96,234.38,16.62,38.64,0.90,1,-1,-1
146,6,532.20,232.17,11.54,33.02,0.85,1,-1,-1
146,7,528.76,215.14,6.21,8.34,0.41,1,-1,-1
146,8,431.26,240.51,29.68,54.64,0.89,1,-1,-1
147,5,517.61,234.04,15.96,40.00,0.90,1,-1,-1
147,6,531.87,232.34,11.85,33.02,0.86,1,-1,-1
147,7,528.20,215.15,7.00,9.02,0.50,1,-1,-1
147,8,428.59,243.74,15.36,51.07,0.87,1,-1,-1
148,5,516.60,235.06,14.94,39.49,0.89,1,-1,-1
148,6,531.52,232.34,11.54,32.85,0.85,1,-1,-1
148,7,529.73,214.99,6.95,9.67,0.32,1,-1,-1
148,8,411.70,241.02,27.79,54.30,0.88,1,-1,-1
149,5,514.25,234.89,16.25,40.85,0.89,1,-1,-1
149,6,530.84,232.51,11.87,34.21,0.85,1,-1,-1
149,7,529.92,214.85,7.81,10.73,0.21,1,-1,-1
149,8,408.26,243.40,18.05,51.07,0.75,1,-1,-1
150,5,512.56,234.72,18.27,42.21,0.90,1,-1,-1
150,6,530.86,233.19,11.85,33.02,0.85,1,-1,-1
150,7,531.62,214.47,8.29,17.33,0.54,1,-1,-1
150,8,394.96,244.26,24.32,49.19,0.92,1,-1,-1
151,5,512.55,235.40,18.97,42.72,0.90,1,-1,-1
151,6,530.51,233.02,11.86,32.85,0.85,1,-1,-1
151,7,532.34,214.64,7.87,18.55,0.50,1,-1,-1
151,8,391.15,245.45,22.10,47.15,0.85,1,-1,-1
152,5,513.54,234.89,15.98,43.40,0.92,1,-1,-1
152,6,529.82,234.04,11.88,33.87,0.85,1,-1,-1
152,7,532.84,213.79,8.22,21.10,0.73,1,-1,-1
152,8,379.93,244.43,18.78,48.51,0.87,1,-1,-1
153,5,510.52,235.91,17.60,43.91,0.91,1,-1,-1
153,6,528.49,233.19,12.86,34.89,0.87,1,-1,-1
153,7,533.86,214.13,8.55,24.00,0.78,1,-1,-1
153,8,365.91,243.74,28.18,49.53,0.88,1,-1,-1
154,5,508.49,235.06,19.64,45.28,0.92,1,-1,-1
154,6,528.12,233.53,12.91,37.11,0.87,1,-1,-1
154,7,533.92,213.62,9.78,24.85,0.83,1,-1,-1
154,8,364.45,244.60,16.52,45.79,0.83,1,-1,-1
155,5,507.80,236.26,20.33,45.45,0.92,1,-1,-1
155,6,527.80,233.70,12.54,35.58,0.87,1,-1,-1
155,7,534.58,213.45,9.83,25.02,0.82,1,-1,-1
155,8,350.26,241.70,27.28,50.72,0.90,1,-1,-1
156,5,506.77,235.91,20.01,46.47,0.92,1,-1,-1
156,6,526.77,232.68,12.90,38.98,0.89,1,-1,-1
156,7,534.92,213.45,9.83,24.85,0.80,1,-1,-1
156,8,346.96,243.57,17.94,47.15,0.86,1,-1,-1
157,5,504.74,237.28,19.00,46.47,0.92,1,-1,-1
157,6,524.78,234.55,13.49,35.75,0.86,1,-1,-1
157,7,535.61,212.94,10.48,25.36,0.82,1,-1,-1
157,8,332.44,244.09,24.11,48.17,0.90,1,-1,-1
158,5,501.03,236.60,20.99,48.17,0.90,1,-1,-1
158,6,522.71,233.87,14.24,37.62,0.85,1,-1,-1
158,7,535.59,213.11,10.19,25.19,0.81,1,-1,-1
158,8,322.27,242.21,28.86,50.21,0.88,1,-1,-1
159,5,498.32,236.94,22.35,48.34,0.91,1,-1,-1
159,6,521.02,234.21,15.58,40.00,0.88,1,-1,-1
159,7,535.93,212.26,10.51,26.21,0.84,1,-1,-1
159,8,319.55,243.06,18.70,48.68,0.69,1,-1,-1
160,5,496.28,237.45,23.38,49.36,0.92,1,-1,-1
160,6,520.65,235.06,14.97,41.02,0.85,1,-1,-1
160,7,536.59,212.09,9.87,26.38,0.84,1,-1,-1
160,8,305.60,242.72,29.82,49.19,0.87,1,-1,-1
161,5,494.89,236.77,21.40,51.23,0.92,1,-1,-1
161,6,519.99,234.21,14.59,41.19,0.88,1,-1,-1
161,7,536.62,212.77,9.82,25.70,0.85,1,-1,-1
161,8,298.60,241.19,22.30,48.34,0.83,1,-1,-1
162,5,492.19,238.30,19.69,50.38,0.91,1,-1,-1
162,6,517.31,235.74,15.90,41.53,0.88,1,-1,-1
162,7,536.28,212.60,10.16,25.87,0.84,1,-1,-1
162,8,289.19,241.19,25.86,48.51,0.90,1,-1,-1
162,10,0.02,264.34,25.95,180.26,0.78,1,-1,-1
163,5,486.45,238.81,21.00,50.72,0.92,1,-1,-1
163,6,516.59,235.40,14.28,41.36,0.88,1,-1,-1
163,7,536.57,212.60,9.57,27.23,0.82,1,-1,-1
163,8,280.08,242.04,23.57,48.51,0.81,1,-1,-1
163,10,0.44,226.04,73.11,233.19,0.88,1,-1,-1
164,5,481.37,239.66,24.38,51.74,0.94,1,-1,-1
164,6,515.25,235.06,14.92,43.40,0.88,1,-1,-1
164,7,536.95,213.96,9.49,27.06,0.83,1,-1,-1
164,8,274.87,241.02,21.78,49.53,0.87,1,-1,-1
164,10,0.06,216.00,96.31,302.78,0.80,1,-1,-1
165,5,476.95,240.68,26.09,53.11,0.94,1,-1,-1
165,6,513.57,236.08,15.24,43.06,0.89,1,-1,-1
165,7,536.63,214.47,10.14,27.06,0.85,1,-1,-1
165,8,263.55,242.21,27.98,47.32,0.86,1,-1,-1
165,10,18.74,239.98,112.41,256.06,0.82,1,-1,-1
166,5,476.58,240.17,21.42,53.79,0.93,1,-1,-1
166,6,512.20,235.06,15.27,44.94,0.90,1,-1,-1
166,7,536.27,215.83,10.51,28.08,0.83,1,-1,-1
166,8,255.63,240.51,22.46,48.51,0.86,1,-1,-1
166,10,55.49,237.62,87.98,252.95,0.80,1,-1,-1
167,5,471.19,241.87,22.03,53.96,0.92,1,-1,-1
167,6,509.86,236.42,15.87,43.24,0.84,1,-1,-1
167,7,536.60,217.02,9.86,27.75,0.83,1,-1,-1
167,8,247.67,242.04,25.50,46.64,0.89,1,-1,-1
167,10,92.23,226.39,89.59,249.88,0.89,1,-1,-1
168,5,464.42,241.70,25.74,54.30,0.95,1,-1,-1
168,6,508.10,235.57,15.32,47.32,0.88,1,-1,-1
168,7,536.95,218.04,9.83,27.74,0.85,1,-1,-1
168,8,242.17,240.34,24.97,47.32,0.83,1,-1,-1
168,10,112.57,239.60,78.87,188.85,0.58,1,-1,-1
168,11,129.15,236.94,90.51,219.91,0.87,1,-1,-1
169,5,458.65,242.21,28.79,54.64,0.94,1,-1,-1
169,6,506.11,236.26,15.23,44.94,0.87,1,-1,-1
169,7,536.62,218.72,10.16,28.09,0.85,1,-1,-1
169,8,235.26,240.17,25.58,48.17,0.85,1,-1,-1
169,10,139.93,226.06,50.08,182.47,0.74,1,-1,-1
169,11,145.62,242.04,96.04,213.11,0.92,1,-1,-1
170,5,455.25,241.70,28.49,57.02,0.94,1,-1,-1
170,6,503.41,237.96,15.90,44.43,0.87,1,-1,-1
170,7,535.94,220.08,10.50,28.43,0.87,1,-1,-1
170,10,159.94,233.87,66.72,180.42,0.84,1,-1,-1
170,11,199.85,234.72,60.29,206.13,0.94,1,-1,-1
170,12,618.98,236.09,20.68,56.34,0.85,1,-1,-1
171,5,451.84,241.87,23.43,57.36,0.94,1,-1,-1
171,6,500.32,238.13,15.96,47.83,0.89,1,-1,-1
171,7,535.91,221.11,9.53,28.77,0.87,1,-1,-1
171,10,179.85,232.51,65.22,168.51,0.93,1,-1,-1
171,11,222.01,246.81,65.64,192.34,0.88,1,-1,-1
171,12,614.56,234.89,19.36,58.21,0.87,1,-1,-1
172,5,446.77,241.36,23.06,59.57,0.94,1,-1,-1
172,6,496.29,239.83,17.25,47.83,0.89,1,-1,-1
172,7,535.94,222.98,9.81,27.75,0.87,1,-1,-1
172,10,209.94,230.13,52.32,166.13,0.93,1,-1,-1
172,11,256.92,237.96,50.91,178.38,0.95,1,-1,-1
172,12,598.67,235.57,26.05,57.53,0.94,1,-1,-1
173,5,439.68,241.36,27.08,59.91,0.93,1,-1,-1
173,6,492.53,238.64,16.63,49.36,0.90,1,-1,-1
173,7,535.59,224.34,9.84,28.26,0.86,1,-1,-1
173,8,209.98,239.83,20.38,43.06,0.83,1,-1,-1
173,10,228.01,234.55,56.69,161.36,0.92,1,-1,-1
173,11,264.30,244.60,75.99,170.04,0.96,1,-1,-1
173,12,592.21,236.26,26.10,56.51,0.94,1,-1,-1
174,5,434.24,241.53,28.47,62.81,0.92,1,-1,-1
174,6,489.15,239.66,16.62,50.55,0.90,1,-1,-1
174,7,534.93,225.87,10.14,27.06,0.87,1,-1,-1
174,8,205.66,241.36,21.39,41.02,0.82,1,-1,-1
174,10,246.61,232.51,53.39,150.81,0.94,1,-1,-1
174,11,298.56,243.74,52.71,159.32,0.94,1,-1,-1
174,12,586.27,234.89,14.58,57.53,0.89,1,-1,-1
175,5,427.44,240.34,25.11,65.19,0.95,1,-1,-1
175,6,484.07,240.00,17.62,51.74,0.91,1,-1,-1
175,7,534.91,226.89,10.18,28.25,0.87,1,-1,-1
175,8,200.58,239.83,20.53,42.21,0.75,1,-1,-1
175,10,261.41,233.53,65.66,146.04,0.94,1,-1,-1
175,11,318.98,245.28,49.84,156.08,0.94,1,-1,-1
175,12,568.54,236.94,30.04,56.51,0.94,1,-1,-1
176,5,420.01,241.36,28.11,66.21,0.94,1,-1,-1
176,6,478.65,240.17,18.97,52.09,0.92,1,-1,-1
176,7,534.91,228.26,10.17,28.43,0.87,1,-1,-1
176,8,197.26,242.21,20.21,42.21,0.76,1,-1,-1
176,10,275.06,236.60,54.28,138.21,0.95,1,-1,-1
176,11,334.40,245.45,45.26,145.70,0.95,1,-1,-1
176,12,564.79,235.23,17.53,58.04,0.86,1,-1,-1
177,5,409.83,240.34,27.81,67.40,0.93,1,-1,-1
177,6,473.57,241.19,20.65,53.45,0.90,1,-1,-1
177,7,534.23,228.60,10.18,29.28,0.87,1,-1,-1
177,8,188.99,242.04,19.99,36.43,0.74,1,-1,-1
177,10,295.77,233.87,55.42,137.19,0.96,1,-1,-1
177,11,347.82,243.92,50.46,141.45,0.94,1,-1,-1
177,12,546.18,237.96,29.00,55.15,0.92,1,-1,-1
178,5,404.06,242.38,27.81,68.60,0.91,1,-1,-1
178,6,468.79,239.66,18.69,54.98,0.91,1,-1,-1
178,7,532.89,229.96,10.83,29.28,0.88,1,-1,-1
178,8,183.66,243.57,20.47,41.53,0.83,1,-1,-1
178,10,309.33,237.62,55.75,133.45,0.95,1,-1,-1
178,11,355.97,246.13,53.49,133.11,0.93,1,-1,-1
178,12,541.57,236.94,22.28,54.47,0.87,1,-1,-1
179,6,464.07,241.19,18.98,55.83,0.91,1,-1,-1
179,7,532.51,230.47,9.90,28.43,0.78,1,-1,-1
179,8,177.70,242.21,17.65,40.34,0.80,1,-1,-1
179,10,323.37,234.55,44.11,125.28,0.95,1,-1,-1
179,11,376.90,242.21,45.86,130.55,0.92,1,-1,-1
179,12,529.46,232.85,21.09,59.06,0.90,1,-1,-1
180,5,380.90,242.38,24.69,71.66,0.55,1,-1,-1
180,6,457.63,240.00,19.66,57.19,0.91,1,-1,-1
180,7,532.54,231.83,10.17,29.28,0.85,1,-1,-1
180,8,172.27,242.38,17.41,41.19,0.82,1,-1,-1
180,10,333.24,238.13,51.14,120.68,0.95,1,-1,-1
180,11,382.06,246.98,48.42,124.09,0.93,1,-1,-1
180,12,516.36,238.47,28.63,53.79,0.91,1,-1,-1
181,5,378.57,241.37,24.52,72.34,0.58,1,-1,-1
181,6,450.18,241.87,22.35,57.02,0.93,1,-1,-1
181,7,531.86,231.32,10.52,30.98,0.88,1,-1,-1
181,8,166.76,243.74,19.09,35.75,0.76,1,-1,-1
181,10,349.81,238.13,43.77,114.21,0.94,1,-1,-1
181,11,399.63,243.40,37.69,117.45,0.94,1,-1,-1
181,12,508.18,236.60,16.86,55.66,0.85,1,-1,-1
181,13,378.31,241.36,25.08,101.79,0.71,1,-1,-1
182,6,446.07,240.51,20.40,59.40,0.90,1,-1,-1
182,7,530.85,231.66,10.50,30.47,0.88,1,-1,-1
182,8,161.48,243.74,20.52,35.06,0.86,1,-1,-1
182,10,359.69,236.60,48.08,114.04,0.93,1,-1,-1
182,11,404.10,246.47,41.97,115.06,0.92,1,-1,-1
182,12,490.58,237.96,33.41,54.47,0.94,1,-1,-1
183,5,350.17,241.02,27.12,78.30,0.92,1,-1,-1
183,6,441.95,241.02,17.46,57.54,0.59,1,-1,-1
183,7,528.82,231.32,11.18,31.49,0.89,1,-1,-1
183,8,155.65,244.60,20.14,36.42,0.85,1,-1,-1
183,10,371.85,237.62,43.43,108.94,0.92,1,-1,-1
183,11,420.33,242.38,36.64,108.26,0.93,1,-1,-1
183,12,484.12,237.79,17.18,53.96,0.87,1,-1,-1
183,14,-0.14,262.81,50.48,235.57,0.72,1,-1,-1
184,5,335.29,241.02,36.54,79.49,0.94,1,-1,-1
184,7,528.13,231.15,11.20,32.68,0.88,1,-1,-1
184,8,153.71,244.94,13.94,36.42,0.50,1,-1,-1
184,10,381.01,234.89,37.99,105.53,0.95,1,-1,-1
184,11,428.14,244.26,35.93,105.70,0.94,1,-1,-1
184,12,464.84,238.81,33.04,53.11,0.93,1,-1,-1
184,14,0.49,227.42,61.49,269.60,0.62,1,-1,-1
184,15,432.20,242.21,10.17,22.13,0.72,1,-1,-1
185,5,329.49,242.38,37.29,80.34,0.94,1,-1,-1
185,6,424.78,242.04,21.98,61.11,0.87,1,-1,-1
185,7,527.80,231.83,11.18,31.83,0.88,1,-1,-1
185,8,150.42,246.13,13.65,35.91,0.82,1,-1,-1
185,10,386.80,237.62,41.32,102.47,0.94,1,-1,-1
185,11,435.23,243.91,31.92,101.11,0.90,1,-1,-1
185,12,462.48,238.64,22.50,53.28,0.86,1,-1,-1
185,14,0.58,216.51,92.40,278.13,0.86,1,-1,-1
185,16,622.71,240.51,17.29,58.55,0.84,1,-1,-1
186,5,316.26,240.85,35.61,82.55,0.95,1,-1,-1
186,7,527.79,231.15,10.86,32.17,0.88,1,-1,-1
186,8,146.35,244.26,16.02,34.89,0.76,1,-1,-1
186,10,399.35,236.77,42.33,98.55,0.91,1,-1,-1
186,11,441.36,243.40,31.52,97.70,0.93,1,-1,-1
186,14,2.46,224.16,124.13,270.13,0.86,1,-1,-1
186,16,617.27,237.79,17.66,60.77,0.67,1,-1,-1
187,5,303.07,242.38,41.32,84.60,0.94,1,-1,-1
187,7,527.12,231.83,11.18,32.34,0.89,1,-1,-1
187,8,141.15,244.60,15.41,37.27,0.73,1,-1,-1
187,10,406.76,236.94,36.99,97.19,0.94,1,-1,-1
187,11,445.15,244.43,38.86,93.62,0.92,1,-1,-1
187,12,435.84,237.11,17.83,52.77,0.58,1,-1,-1
187,14,46.47,227.57,85.20,245.62,0.87,1,-1,-1
187,16,601.43,238.64,31.04,59.91,0.92,1,-1,-1
188,5,297.78,240.51,34.44,86.98,0.96,1,-1,-1
188,6,397.97,243.23,24.73,65.36,0.87,1,-1,-1
188,7,526.11,231.83,11.84,32.17,0.89,1,-1,-1
188,10,411.55,236.77,36.91,90.72,0.91,1,-1,-1
188,11,455.58,241.87,32.91,91.74,0.95,1,-1,-1
188,14,76.49,233.70,113.02,237.11,0.90,1,-1,-1
188,16,600.25,237.96,24.59,61.45,0.89,1,-1,-1
189,5,280.71,242.55,42.48,86.64,0.94,1,-1,-1
189,6,388.81,243.40,24.42,66.72,0.91,1,-1,-1
189,7,525.09,231.32,12.19,32.17,0.88,1,-1,-1
189,10,415.90,236.43,34.63,90.89,0.89,1,-1,-1
189,11,459.67,244.60,33.21,89.02,0.94,1,-1,-1
189,12,411.41,237.62,18.20,58.20,0.59,1,-1,-1
189,14,103.94,230.30,93.21,228.60,0.89,1,-1,-1
189,16,590.12,236.77,20.78,62.81,0.90,1,-1,-1
190,5,272.52,243.06,40.21,88.68,0.93,1,-1,-1
190,6,369.88,243.06,34.48,68.09,0.93,1,-1,-1
190,7,524.40,232.17,12.21,33.02,0.88,1,-1,-1
190,10,424.74,239.15,32.89,87.83,0.93,1,-1,-1
190,11,467.11,242.38,29.52,85.28,0.93,1,-1,-1
190,12,402.39,236.43,19.30,56.00,0.91,1,-1,-1
190,14,140.84,232.00,83.58,212.94,0.95,1,-1,-1
190,16,576.67,238.98,31.75,60.26,0.93,1,-1,-1
191,5,257.78,241.19,38.16,92.26,0.94,1,-1,-1
191,6,361.70,244.77,36.25,68.43,0.93,1,-1,-1
191,7,523.72,231.49,12.21,33.87,0.88,1,-1,-1
191,10,433.56,236.94,32.88,85.11,0.95,1,-1,-1
191,11,471.51,243.40,27.48,84.43,0.92,1,-1,-1
191,12,388.53,238.13,27.00,54.47,0.92,1,-1,-1
191,14,147.86,235.91,101.57,209.36,0.95,1,-1,-1
191,16,575.32,237.45,18.51,62.64,0.87,1,-1,-1
191,17,124.32,246.13,11.53,20.43,0.80,1,-1,-1
192,5,245.82,244.59,42.25,89.70,0.90,1,-1,-1
192,6,353.18,242.55,25.50,70.81,0.95,1,-1,-1
192,7,522.71,232.68,12.20,33.36,0.88,1,-1,-1
192,10,437.98,237.96,34.89,83.23,0.94,1,-1,-1
192,11,477.31,242.55,29.78,79.49,0.92,1,-1,-1
192,12,378.60,237.79,22.47,52.94,0.90,1,-1,-1
192,14,191.13,233.87,71.30,188.94,0.87,1,-1,-1
192,16,557.00,239.66,29.04,59.23,0.93,1,-1,-1
192,17,119.85,247.32,10.55,18.04,0.69,1,-1,-1
193,6,337.67,244.09,34.50,73.02,0.93,1,-1,-1
193,7,521.02,232.51,12.54,33.53,0.90,1,-1,-1
193,10,442.37,237.96,33.57,81.53,0.93,1,-1,-1
193,11,477.98,242.38,33.53,79.32,0.94,1,-1,-1
193,12,362.42,237.79,27.02,53.96,0.90,1,-1,-1
193,14,214.34,236.94,81.50,183.83,0.91,1,-1,-1
193,16,553.54,239.32,27.15,59.23,0.91,1,-1,-1
193,17,115.74,245.96,11.24,20.42,0.80,1,-1,-1
194,5,203.74,242.72,50.15,99.06,0.93,1,-1,-1
194,6,324.88,243.06,29.73,74.72,0.93,1,-1,-1
194,7,519.65,232.00,12.56,35.40,0.90,1,-1,-1
194,10,448.80,237.28,29.52,78.98,0.93,1,-1,-1
194,11,482.05,243.40,34.21,74.21,0.94,1,-1,-1
194,12,353.55,237.79,24.43,53.28,0.93,1,-1,-1
194,14,232.15,236.60,68.74,178.38,0.93,1,-1,-1
194,16,543.66,237.79,20.15,61.28,0.91,1,-1,-1
194,17,112.37,246.81,10.71,19.67,0.25,1,-1,-1
195,5,194.36,241.53,40.95,100.60,0.93,1,-1,-1
195,6,314.30,245.11,33.78,73.70,0.89,1,-1,-1
195,7,518.98,233.02,12.54,35.06,0.90,1,-1,-1
195,8,106.14,244.94,13.22,21.79,0.72,1,-1,-1
195,10,453.57,239.83,30.15,76.26,0.93,1,-1,-1
195,11,493.47,242.04,23.22,74.21,0.92,1,-1,-1
195,12,343.33,236.94,19.78,53.96,0.90,1,-1,-1
195,14,260.37,235.23,59.76,170.55,0.86,1,-1,-1
195,16,529.55,238.64,33.43,60.60,0.94,1,-1,-1
195,17,109.25,246.47,9.73,20.26,0.72,1,-1,-1
196,5,177.12,242.04,43.04,101.62,0.95,1,-1,-1
196,7,517.97,232.17,12.54,34.72,0.88,1,-1,-1
196,10,462.04,238.47,30.50,74.04,0.95,1,-1,-1
196,11,494.59,243.74,25.06,72.17,0.93,1,-1,-1
196,12,332.63,237.96,26.26,52.43,0.89,1,-1,-1
196,14,259.92,238.64,80.67,167.15,0.94,1,-1,-1
196,16,527.62,238.81,22.38,59.92,0.88,1,-1,-1
196,17,106.11,246.98,10.23,20.09,0.85,1,-1,-1
197,5,161.62,242.38,47.01,104.17,0.94,1,-1,-1
197,8,99.62,245.28,12.78,21.79,0.61,1,-1,-1
197,10,466.78,238.81,30.50,72.85,0.93,1,-1,-1
197,11,502.40,243.06,26.73,69.28,0.91,1,-1,-1
197,14,288.55,236.94,65.10,157.28,0.91,1,-1,-1
197,16,520.55,239.32,18.89,59.74,0.82,1,-1,-1
197,17,101.95,247.83,9.91,19.41,0.75,1,-1,-1
198,5,142.61,240.34,42.50,106.89,0.95,1,-1,-1
198,6,271.36,244.94,38.30,80.17,0.91,1,-1,-1
198,8,98.52,244.43,9.82,22.98,0.81,1,-1,-1
198,10,472.53,238.81,27.14,69.96,0.93,1,-1,-1
198,11,502.40,244.26,31.14,67.40,0.93,1,-1,-1
198,12,306.36,238.64,22.03,50.38,0.78,1,-1,-1
198,14,313.88,237.11,58.33,150.30,0.94,1,-1,-1
199,5,120.20,243.74,57.73,105.87,0.96,1,-1,-1
199,6,255.24,243.40,34.44,81.36,0.95,1,-1,-1
199,8,93.02,244.43,13.46,23.66,0.75,1,-1,-1
199,10,478.65,238.30,27.12,69.62,0.91,1,-1,-1
199,11,509.44,242.89,24.86,65.02,0.90,1,-1,-1
199,12,300.52,236.94,15.90,52.59,0.86,1,-1,-1
199,14,323.58,241.02,61.49,142.30,0.95,1,-1,-1
199,16,499.45,237.96,15.01,58.04,0.65,1,-1,-1
199,18,514.24,232.68,12.88,21.45,0.74,1,-1,-1
200,5,102.13,241.02,43.88,108.60,0.93,1,-1,-1
200,6,235.45,245.79,49.26,81.87,0.96,1,-1,-1
200,7,513.28,233.36,13.10,30.47,0.68,1,-1,-1
200,8,91.71,245.28,10.90,27.23,0.73,1,-1,-1
200,10,483.06,239.32,27.10,67.06,0.92,1,-1,-1
200,11,515.56,242.89,21.77,65.19,0.90,1,-1,-1
200,12,286.48,238.98,26.54,49.53,0.95,1,-1,-1
200,14,351.16,236.94,47.84,137.53,0.96,1,-1,-1
201,5,78.75,244.43,56.48,109.28,0.96,1,-1,-1
201,6,221.80,244.26,35.22,84.77,0.94,1,-1,-1
201,7,512.83,232.51,13.99,37.61,0.84,1,-1,-1
201,10,490.82,237.96,26.16,66.89,0.82,1,-1,-1
201,11,521.03,242.72,22.68,62.13,0.92,1,-1,-1
201,12,280.01,237.79,16.26,50.04,0.88,1,-1,-1
201,14,351.22,242.04,65.03,131.06,0.96,1,-1,-1
201,16,478.82,240.34,18.62,58.72,0.68,1,-1,-1
202,5,63.47,242.72,45.43,111.66,0.92,1,-1,-1
202,6,204.27,245.79,44.34,86.13,0.94,1,-1,-1
202,7,511.56,233.87,14.84,37.96,0.78,1,-1,-1
202,10,493.91,239.32,26.42,64.68,0.91,1,-1,-1
202,11,524.75,241.36,23.38,62.81,0.93,1,-1,-1
202,12,264.78,237.96,26.03,49.70,0.94,1,-1,-1
202,14,367.44,241.87,57.65,125.45,0.95,1,-1,-1
202,16,462.44,239.49,26.30,58.21,0.90,1,-1,-1
202,17,85.60,245.28,9.99,18.72,0.75,1,-1,-1
203,5,33.80,244.77,60.56,109.96,0.95,1,-1,-1
203,6,184.73,246.30,38.00,87.15,0.95,1,-1,-1
203,8,78.80,244.43,13.25,27.92,0.69,1,-1,-1
203,10,497.62,238.47,24.42,62.98,0.92,1,-1,-1
203,11,524.76,242.55,25.06,61.11,0.92,1,-1,-1
203,12,259.44,238.30,19.76,48.34,0.91,1,-1,-1
203,14,393.54,240.85,47.15,118.98,0.96,1,-1,-1
203,16,455.92,240.85,24.43,56.68,0.91,1,-1,-1
203,18,512.75,233.02,11.79,27.57,0.65,1,-1,-1
204,5,22.75,245.11,54.74,111.66,0.94,1,-1,-1
204,6,165.87,246.30,46.65,87.83,0.95,1,-1,-1
204,8,76.71,243.75,12.88,22.15,0.57,1,-1,-1
204,10,500.68,239.66,24.06,60.94,0.93,1,-1,-1
204,11,530.48,241.36,20.39,59.74,0.92,1,-1,-1
204,12,251.99,237.96,16.69,48.85,0.89,1,-1,-1
204,14,398.64,242.21,45.10,117.28,0.93,1,-1,-1
204,16,448.72,237.79,19.51,59.40,0.88,1,-1,-1
205,5,5.06,243.92,43.06,114.21,0.93,1,-1,-1
205,6,152.56,248.00,51.82,88.17,0.94,1,-1,-1
205,8,73.55,243.40,11.38,22.64,0.75,1,-1,-1
205,10,504.75,240.85,23.38,58.38,0.91,1,-1,-1
205,11,533.89,242.72,18.66,58.04,0.92,1,-1,-1
205,12,241.75,238.64,23.62,47.49,0.92,1,-1,-1
205,14,415.23,237.96,37.00,112.68,0.94,1,-1,-1
205,16,441.79,239.66,23.53,58.04,0.86,1,-1,-1
206,5,-0.11,246.81,41.94,113.36,0.93,1,-1,-1
206,6,134.26,245.45,40.03,92.60,0.94,1,-1,-1
206,8,71.33,244.42,14.07,21.96,0.72,1,-1,-1
206,10,508.13,238.64,23.40,59.91,0.91,1,-1,-1
206,11,537.31,241.70,20.98,57.02,0.92,1,-1,-1
206,12,235.93,237.28,13.74,47.66,0.87,1,-1,-1
206,14,410.89,240.85,50.76,108.43,0.95,1,-1,-1
207,6,115.88,248.00,52.99,93.62,0.95,1,-1,-1
207,7,506.58,235.23,11.59,41.70,0.56,1,-1,-1
207,8,68.64,242.89,14.59,22.98,0.81,1,-1,-1
207,10,509.16,239.66,23.05,58.55,0.90,1,-1,-1
207,11,535.95,242.38,23.02,56.00,0.93,1,-1,-1
207,12,221.93,238.30,25.98,47.15,0.93,1,-1,-1
207,14,418.31,239.83,47.12,100.26,0.91,1,-1,-1
207,16,417.61,237.79,23.43,60.77,0.83,1,-1,-1
207,19,-0.05,244.43,9.18,116.77,0.75,1,-1,-1
208,6,97.42,246.13,40.75,96.85,0.95,1,-1,-1
208,7,505.11,235.23,13.16,40.85,0.86,1,-1,-1
208,8,66.46,243.74,14.59,22.13,0.84,1,-1,-1
208,10,512.52,238.30,21.06,57.53,0.89,1,-1,-1
208,11,536.95,242.89,22.03,53.45,0.92,1,-1,-1
208,12,219.72,237.45,16.49,47.83,0.90,1,-1,-1
208,14,435.88,239.15,33.33,99.74,0.94,1,-1,-1
208,16,406.83,239.15,30.07,57.36,0.92,1,-1,-1
208,20,632.88,229.96,7.46,35.74,0.75,1,-1,-1
209,6,76.32,247.49,55.58,97.53,0.95,1,-1,-1
209,7,503.74,235.57,14.54,41.87,0.88,1,-1,-1
209,8,63.34,243.06,14.97,23.15,0.88,1,-1,-1
209,10,515.59,238.81,20.68,56.51,0.92,1,-1,-1
209,11,541.33,242.04,18.70,53.45,0.91,1,-1,-1
209,12,211.70,238.30,16.27,46.64,0.89,1,-1,-1
209,14,441.36,241.70,32.87,96.00,0.93,1,-1,-1
209,16,402.92,237.62,17.88,58.21,0.90,1,-1,-1
209,20,630.54,230.81,9.43,36.77,0.82,1,-1,-1
210,6,61.36,243.92,53.26,102.98,0.92,1,-1,-1
210,7,503.05,236.43,14.58,42.55,0.88,1,-1,-1
210,8,61.57,243.40,15.32,23.15,0.41,1,-1,-1
210,10,518.31,238.98,20.67,54.47,0.92,1,-1,-1
210,11,543.72,243.23,17.30,51.23,0.91,1,-1,-1
210,12,206.64,239.83,18.41,43.57,0.90,1,-1,-1
210,14,448.48,238.98,32.20,92.94,0.94,1,-1,-1
210,16,385.48,238.30,30.73,57.87,0.94,1,-1,-1
210,20,628.18,229.96,11.78,38.64,0.85,1,-1,-1
211,6,46.68,246.64,42.27,101.11,0.93,1,-1,-1
211,7,502.37,235.57,14.92,44.08,0.89,1,-1,-1
211,8,59.57,243.91,13.07,14.49,0.65,1,-1,-1
211,10,520.00,237.28,21.35,55.32,0.92,1,-1,-1
211,11,545.10,241.19,19.63,51.23,0.93,1,-1,-1
211,12,202.12,238.13,12.88,43.57,0.88,1,-1,-1
211,14,453.56,240.34,32.53,91.06,0.94,1,-1,-1
211,16,382.03,238.98,29.17,57.53,0.93,1,-1,-1
211,20,625.45,229.96,14.19,40.34,0.89,1,-1,-1
212,6,25.70,248.85,56.55,101.45,0.95,1,-1,-1
212,7,500.02,236.60,15.90,44.09,0.88,1,-1,-1
212,8,56.45,243.57,14.38,22.98,0.86,1,-1,-1
212,10,521.69,238.13,20.01,53.96,0.91,1,-1,-1
212,11,543.73,241.53,19.32,50.38,0.91,1,-1,-1
212,12,191.92,239.15,20.39,44.08,0.92,1,-1,-1
212,14,458.65,241.02,32.52,83.40,0.95,1,-1,-1
212,16,377.47,237.79,17.60,57.19,0.89,1,-1,-1
212,20,622.41,230.30,16.20,40.85,0.87,1,-1,-1
213,6,4.81,245.79,41.13,104.17,0.93,1,-1,-1
213,7,497.62,235.92,16.28,46.13,0.89,1,-1,-1
213,8,54.56,244.08,13.29,22.13,0.86,1,-1,-1
213,10,523.73,236.26,19.66,52.94,0.91,1,-1,-1
213,11,545.42,240.34,17.64,48.51,0.92,1,-1,-1
213,12,188.24,239.49,15.38,44.08,0.89,1,-1,-1
213,14,463.70,238.47,28.19,85.45,0.93,1,-1,-1
213,16,362.41,239.15,28.06,56.34,0.94,1,-1,-1
213,20,619.65,229.45,14.94,39.66,0.88,1,-1,-1
214,6,0.00,252.94,43.58,98.38,0.95,1,-1,-1
214,7,496.27,236.43,15.61,45.96,0.91,1,-1,-1
214,8,51.36,243.40,13.90,23.15,0.88,1,-1,-1
214,10,526.10,236.77,19.66,52.09,0.91,1,-1,-1
214,11,548.46,240.34,16.29,48.51,0.91,1,-1,-1
214,12,182.55,240.34,15.41,42.89,0.89,1,-1,-1
214,14,468.48,240.51,27.45,82.21,0.92,1,-1,-1
214,16,360.12,237.79,16.36,56.51,0.87,1,-1,-1
214,20,616.61,230.47,14.92,40.85,0.90,1,-1,-1
215,7,495.56,236.77,15.66,49.70,0.84,1,-1,-1
215,8,49.40,243.74,13.53,22.98,0.87,1,-1,-1
215,10,528.47,236.94,18.32,50.55,0.91,1,-1,-1
215,11,549.84,240.34,16.93,46.30,0.92,1,-1,-1
215,12,177.12,241.87,14.91,41.19,0.86,1,-1,-1
215,14,475.95,238.30,28.43,80.51,0.89,1,-1,-1
215,16,342.10,238.64,29.35,55.83,0.93,1,-1,-1
215,19,0.01,250.21,14.99,100.77,0.84,1,-1,-1
215,20,613.23,229.62,16.25,42.55,0.89,1,-1,-1
216,7,496.12,236.09,14.20,47.67,0.59,1,-1,-1
216,8,47.06,243.40,13.13,23.49,0.85,1,-1,-1
216,10,530.16,236.09,16.64,49.87,0.91,1,-1,-1
216,11,549.49,239.49,16.62,46.64,0.92,1,-1,-1
216,12,170.32,241.36,14.28,41.87,0.86,1,-1,-1
216,14,481.36,240.17,27.79,78.13,0.92,1,-1,-1
216,16,338.63,238.98,26.47,55.32,0.93,1,-1,-1
216,20,610.86,230.47,17.60,42.04,0.90,1,-1,-1
217,8,44.81,243.91,13.14,22.30,0.84,1,-1,-1
217,10,530.17,236.60,16.60,48.68,0.90,1,-1,-1
217,11,548.48,239.83,16.26,44.60,0.90,1,-1,-1
217,12,162.19,242.21,20.28,41.36,0.90,1,-1,-1
217,14,486.77,239.49,26.11,75.23,0.91,1,-1,-1
217,16,335.79,237.96,16.55,56.00,0.89,1,-1,-1
217,20,608.80,230.47,17.65,44.26,0.90,1,-1,-1
218,7,488.11,237.62,11.93,45.28,0.79,1,-1,-1
218,8,42.19,242.55,13.38,24.34,0.88,1,-1,-1
218,10,530.18,235.40,17.27,48.17,0.91,1,-1,-1
218,11,549.15,238.64,16.27,44.77,0.92,1,-1,-1
218,12,157.75,240.85,11.54,42.04,0.83,1,-1,-1
218,14,492.53,238.47,24.43,75.74,0.93,1,-1,-1
218,16,321.42,239.15,25.98,54.47,0.93,1,-1,-1
218,20,605.42,230.30,17.30,44.09,0.89,1,-1,-1
219,7,485.47,237.96,15.85,49.36,0.88,1,-1,-1
219,8,40.55,242.72,13.18,24.00,0.88,1,-1,-1
219,10,530.86,236.43,18.61,46.47,0.92,1,-1,-1
219,11,550.51,238.98,15.93,43.74,0.92,1,-1,-1
219,12,151.25,242.55,16.39,40.17,0.89,1,-1,-1
219,14,495.94,240.68,24.39,72.68,0.92,1,-1,-1
219,16,319.37,238.47,17.02,54.81,0.89,1,-1,-1
219,20,602.45,228.09,20.19,46.64,0.81,1,-1,-1
220,7,482.71,239.66,16.61,51.06,0.90,1,-1,-1
220,8,38.44,242.21,12.80,24.34,0.86,1,-1,-1
220,10,532.20,236.26,17.98,45.96,0.90,1,-1,-1
220,11,551.53,238.30,15.93,43.74,0.91,1,-1,-1
220,12,147.11,241.36,11.63,39.49,0.86,1,-1,-1
220,14,502.72,239.32,25.06,70.64,0.92,1,-1,-1
220,16,304.97,238.98,24.98,53.79,0.92,1,-1,-1
220,20,600.31,230.64,17.69,43.07,0.83,1,-1,-1
221,7,478.65,239.32,16.95,51.91,0.91,1,-1,-1
221,8,36.58,242.72,13.32,23.83,0.86,1,-1,-1
221,10,532.54,235.57,17.30,45.11,0.90,1,-1,-1
221,11,550.16,238.30,14.93,42.55,0.91,1,-1,-1
221,12,141.67,241.87,14.46,39.83,0.86,1,-1,-1
221,14,507.10,240.85,22.08,68.26,0.90,1,-1,-1
221,16,299.51,241.02,26.74,50.89,0.92,1,-1,-1
221,20,597.34,231.15,20.92,45.62,0.85,1,-1,-1
222,7,472.57,241.02,19.61,51.57,0.91,1,-1,-1
222,8,34.77,243.57,12.82,22.98,0.81,1,-1,-1
222,10,532.21,235.91,16.94,43.74,0.89,1,-1,-1
222,11,549.50,238.81,14.57,40.68,0.89,1,-1,-1
222,12,136.43,241.19,11.12,25.42,0.54,1,-1,-1
222,14,508.48,240.34,22.02,65.70,0.91,1,-1,-1
222,16,297.96,241.70,12.56,50.21,0.85,1,-1,-1
222,20,593.71,234.55,16.66,42.39,0.75,1,-1,-1
223,7,469.47,240.17,17.67,53.79,0.92,1,-1,-1
223,8,32.18,243.23,12.51,23.66,0.81,1,-1,-1
223,10,532.20,234.89,16.62,43.57,0.90,1,-1,-1
223,11,550.17,237.28,14.58,41.70,0.91,1,-1,-1
223,12,131.02,240.68,11.10,25.53,0.85,1,-1,-1
223,14,509.83,239.49,21.70,65.53,0.91,1,-1,-1
223,16,284.03,241.53,24.14,50.21,0.90,1,-1,-1
223,20,589.21,235.40,18.87,42.38,0.84,1,-1,-1
223,21,600.34,230.64,12.88,43.74,0.81,1,-1,-1
223,22,609.15,246.81,30.51,89.02,0.79,1,-1,-1
224,7,465.08,240.68,17.29,53.62,0.91,1,-1,-1
224,8,31.05,243.74,10.96,23.15,0.78,1,-1,-1
224,10,532.56,235.74,17.60,43.06,0.89,1,-1,-1
224,11,551.20,237.96,15.22,39.83,0.89,1,-1,-1
224,12,126.29,241.53,11.23,24.68,0.82,1,-1,-1
224,14,511.50,241.02,18.69,63.32,0.90,1,-1,-1
224,16,283.15,242.55,16.58,48.17,0.90,1,-1,-1
224,21,598.20,231.15,12.76,22.64,0.74,1,-1,-1
224,22,566.30,246.47,54.85,91.57,0.88,1,-1,-1
225,7,460.33,240.17,16.97,55.83,0.90,1,-1,-1
225,8,28.79,243.91,11.77,20.94,0.81,1,-1,-1
225,10,533.83,235.06,15.06,40.00,0.78,1,-1,-1
225,12,121.35,240.17,11.62,26.04,0.85,1,-1,-1
225,14,513.24,238.81,20.31,63.15,0.91,1,-1,-1
225,16,270.20,240.85,21.12,49.53,0.92,1,-1,-1
225,20,581.98,235.74,16.37,44.43,0.84,1,-1,-1
225,21,594.38,229.79,14.98,46.30,0.86,1,-1,-1
225,22,530.50,248.68,54.61,92.94,0.88,1,-1,-1
226,7,450.21,240.51,22.64,56.17,0.92,1,-1,-1
226,8,27.58,243.91,11.49,22.47,0.81,1,-1,-1
226,10,533.89,234.72,14.93,42.04,0.90,1,-1,-1
226,11,551.18,236.77,13.58,39.66,0.89,1,-1,-1
226,12,116.29,241.02,11.67,25.19,0.82,1,-1,-1
226,16,264.10,241.87,24.51,48.51,0.91,1,-1,-1
226,20,575.96,235.57,18.93,44.60,0.90,1,-1,-1
226,21,592.22,230.98,16.24,45.62,0.90,1,-1,-1
226,22,479.76,243.24,63.88,101.44,0.86,1,-1,-1
227,7,447.59,240.17,20.08,53.46,0.65,1,-1,-1
227,8,26.22,243.91,10.89,21.96,0.81,1,-1,-1
227,10,533.22,234.38,14.92,42.04,0.89,1,-1,-1
227,11,550.51,236.60,13.23,39.32,0.90,1,-1,-1
227,12,112.26,240.17,10.82,26.38,0.86,1,-1,-1
227,14,511.87,240.17,19.65,58.55,0.90,1,-1,-1
227,16,261.23,240.85,16.52,49.36,0.82,1,-1,-1
227,20,571.54,236.09,21.66,45.28,0.92,1,-1,-1
227,21,589.48,230.81,15.29,46.98,0.90,1,-1,-1
227,22,444.84,245.79,63.55,95.66,0.84,1,-1,-1
228,7,442.49,238.30,18.76,37.29,0.84,1,-1,-1
228,8,24.68,243.57,11.11,21.11,0.83,1,-1,-1
228,10,532.89,233.02,15.91,41.70,0.91,1,-1,-1
228,11,550.85,235.74,14.22,39.83,0.91,1,-1,-1
228,12,108.38,240.85,10.44,26.04,0.84,1,-1,-1
228,14,511.18,239.32,19.33,59.06,0.92,1,-1,-1
228,16,252.23,238.81,19.95,51.23,0.90,1,-1,-1
228,20,566.73,235.06,18.07,45.96,0.89,1,-1,-1
228,21,582.06,230.30,17.92,48.00,0.90,1,-1,-1
228,22,392.89,245.28,70.84,106.04,0.93,1,-1,-1
229,7,435.86,240.34,18.80,59.40,0.92,1,-1,-1
229,8,22.56,243.40,11.33,22.47,0.87,1,-1,-1
229,10,533.57,233.70,16.25,39.83,0.90,1,-1,-1
229,11,551.20,236.60,14.22,38.30,0.87,1,-1,-1
229,12,103.57,240.85,10.83,26.21,0.86,1,-1,-1
229,14,511.52,241.02,18.31,56.51,0.91,1,-1,-1
229,16,248.94,240.00,16.19,48.51,0.88,1,-1,-1
229,20,562.70,235.91,17.65,46.81,0.87,1,-1,-1
229,21,579.33,230.81,18.30,47.66,0.91,1,-1,-1
229,22,336.95,245.11,74.58,112.00,0.95,1,-1,-1
230,7,430.51,240.00,18.99,60.60,0.91,1,-1,-1
230,8,21.07,243.06,11.40,22.13,0.81,1,-1,-1
230,10,534.56,233.02,15.28,40.17,0.90,1,-1,-1
230,11,550.76,235.40,11.69,38.47,0.83,1,-1,-1
230,12,100.57,240.34,10.04,27.06,0.87,1,-1,-1
230,14,510.86,238.98,19.64,57.02,0.91,1,-1,-1
230,16,243.02,238.47,15.48,50.04,0.86,1,-1,-1
230,20,559.97,235.40,16.33,47.32,0.87,1,-1,-1
230,21,577.26,230.30,15.98,48.68,0.91,1,-1,-1
230,22,291.36,244.60,75.08,112.17,0.94,1,-1,-1
231,7,415.32,239.66,28.35,62.13,0.92,1,-1,-1
231,8,19.82,243.57,10.43,22.13,0.82,1,-1,-1
231,10,534.90,233.02,13.93,39.83,0.88,1,-1,-1
231,11,548.77,235.91,10.60,37.11,0.75,1,-1,-1
231,12,95.04,241.19,11.10,33.87,0.84,1,-1,-1
231,14,509.46,240.34,16.67,54.64,0.89,1,-1,-1
231,16,233.79,239.49,20.72,47.49,0.81,1,-1,-1
231,20,554.93,237.28,17.25,46.30,0.89,1,-1,-1
231,21,573.24,231.49,18.26,48.34,0.90,1,-1,-1
231,22,233.38,243.74,73.76,114.38,0.93,1,-1,-1
232,7,411.85,240.51,26.13,62.98,0.93,1,-1,-1
232,8,17.40,243.06,11.30,22.13,0.82,1,-1,-1
232,10,533.90,232.00,13.90,40.00,0.90,1,-1,-1
232,11,548.28,235.24,11.57,36.77,0.63,1,-1,-1
232,12,91.23,240.17,10.26,34.55,0.80,1,-1,-1
232,14,508.15,239.83,17.27,53.11,0.91,1,-1,-1
232,20,552.15,237.62,15.69,46.13,0.83,1,-1,-1
232,21,569.81,230.98,16.99,50.04,0.90,1,-1,-1
232,22,184.76,243.91,72.17,108.09,0.92,1,-1,-1
233,7,408.43,239.66,20.76,64.85,0.92,1,-1,-1
233,8,15.60,244.08,11.63,20.60,0.76,1,-1,-1
233,10,533.56,232.00,13.89,38.81,0.90,1,-1,-1
233,12,87.83,241.70,11.46,33.19,0.86,1,-1,-1
233,14,507.80,239.49,17.95,52.60,0.91,1,-1,-1
233,16,225.89,238.98,16.19,48.17,0.87,1,-1,-1
233,20,547.81,234.72,17.59,49.53,0.85,1,-1,-1
233,21,562.74,230.98,19.94,51.07,0.90,1,-1,-1
233,22,140.69,244.26,71.50,102.64,0.94,1,-1,-1
234,7,401.70,240.85,21.34,64.34,0.91,1,-1,-1
234,8,14.26,243.41,12.07,21.79,0.77,1,-1,-1
234,10,533.58,232.51,14.54,37.79,0.87,1,-1,-1
234,12,85.30,241.02,9.81,30.81,0.81,1,-1,-1
234,14,507.79,240.34,16.29,51.57,0.91,1,-1,-1
234,16,222.39,240.00,16.75,47.32,0.88,1,-1,-1
234,20,546.07,235.57,16.34,51.06,0.87,1,-1,-1
234,21,561.34,231.66,19.01,51.58,0.90,1,-1,-1
234,22,100.28,243.91,70.96,109.45,0.90,1,-1,-1
235,7,396.59,240.00,20.04,66.04,0.90,1,-1,-1
235,8,12.75,243.40,11.41,22.30,0.73,1,-1,-1
235,10,533.85,231.83,12.63,37.28,0.84,1,-1,-1
235,14,507.80,238.30,16.27,50.55,0.91,1,-1,-1
235,16,217.44,239.15,15.45,46.64,0.88,1,-1,-1
235,20,542.72,237.28,15.92,48.85,0.86,1,-1,-1
235,21,558.60,230.64,16.69,52.77,0.89,1,-1,-1
235,22,56.32,247.15,69.77,106.55,0.88,1,-1,-1
236,7,382.76,239.66,28.71,67.74,0.93,1,-1,-1
236,10,534.37,232.34,11.94,20.15,0.54,1,-1,-1
236,12,76.62,241.53,8.33,24.34,0.81,1,-1,-1
236,14,507.80,238.64,16.26,49.36,0.91,1,-1,-1
236,16,207.01,239.66,21.91,46.30,0.91,1,-1,-1
236,20,534.72,238.13,23.10,49.70,0.86,1,-1,-1
236,21,553.60,231.66,19.91,51.92,0.89,1,-1,-1
236,22,9.01,247.49,65.29,103.15,0.92,1,-1,-1
237,7,377.28,240.68,28.14,68.09,0.93,1,-1,-1
237,10,536.04,231.66,10.97,16.17,0.70,1,-1,-1
237,12,72.58,241.36,9.92,24.68,0.77,1,-1,-1
237,14,507.80,238.13,15.60,47.83,0.92,1,-1,-1
237,16,206.05,238.81,17.74,47.15,0.90,1,-1,-1
237,20,529.35,238.81,18.26,49.19,0.83,1,-1,-1
237,21,547.10,231.32,19.37,53.62,0.86,1,-1,-1
237,22,-0.26,254.47,30.05,100.94,0.91,1,-1,-1
237,23,625.42,242.72,14.24,70.81,0.85,1,-1,-1
238,7,372.15,239.15,22.13,70.64,0.92,1,-1,-1
238,8,9.23,244.42,11.15,18.90,0.62,1,-1,-1
238,10,533.25,231.32,14.86,36.56,0.63,1,-1,-1
238,12,69.01,242.55,9.38,23.83,0.77,1,-1,-1
238,14,508.13,237.45,15.60,48.17,0.89,1,-1,-1
238,16,201.78,238.81,13.22,46.64,0.87,1,-1,-1
238,20,522.42,238.98,21.94,50.21,0.88,1,-1,-1
238,21,541.37,232.17,19.98,53.11,0.89,1,-1,-1
238,23,600.38,243.40,39.24,70.64,0.95,1,-1,-1
239,7,362.73,240.34,25.06,71.15,0.93,1,-1,-1
239,11,549.50,234.72,10.83,30.98,0.81,1,-1,-1
239,12,66.52,242.04,10.85,24.00,0.83,1,-1,-1
239,14,509.71,239.49,12.77,45.45,0.77,1,-1,-1
239,16,194.81,240.68,18.00,44.94,0.89,1,-1,-1
239,20,518.21,240.00,17.49,50.21,0.86,1,-1,-1
239,21,535.11,239.66,24.35,46.30,0.84,1,-1,-1
239,23,597.54,242.21,29.66,72.00,0.92,1,-1,-1
240,7,356.26,238.98,24.43,73.87,0.91,1,-1,-1
240,10,536.86,231.15,11.03,33.54,0.74,1,-1,-1
240,11,547.79,233.70,11.21,33.70,0.86,1,-1,-1
240,12,62.12,243.06,10.51,23.32,0.85,1,-1,-1
240,16,191.46,239.83,13.85,44.77,0.88,1,-1,-1
240,20,503.64,239.49,25.95,51.06,0.83,1,-1,-1
240,21,526.77,234.22,19.02,52.42,0.80,1,-1,-1
240,23,577.99,242.04,34.52,72.00,0.93,1,-1,-1
241,7,340.21,239.66,33.98,73.70,0.94,1,-1,-1
241,10,535.61,231.49,12.50,34.38,0.87,1,-1,-1
241,11,547.12,234.04,10.84,32.17,0.84,1,-1,-1
241,12,59.01,241.87,9.10,24.68,0.83,1,-1,-1
241,16,182.76,241.02,18.21,43.91,0.90,1,-1,-1
241,20,498.31,240.00,26.43,51.40,0.90,1,-1,-1
241,21,520.50,240.34,22.39,46.98,0.83,1,-1,-1
241,23,566.80,244.09,40.64,70.30,0.95,1,-1,-1
242,7,336.26,240.68,32.22,74.89,0.94,1,-1,-1
242,10,534.92,231.15,12.88,35.06,0.89,1,-1,-1
242,11,547.12,233.87,10.85,32.51,0.83,1,-1,-1
242,12,56.76,241.53,8.89,25.02,0.79,1,-1,-1
242,16,182.19,241.36,16.31,43.23,0.90,1,-1,-1
242,20,490.79,239.32,22.84,52.43,0.88,1,-1,-1
242,21,510.79,234.22,23.16,54.13,0.86,1,-1,-1
242,23,561.58,242.21,28.36,71.66,0.91,1,-1,-1
243,7,331.49,239.66,25.16,77.11,0.93,1,-1,-1
243,10,535.25,231.15,11.88,33.87,0.88,1,-1,-1
243,11,547.85,233.36,11.41,30.98,0.77,1,-1,-1
243,12,53.23,242.55,8.84,24.17,0.81,1,-1,-1
243,14,517.30,235.40,13.20,43.74,0.82,1,-1,-1
243,16,178.59,240.17,12.65,44.25,0.89,1,-1,-1
243,20,483.09,240.85,26.37,52.77,0.90,1,-1,-1
243,21,500.68,235.06,23.05,53.62,0.87,1,-1,-1
243,23,539.03,245.62,39.57,68.94,0.94,1,-1,-1
244,7,320.35,240.85,27.11,78.47,0.94,1,-1,-1
244,10,535.61,231.66,11.82,31.83,0.83,1,-1,-1
244,11,548.18,233.70,11.43,25.70,0.85,1,-1,-1
244,12,51.37,241.70,8.53,25.53,0.83,1,-1,-1
244,14,518.32,236.60,13.87,42.72,0.89,1,-1,-1
244,16,174.42,241.36,13.35,43.06,0.87,1,-1,-1
244,20,474.18,240.68,21.13,52.43,0.90,1,-1,-1
244,21,490.21,235.57,27.71,53.28,0.91,1,-1,-1
244,23,534.20,246.47,32.28,69.45,0.93,1,-1,-1
245,7,312.19,240.34,26.63,81.02,0.91,1,-1,-1
245,10,535.96,230.98,11.80,27.24,0.87,1,-1,-1
245,11,548.07,233.19,11.31,32.00,0.86,1,-1,-1
245,12,47.70,242.38,10.57,25.02,0.88,1,-1,-1
245,14,521.02,235.24,13.20,40.17,0.77,1,-1,-1
245,16,170.34,241.36,11.87,38.47,0.86,1,-1,-1
245,20,462.76,241.53,29.40,52.43,0.93,1,-1,-1
245,21,477.60,234.72,26.17,54.47,0.88,1,-1,-1
245,23,516.59,245.79,29.87,69.96,0.91,1,-1,-1
246,7,291.39,241.02,38.91,80.34,0.95,1,-1,-1
246,10,535.54,231.15,11.96,32.85,0.86,1,-1,-1
246,11,547.79,233.87,10.52,30.13,0.84,1,-1,-1
246,12,45.14,241.70,8.20,24.51,0.82,1,-1,-1
246,14,522.15,235.74,14.00,28.09,0.84,1,-1,-1
246,16,162.51,241.87,16.25,42.21,0.88,1,-1,-1
246,20,452.74,240.17,23.68,53.79,0.86,1,-1,-1
246,21,466.81,236.42,28.07,53.45,0.89,1,-1,-1
246,23,500.38,243.57,42.63,71.83,0.94,1,-1,-1
247,7,287.62,241.02,36.80,81.70,0.94,1,-1,-1
247,10,534.92,230.47,12.20,33.02,0.87,1,-1,-1
247,11,547.14,233.19,11.48,30.47,0.85,1,-1,-1
247,12,42.93,242.38,8.35,23.15,0.77,1,-1,-1
247,14,523.25,235.57,14.17,40.85,0.86,1,-1,-1
247,16,160.93,241.53,16.36,42.55,0.86,1,-1,-1
247,20,442.40,240.68,28.43,53.96,0.93,1,-1,-1
247,21,456.55,235.23,26.56,56.34,0.87,1,-1,-1
247,23,494.98,241.36,24.95,73.87,0.89,1,-1,-1
248,7,280.29,239.66,28.75,84.60,0.93,1,-1,-1
248,10,535.25,230.98,11.87,32.34,0.87,1,-1,-1
248,11,548.81,233.36,10.86,29.62,0.87,1,-1,-1
248,12,40.32,242.04,8.07,20.09,0.77,1,-1,-1
248,14,525.05,234.55,12.62,41.19,0.86,1,-1,-1
248,16,157.44,241.02,12.15,42.72,0.80,1,-1,-1
248,20,431.38,241.02,24.04,53.62,0.82,1,-1,-1
248,21,445.79,235.06,27.75,55.66,0.88,1,-1,-1
248,23,469.88,243.57,41.94,71.66,0.95,1,-1,-1
249,7,264.76,241.53,34.72,85.62,0.96,1,-1,-1
249,10,536.26,230.98,11.54,32.17,0.85,1,-1,-1
249,11,548.82,233.02,11.18,30.13,0.87,1,-1,-1
249,12,38.46,241.87,7.89,21.27,0.77,1,-1,-1
249,14,527.11,235.06,11.88,39.66,0.85,1,-1,-1
249,16,154.09,243.74,12.50,39.49,0.87,1,-1,-1
249,20,420.09,241.36,31.68,53.45,0.89,1,-1,-1
249,21,434.51,233.70,25.57,57.19,0.85,1,-1,-1
249,23,463.69,243.57,35.33,71.66,0.93,1,-1,-1
250,7,258.62,239.66,30.39,88.17,0.94,1,-1,-1
250,10,537.28,230.64,11.20,32.17,0.85,1,-1,-1
250,11,548.46,233.19,10.21,29.79,0.86,1,-1,-1
250,12,34.06,242.38,9.71,21.11,0.61,1,-1,-1
250,14,527.50,234.55,14.14,39.83,0.86,1,-1,-1
250,16,151.08,241.70,12.16,40.68,0.84,1,-1,-1
250,20,410.43,241.02,26.26,53.62,0.89,1,-1,-1
250,21,423.75,234.55,27.07,56.17,0.89,1,-1,-1
250,23,454.85,242.21,27.93,72.68,0.91,1,-1,-1
251,7,234.95,240.51,43.16,88.00,0.95,1,-1,-1
251,10,536.64,230.30,11.80,32.17,0.78,1,-1,-1
251,11,547.81,233.19,10.82,29.96,0.84,1,-1,-1
251,12,33.22,241.53,7.91,17.03,0.64,1,-1,-1
251,14,526.81,234.89,15.86,39.15,0.87,1,-1,-1
251,16,145.78,242.21,13.52,40.17,0.89,1,-1,-1
251,20,398.69,240.85,30.42,52.94,0.91,1,-1,-1
251,21,412.24,235.57,27.39,56.00,0.73,1,-1,-1
251,23,434.62,244.26,42.28,70.47,0.95,1,-1,-1
251,24,0.07,245.11,8.52,26.21,0.74,1,-1,-1
252,7,225.10,242.04,48.45,88.51,0.95,1,-1,-1
252,10,536.03,228.94,12.35,28.09,0.79,1,-1,-1
252,11,548.14,232.51,10.83,29.28,0.84,1,-1,-1
252,12,31.16,242.21,7.56,18.88,0.50,1,-1,-1
252,14,527.46,235.23,15.58,37.79,0.86,1,-1,-1
252,16,143.26,243.06,14.57,36.77,0.86,1,-1,-1
252,20,390.08,241.19,26.28,53.96,0.87,1,-1,-1
252,21,401.02,234.89,28.47,57.70,0.89,1,-1,-1
252,23,429.72,242.04,29.03,72.00,0.92,1,-1,-1
252,24,1.34,244.43,8.28,26.04,0.76,1,-1,-1
253,7,221.12,240.68,33.86,91.57,0.94,1,-1,-1
253,10,536.64,228.60,12.15,26.21,0.79,1,-1,-1
253,11,548.15,231.32,11.16,28.43,0.86,1,-1,-1
253,12,29.93,241.70,9.00,21.44,0.80,1,-1,-1
253,14,530.46,234.04,12.98,37.62,0.87,1,-1,-1
253,16,140.09,242.21,12.12,30.47,0.83,1,-1,-1
253,20,381.03,241.53,26.76,53.11,0.89,1,-1,-1
253,21,392.56,235.91,28.79,57.02,0.86,1,-1,-1
253,23,410.21,242.38,36.20,71.83,0.93,1,-1,-1
253,24,2.75,244.77,8.89,26.21,0.75,1,-1,-1
254,7,203.07,240.00,37.76,94.30,0.93,1,-1,-1
254,10,536.26,226.89,12.91,28.59,0.81,1,-1,-1
254,11,547.77,230.64,10.22,28.60,0.85,1,-1,-1
254,12,28.49,242.04,7.96,22.30,0.78,1,-1,-1
254,14,532.52,234.55,11.56,37.11,0.89,1,-1,-1
254,16,136.82,243.06,11.20,23.15,0.87,1,-1,-1
254,20,369.87,241.36,28.39,53.45,0.84,1,-1,-1
254,21,380.20,235.23,27.07,58.55,0.77,1,-1,-1
254,23,402.05,244.26,37.93,69.28,0.93,1,-1,-1
254,24,5.05,243.75,8.59,27.57,0.74,1,-1,-1
255,7,192.54,241.70,37.80,95.15,0.93,1,-1,-1
255,10,537.60,225.20,11.25,25.21,0.57,1,-1,-1
255,11,547.48,229.96,10.47,27.40,0.83,1,-1,-1
255,12,26.19,242.72,8.09,19.75,0.79,1,-1,-1
255,14,533.56,234.55,11.19,35.92,0.84,1,-1,-1
255,16,133.39,242.89,11.27,23.49,0.88,1,-1,-1
255,20,360.28,241.02,24.53,53.11,0.87,1,-1,-1
255,21,370.53,235.23,27.75,56.68,0.88,1,-1,-1
255,23,394.07,241.53,26.43,71.49,0.89,1,-1,-1
255,24,7.31,242.55,10.22,29.78,0.69,1,-1,-1
256,7,181.00,239.83,35.96,96.68,0.93,1,-1,-1
256,10,537.54,224.68,11.36,26.55,0.54,1,-1,-1
256,11,547.80,229.11,10.50,27.23,0.85,1,-1,-1
256,12,24.54,242.05,7.38,17.20,0.47,1,-1,-1
256,14,533.58,233.36,12.50,36.60,0.87,1,-1,-1
256,16,129.67,241.87,12.10,24.34,0.88,1,-1,-1
256,20,350.02,241.02,28.44,53.45,0.64,1,-1,-1
256,21,358.16,236.42,30.13,58.89,0.64,1,-1,-1
256,23,378.02,243.74,34.81,69.45,0.93,1,-1,-1
256,24,8.16,243.06,12.95,29.79,0.75,1,-1,-1
257,7,154.61,241.36,52.47,96.68,0.95,1,-1,-1
257,10,537.13,223.32,11.16,16.69,0.76,1,-1,-1
257,11,548.80,227.23,9.86,27.23,0.85,1,-1,-1
257,12,22.69,242.38,7.69,21.08,0.46,1,-1,-1
257,14,532.24,233.87,15.19,35.92,0.90,1,-1,-1
257,16,123.26,242.55,14.85,23.66,0.81,1,-1,-1
257,20,341.70,240.68,21.36,53.11,0.77,1,-1,-1
257,21,350.41,234.21,26.30,57.36,0.81,1,-1,-1
257,23,372.19,244.09,30.88,67.23,0.93,1,-1,-1
257,24,9.04,242.38,13.95,31.32,0.67,1,-1,-1
258,7,151.41,241.70,45.23,98.04,0.94,1,-1,-1
258,10,536.60,221.45,11.56,17.70,0.76,1,-1,-1
258,11,548.49,226.72,10.48,27.06,0.87,1,-1,-1
258,12,21.60,243.63,7.15,19.57,0.24,1,-1,-1
258,14,532.87,233.87,14.59,35.91,0.89,1,-1,-1
258,16,122.31,242.55,12.32,23.66,0.85,1,-1,-1
258,20,333.62,240.68,27.68,53.11,0.90,1,-1,-1
258,21,342.47,235.23,24.73,57.36,0.79,1,-1,-1
258,23,364.03,242.21,26.18,68.43,0.92,1,-1,-1
258,24,12.68,244.08,10.17,30.13,0.64,1,-1,-1
259,7,140.97,239.66,37.21,101.11,0.94,1,-1,-1
259,10,537.29,221.11,11.17,16.85,0.80,1,-1,-1
259,11,548.12,225.02,10.21,28.42,0.85,1,-1,-1
259,14,535.22,233.02,12.27,35.57,0.88,1,-1,-1
259,16,120.05,241.36,11.59,24.85,0.86,1,-1,-1
259,20,325.12,240.51,24.50,53.28,0.81,1,-1,-1
259,21,332.51,235.23,26.33,56.51,0.74,1,-1,-1
259,23,345.64,244.77,39.05,65.70,0.94,1,-1,-1
259,24,15.00,242.55,13.27,30.64,0.82,1,-1,-1
260,7,118.51,242.21,47.89,101.45,0.94,1,-1,-1
260,10,537.58,219.06,11.28,18.55,0.79,1,-1,-1
260,11,549.15,224.51,9.50,26.72,0.83,1,-1,-1
260,14,537.27,232.00,11.23,36.26,0.87,1,-1,-1
260,16,116.71,242.21,9.80,24.00,0.78,1,-1,-1
260,20,312.48,240.34,28.26,52.26,0.75,1,-1,-1
260,21,322.68,234.22,21.43,57.87,0.64,1,-1,-1
260,23,339.25,243.74,32.35,65.53,0.90,1,-1,-1
260,24,16.48,242.38,12.72,29.45,0.79,1,-1,-1
260,25,52.46,244.77,10.30,20.09,0.71,1,-1,-1
261,7,107.14,239.83,38.10,104.51,0.93,1,-1,-1
261,10,538.26,217.02,11.27,19.74,0.77,1,-1,-1
261,11,549.84,222.64,9.81,26.21,0.85,1,-1,-1
261,14,538.66,231.49,11.84,35.74,0.87,1,-1,-1
261,20,303.93,240.51,24.69,52.09,0.70,1,-1,-1
261,21,310.78,235.90,22.37,55.52,0.40,1,-1,-1
261,23,324.88,242.89,28.04,65.70,0.91,1,-1,-1
261,24,19.66,242.55,13.15,28.26,0.77,1,-1,-1
261,25,56.12,245.79,8.89,18.72,0.50,1,-1,-1
262,7,79.36,241.70,52.22,103.15,0.95,1,-1,-1
262,10,538.30,216.51,10.87,19.40,0.79,1,-1,-1
262,11,550.14,220.60,9.22,27.91,0.84,1,-1,-1
262,14,538.33,231.83,13.50,35.23,0.88,1,-1,-1
262,16,109.38,241.70,10.64,23.15,0.70,1,-1,-1
262,20,294.93,239.83,25.72,52.77,0.83,1,-1,-1
262,21,300.99,235.52,21.81,56.53,0.20,1,-1,-1
262,23,316.30,244.43,31.13,65.02,0.92,1,-1,-1
262,24,22.59,242.38,12.79,27.41,0.74,1,-1,-1
262,25,56.69,245.62,9.84,19.40,0.50,1,-1,-1
263,7,72.31,243.06,46.77,104.17,0.95,1,-1,-1
263,10,537.58,214.64,11.27,22.81,0.83,1,-1,-1
263,11,550.19,220.25,9.11,25.53,0.82,1,-1,-1
263,12,13.58,241.87,7.86,15.49,0.61,1,-1,-1
263,14,539.33,232.17,13.55,34.21,0.91,1,-1,-1
263,16,105.83,242.55,10.38,24.34,0.84,1,-1,-1
263,20,285.91,241.87,23.95,50.22,0.79,1,-1,-1
263,21,292.86,235.74,20.55,53.80,0.63,1,-1,-1
263,23,307.52,242.89,23.61,63.32,0.88,1,-1,-1
263,24,23.96,242.72,13.90,24.68,0.83,1,-1,-1
263,25,60.05,245.62,10.09,19.74,0.44,1,-1,-1
264,7,55.35,242.89,42.39,106.72,0.93,1,-1,-1
264,10,536.94,211.92,12.23,26.55,0.88,1,-1,-1
264,11,550.85,218.38,9.15,25.53,0.84,1,-1,-1
264,14,542.33,231.66,10.92,34.38,0.89,1,-1,-1
264,16,101.87,241.70,11.18,25.53,0.88,1,-1,-1
264,20,273.94,240.68,26.37,50.89,0.87,1,-1,-1
264,23,289.37,238.47,35.32,67.91,0.81,1,-1,-1
264,24,27.44,242.21,12.81,25.53,0.85,1,-1,-1
265,7,36.64,247.15,52.74,103.15,0.95,1,-1,-1
265,10,537.27,211.06,11.90,27.91,0.87,1,-1,-1
265,11,550.84,217.70,9.16,26.04,0.83,1,-1,-1
265,14,543.73,232.17,10.84,33.36,0.89,1,-1,-1
265,16,99.57,242.04,10.69,24.85,0.85,1,-1,-1
265,20,268.77,241.87,24.14,50.04,0.86,1,-1,-1
265,23,275.30,235.06,40.77,68.94,0.91,1,-1,-1
265,24,29.95,243.91,10.73,23.66,0.67,1,-1,-1
266,7,23.49,245.45,39.38,105.87,0.94,1,-1,-1
266,10,536.95,211.91,11.19,26.72,0.86,1,-1,-1
266,11,550.20,216.34,8.75,21.79,0.83,1,-1,-1
266,14,545.09,231.32,11.18,33.53,0.88,1,-1,-1
266,16,96.08,241.70,10.22,26.21,0.85,1,-1,-1
266,20,259.27,240.85,22.31,50.38,0.84,1,-1,-1
266,23,278.18,243.40,22.62,60.43,0.91,1,-1,-1
266,25,69.22,245.79,10.12,20.43,0.62,1,-1,-1
267,7,0.45,245.79,51.73,106.55,0.96,1,-1,-1
267,10,536.61,211.57,11.52,27.23,0.85,1,-1,-1
267,11,549.85,215.66,9.79,20.77,0.88,1,-1,-1
267,14,544.76,231.83,12.51,32.85,0.90,1,-1,-1
267,16,92.81,241.02,11.40,36.07,0.77,1,-1,-1
267,20,252.84,241.70,19.91,48.34,0.85,1,-1,-1
267,21,257.85,235.57,38.70,68.59,0.65,1,-1,-1
267,23,268.16,245.44,28.42,58.21,0.73,1,-1,-1
267,24,32.34,243.06,15.56,25.19,0.84,1,-1,-1
267,25,69.60,245.45,10.89,20.09,0.64,1,-1,-1
268,7,-0.23,245.11,36.57,106.89,0.94,1,-1,-1
268,10,535.59,211.91,10.86,26.89,0.89,1,-1,-1
268,11,549.14,214.81,9.52,21.11,0.84,1,-1,-1
268,14,544.42,232.68,13.54,32.51,0.90,1,-1,-1
268,16,89.00,242.55,11.40,32.51,0.87,1,-1,-1
268,20,242.74,239.32,22.48,50.89,0.86,1,-1,-1
268,21,249.13,236.25,33.12,65.38,0.54,1,-1,-1
268,23,259.33,243.41,22.70,58.21,0.83,1,-1,-1
268,24,36.22,241.87,14.02,25.70,0.88,1,-1,-1
268,25,71.91,244.60,11.35,21.44,0.60,1,-1,-1
269,7,-0.47,250.55,16.21,101.79,0.86,1,-1,-1
269,10,534.57,212.42,10.19,26.21,0.85,1,-1,-1
269,11,547.45,214.30,9.51,21.96,0.83,1,-1,-1
269,14,546.41,231.83,11.25,32.17,0.88,1,-1,-1
269,16,87.02,241.36,10.02,33.87,0.78,1,-1,-1
269,20,237.05,241.02,18.79,48.51,0.84,1,-1,-1
269,21,243.07,236.60,34.20,65.53,0.85,1,-1,-1
269,24,38.65,242.55,13.89,25.19,0.87,1,-1,-1
269,25,74.36,246.47,10.34,19.58,0.79,1,-1,-1
270,10,533.53,211.91,9.54,26.89,0.84,1,-1,-1
270,11,546.40,213.45,8.89,23.66,0.83,1,-1,-1
270,12,2.58,242.38,7.42,19.40,0.51,1,-1,-1
270,14,547.79,232.34,10.19,30.98,0.89,1,-1,-1
270,16,85.28,242.54,9.71,32.86,0.41,1,-1,-1
270,20,231.23,236.26,15.17,51.40,0.70,1,-1,-1
270,21,234.41,234.89,34.57,65.70,0.88,1,-1,-1
270,24,41.06,242.21,14.69,26.04,0.88,1,-1,-1
270,25,76.61,250.37,8.47,16.01,0.62,1,-1,-1
271,10,531.57,212.25,11.10,26.89,0.84,1,-1,-1
271,11,546.09,213.96,8.83,24.17,0.83,1,-1,-1
271,12,1.10,242.39,7.61,20.37,0.25,1,-1,-1
271,14,548.48,232.34,10.50,30.81,0.88,1,-1,-1
271,20,223.64,237.27,21.17,50.05,0.69,1,-1,-1
271,21,227.95,237.33,26.90,54.79,0.29,1,-1,-1
271,23,231.98,245.27,23.99,53.11,0.51,1,-1,-1
271,24,43.45,242.55,15.02,25.70,0.85,1,-1,-1
272,10,531.21,212.77,11.49,26.21,0.83,1,-1,-1
272,11,545.50,214.13,11.04,22.98,0.84,1,-1,-1
272,14,548.82,231.49,11.51,31.32,0.89,1,-1,-1
272,20,217.82,235.58,19.76,51.73,0.43,1,-1,-1
272,21,219.00,235.75,32.34,63.83,0.86,1,-1,-1
272,24,44.11,242.72,17.25,24.68,0.89,1,-1,-1
272,25,79.43,248.52,12.58,18.72,0.55,1,-1,-1
273,10,530.78,212.43,9.62,26.38,0.82,1,-1,-1
273,11,545.10,214.30,11.83,23.66,0.83,1,-1,-1
273,14,548.15,232.17,12.18,30.64,0.90,1,-1,-1
273,16,76.55,244.42,7.80,21.79,0.78,1,-1,-1
273,21,210.17,235.40,31.18,61.28,0.84,1,-1,-1
273,24,48.60,242.38,15.01,25.19,0.87,1,-1,-1
273,25,86.45,249.19,8.01,17.87,0.65,1,-1,-1
274,10,528.82,212.94,9.82,25.70,0.88,1,-1,-1
274,11,543.64,214.13,8.66,24.34,0.84,1,-1,-1
274,14,549.15,231.15,11.53,29.62,0.88,1,-1,-1
274,16,73.40,244.26,9.90,22.13,0.79,1,-1,-1
274,21,210.49,237.95,24.42,59.92,0.64,1,-1,-1
274,24,51.41,243.23,14.94,24.00,0.90,1,-1,-1
274,25,87.32,247.67,8.94,19.23,0.42,1,-1,-1
275,10,527.48,212.94,9.79,24.51,0.78,1,-1,-1
275,11,542.38,214.98,8.47,23.32,0.86,1,-1,-1
275,14,550.83,230.47,9.87,28.77,0.88,1,-1,-1
275,16,70.32,244.60,8.77,21.11,0.70,1,-1,-1
275,21,198.86,236.26,31.59,61.96,0.91,1,-1,-1
275,24,54.65,242.89,14.27,24.00,0.86,1,-1,-1
275,25,88.16,248.45,10.50,20.98,0.37,1,-1,-1
276,10,526.70,213.45,8.29,12.78,0.71,1,-1,-1
276,11,540.03,214.81,9.77,24.17,0.83,1,-1,-1
276,14,551.85,227.41,9.52,29.11,0.84,1,-1,-1
276,16,68.29,245.44,9.46,20.94,0.53,1,-1,-1
276,21,195.20,237.10,25.19,51.11,0.54,1,-1,-1
276,24,56.20,243.06,16.74,23.49,0.82,1,-1,-1
276,25,90.11,248.22,11.79,25.41,0.35,1,-1,-1
277,10,525.82,213.62,8.71,12.42,0.71,1,-1,-1
277,11,539.68,215.32,10.48,23.15,0.89,1,-1,-1
277,14,552.55,225.70,9.81,28.43,0.88,1,-1,-1
277,20,187.45,238.81,21.53,57.70,0.80,1,-1,-1
277,21,196.19,238.97,19.12,52.08,0.63,1,-1,-1
277,24,59.02,243.40,15.99,22.98,0.85,1,-1,-1
277,25,94.27,247.84,11.14,21.81,0.28,1,-1,-1
278,10,524.06,213.62,9.17,13.27,0.72,1,-1,-1
278,11,537.31,214.98,11.15,23.66,0.81,1,-1,-1
278,14,550.53,224.68,12.15,29.62,0.89,1,-1,-1
278,20,181.20,236.60,22.52,59.74,0.76,1,-1,-1
278,21,184.53,236.94,25.35,49.71,0.65,1,-1,-1
278,24,62.13,242.72,16.93,23.66,0.86,1,-1,-1
278,25,94.79,248.68,12.55,18.90,0.61,1,-1,-1
279,10,522.39,214.47,9.46,13.28,0.78,1,-1,-1
279,11,535.87,214.81,8.94,23.83,0.84,1,-1,-1
279,14,549.84,225.19,12.53,28.77,0.90,1,-1,-1
279,16,59.45,243.58,8.73,23.15,0.72,1,-1,-1
279,20,174.45,239.48,19.42,56.18,0.73,1,-1,-1
279,21,180.38,237.96,21.94,48.17,0.65,1,-1,-1
279,24,65.57,243.40,15.80,23.15,0.84,1,-1,-1
279,25,96.92,248.00,13.01,19.23,0.47,1,-1,-1
280,10,519.99,214.30,9.85,14.13,0.79,1,-1,-1
280,11,533.89,215.49,8.48,22.98,0.82,1,-1,-1
280,14,552.50,222.30,9.58,27.23,0.87,1,-1,-1
280,16,56.42,243.06,9.41,23.66,0.79,1,-1,-1
280,20,162.55,242.55,26.18,52.43,0.82,1,-1,-1
280,21,171.59,237.79,23.61,49.02,0.77,1,-1,-1
280,24,68.45,243.06,14.64,23.49,0.86,1,-1,-1
280,25,103.80,248.68,9.68,18.39,0.65,1,-1,-1
281,10,519.28,213.96,9.23,14.81,0.81,1,-1,-1
281,11,532.88,215.32,8.48,23.32,0.81,1,-1,-1
281,14,552.88,221.45,9.83,27.57,0.87,1,-1,-1
281,16,52.45,242.89,10.27,23.66,0.80,1,-1,-1
281,20,160.97,244.77,22.30,49.70,0.87,1,-1,-1
281,21,167.59,238.13,22.45,49.87,0.84,1,-1,-1
281,24,68.78,244.08,16.13,22.47,0.80,1,-1,-1
281,25,104.73,248.84,10.89,18.07,0.37,1,-1,-1
282,10,517.62,214.30,9.17,15.15,0.81,1,-1,-1
282,11,531.27,215.49,10.34,22.64,0.80,1,-1,-1
282,14,553.57,221.45,10.48,27.40,0.86,1,-1,-1
282,16,51.66,243.23,9.14,23.49,0.82,1,-1,-1
282,20,155.00,239.16,18.90,54.46,0.71,1,-1,-1
282,21,167.64,241.35,16.57,44.27,0.63,1,-1,-1
282,24,73.71,242.90,15.33,23.83,0.72,1,-1,-1
282,25,105.09,248.00,12.47,18.55,0.49,1,-1,-1
283,10,516.26,214.47,9.17,15.49,0.82,1,-1,-1
283,11,529.78,215.15,8.92,21.45,0.75,1,-1,-1
283,14,554.23,217.70,9.51,26.55,0.87,1,-1,-1
283,16,49.51,242.55,8.72,24.00,0.83,1,-1,-1
283,20,147.88,238.64,23.29,55.32,0.54,1,-1,-1
283,21,153.98,238.13,18.41,53.60,0.75,1,-1,-1
283,23,146.44,244.09,20.60,49.36,0.84,1,-1,-1
283,24,77.97,244.08,14.83,31.31,0.78,1,-1,-1
283,25,108.12,249.19,13.42,17.36,0.77,1,-1,-1
284,10,514.55,214.64,8.53,15.32,0.78,1,-1,-1
284,14,553.55,216.68,9.18,27.40,0.86,1,-1,-1
284,16,47.49,244.42,9.51,22.30,0.85,1,-1,-1
284,21,150.29,238.98,18.74,46.30,0.89,1,-1,-1
284,23,141.87,244.26,15.66,49.70,0.79,1,-1,-1
284,24,82.64,245.27,12.30,32.00,0.69,1,-1,-1
284,25,110.39,249.53,12.79,17.36,0.76,1,-1,-1
285,10,512.54,214.81,8.82,16.00,0.84,1,-1,-1
285,14,553.55,216.68,8.50,27.06,0.85,1,-1,-1
285,16,45.05,244.77,8.72,22.13,0.78,1,-1,-1
285,21,143.20,238.64,19.62,51.40,0.86,1,-1,-1
285,23,135.26,244.57,17.02,48.42,0.37,1,-1,-1
285,24,85.81,245.79,13.17,38.63,0.77,1,-1,-1
285,25,113.43,247.16,14.91,18.89,0.54,1,-1,-1
286,10,511.51,214.47,8.51,16.68,0.85,1,-1,-1
286,14,552.90,214.47,9.12,26.38,0.86,1,-1,-1
286,16,43.26,244.60,8.25,22.47,0.67,1,-1,-1
286,21,137.86,239.32,20.80,44.43,0.87,1,-1,-1
286,24,88.57,244.43,17.17,42.72,0.68,1,-1,-1
286,25,116.30,248.43,14.14,17.83,0.20,1,-1,-1
287,10,510.55,215.32,9.07,15.83,0.80,1,-1,-1
287,14,552.21,212.43,9.81,27.06,0.86,1,-1,-1
287,16,41.17,245.11,8.40,21.45,0.70,1,-1,-1
287,21,131.52,239.32,20.02,43.57,0.84,1,-1,-1
287,24,92.84,242.22,17.79,46.47,0.78,1,-1,-1
287,25,121.33,243.93,16.23,21.95,0.62,1,-1,-1
288,10,509.14,214.64,8.84,16.68,0.86,1,-1,-1
288,11,521.11,215.66,6.94,12.77,0.50,1,-1,-1
288,14,552.55,211.91,10.16,27.23,0.87,1,-1,-1
288,16,38.92,244.60,8.50,20.60,0.68,1,-1,-1
288,21,126.06,238.81,18.72,27.58,0.86,1,-1,-1
288,24,99.29,245.61,12.10,22.52,0.70,1,-1,-1
288,25,115.70,244.93,14.21,21.45,0.78,1,-1,-1
289,10,508.14,214.98,8.12,14.98,0.79,1,-1,-1
289,11,519.62,216.51,6.52,12.59,0.60,1,-1,-1
289,14,552.89,212.42,10.49,26.72,0.86,1,-1,-1
289,16,36.88,244.60,9.40,21.78,0.70,1,-1,-1
289,21,120.29,239.66,16.03,26.55,0.85,1,-1,-1
289,24,101.71,245.79,11.50,21.92,0.34,1,-1,-1
290,10,506.54,214.47,7.60,10.56,0.77,1,-1,-1
290,11,517.70,216.00,7.98,13.61,0.70,1,-1,-1
290,14,553.54,212.26,9.86,27.06,0.86,1,-1,-1
290,16,33.41,243.07,9.06,23.15,0.65,1,-1,-1
290,21,112.58,238.81,19.41,27.40,0.80,1,-1,-1
290,24,105.05,244.77,12.19,22.13,0.65,1,-1,-1
290,25,134.30,247.32,15.52,19.58,0.65,1,-1,-1
291,10,506.04,214.47,8.27,13.27,0.78,1,-1,-1
291,11,516.27,216.51,7.79,13.28,0.69,1,-1,-1
291,14,553.89,212.08,9.51,27.06,0.86,1,-1,-1
291,16,32.41,243.23,8.19,23.49,0.69,1,-1,-1
291,21,110.43,241.02,17.19,25.36,0.69,1,-1,-1
291,24,99.91,245.28,13.43,21.79,0.66,1,-1,-1
291,26,141.44,250.04,14.83,37.28,0.73,1,-1,-1
292,10,506.12,214.64,7.08,11.07,0.66,1,-1,-1
292,11,515.14,216.34,7.34,13.95,0.63,1,-1,-1
292,14,552.88,212.94,9.15,26.04,0.86,1,-1,-1
292,16,31.16,244.08,7.07,19.41,0.78,1,-1,-1
292,21,99.83,238.64,18.15,28.59,0.71,1,-1,-1
292,24,116.30,242.39,16.81,24.16,0.63,1,-1,-1
292,26,144.59,249.70,17.42,40.51,0.85,1,-1,-1
292,27,117.54,245.62,12.46,20.94,0.75,1,-1,-1
293,10,505.80,214.47,7.04,10.38,0.68,1,-1,-1
293,11,514.46,216.51,6.68,14.30,0.60,1,-1,-1
293,14,550.87,212.43,10.47,26.72,0.86,1,-1,-1
293,16,29.30,244.26,7.98,20.76,0.76,1,-1,-1
293,21,95.20,238.98,19.23,28.59,0.55,1,-1,-1
293,24,117.08,243.23,19.48,23.49,0.78,1,-1,-1
293,26,148.38,248.85,17.47,38.81,0.69,1,-1,-1
294,10,505.70,214.98,6.23,10.04,0.66,1,-1,-1
294,11,513.65,216.68,7.28,13.96,0.63,1,-1,-1
294,14,550.51,213.11,10.17,26.04,0.86,1,-1,-1
294,16,27.92,244.60,7.85,21.62,0.75,1,-1,-1
294,20,85.48,237.45,22.68,59.74,0.68,1,-1,-1
294,24,118.42,243.57,22.06,22.81,0.81,1,-1,-1
294,26,153.69,250.21,18.64,38.13,0.82,1,-1,-1
295,10,505.06,215.00,6.06,9.72,0.31,1,-1,-1
295,11,512.47,216.51,6.92,14.30,0.61,1,-1,-1
295,14,549.82,213.28,9.52,25.87,0.85,1,-1,-1
295,16,26.83,245.61,7.07,18.90,0.59,1,-1,-1
295,20,84.85,238.30,18.26,56.17,0.85,1,-1,-1
295,24,127.34,243.23,18.03,23.32,0.72,1,-1,-1
295,26,160.42,247.66,17.46,42.04,0.84,1,-1,-1
296,10,505.03,215.23,5.80,9.28,0.26,1,-1,-1
296,11,512.50,216.85,6.52,13.96,0.56,1,-1,-1
296,14,548.13,213.11,9.17,25.87,0.87,1,-1,-1
296,16,25.05,245.11,7.35,19.74,0.53,1,-1,-1
296,20,78.92,239.15,18.51,45.46,0.73,1,-1,-1
296,24,131.23,243.06,20.24,23.15,0.76,1,-1,-1
296,26,165.34,247.49,21.34,42.55,0.85,1,-1,-1
297,10,505.28,215.60,5.66,8.87,0.33,1,-1,-1
297,11,511.86,216.85,6.44,13.79,0.47,1,-1,-1
297,14,546.79,213.96,9.47,24.85,0.89,1,-1,-1
297,16,22.79,243.92,8.47,21.78,0.58,1,-1,-1
297,21,74.98,238.64,17.15,27.91,0.80,1,-1,-1
297,24,134.47,243.06,21.82,39.65,0.80,1,-1,-1
297,26,168.55,246.81,21.97,44.60,0.84,1,-1,-1
298,11,510.76,216.89,6.33,13.85,0.25,1,-1,-1
298,14,545.06,213.45,8.87,25.70,0.84,1,-1,-1
298,16,22.05,245.10,9.47,20.43,0.51,1,-1,-1
298,21,68.55,239.32,15.54,27.57,0.60,1,-1,-1
298,24,138.00,243.91,24.52,48.85,0.85,1,-1,-1
298,26,176.92,244.77,19.04,45.79,0.77,1,-1,-1
299,11,510.15,216.85,6.14,13.62,0.41,1,-1,-1
299,14,543.09,213.62,10.44,25.53,0.86,1,-1,-1
299,16,19.80,244.43,8.37,21.44,0.56,1,-1,-1
299,21,64.51,238.47,12.29,28.93,0.68,1,-1,-1
299,24,146.98,242.72,22.14,49.02,0.86,1,-1,-1
299,26,181.19,247.15,18.63,44.09,0.85,1,-1,-1
300,11,514.60,218.72,5.69,11.75,0.64,1,-1,-1
300,14,542.37,213.96,9.84,24.68,0.88,1,-1,-1
300,16,18.90,243.07,8.50,22.63,0.56,1,-1,-1
300,21,60.31,239.49,12.04,28.09,0.60,1,-1,-1
300,24,152.06,242.55,24.18,50.21,0.87,1,-1,-1
300,26,187.25,247.66,17.87,45.28,0.84,1,-1,-1
