1,1,274.75,212.09,36.10,77.28,0.93,1,-1,-1
1,2,56.31,226.89,26.99,60.94,0.93,1,-1,-1
1,3,369.83,218.72,35.59,66.38,0.91,1,-1,-1
1,4,583.05,211.74,14.58,49.36,0.85,1,-1,-1
1,5,352.54,213.45,36.27,62.64,0.85,1,-1,-1
1,6,411.53,216.85,18.31,60.09,0.84,1,-1,-1
1,7,524.41,212.60,22.37,53.45,0.73,1,-1,-1
2,1,287.15,212.43,24.50,75.91,0.85,1,-1,-1
2,2,68.42,226.38,15.62,61.62,0.88,1,-1,-1
2,3,371.52,218.04,34.58,66.21,0.91,1,-1,-1
2,4,579.01,212.77,18.93,48.85,0.90,1,-1,-1
2,5,361.31,212.77,33.99,61.79,0.79,1,-1,-1
2,6,411.59,217.70,29.37,59.40,0.90,1,-1,-1
2,7,519.10,212.60,31.98,63.82,0.61,1,-1,-1
2,8,551.53,211.06,28.47,58.04,0.90,1,-1,-1
2,9,533.56,205.79,20.68,69.79,0.72,1,-1,-1
3,1,292.38,213.45,26.25,74.38,0.73,1,-1,-1
3,2,73.07,225.36,17.16,61.79,0.88,1,-1,-1
3,3,378.23,216.00,29.65,67.74,0.89,1,-1,-1
3,4,577.32,213.96,20.28,48.00,0.88,1,-1,-1
3,5,367.59,211.92,29.23,62.64,0.80,1,-1,-1
3,6,413.90,218.04,29.49,58.89,0.92,1,-1,-1
3,7,517.07,212.94,18.42,53.63,0.72,1,-1,-1
3,8,554.57,211.40,28.14,58.55,0.91,1,-1,-1
3,9,530.18,205.96,22.35,70.30,0.88,1,-1,-1
4,1,297.54,213.96,33.55,74.55,0.89,1,-1,-1
4,2,74.67,225.70,30.33,61.62,0.92,1,-1,-1
4,3,386.69,217.53,23.90,66.38,0.88,1,-1,-1
4,4,578.22,215.15,18.48,46.98,0.76,1,-1,-1
4,5,373.20,210.38,29.86,65.53,0.85,1,-1,-1
4,6,422.25,217.36,22.28,58.38,0.87,1,-1,-1
4,7,514.37,211.92,16.00,55.14,0.73,1,-1,-1
4,8,562.58,211.91,23.99,56.17,0.80,1,-1,-1
4,9,522.80,207.66,28.64,69.45,0.89,1,-1,-1
5,1,298.88,214.30,38.52,74.21,0.89,1,-1,-1
5,2,76.62,227.06,34.04,60.94,0.95,1,-1,-1
5,3,392.23,218.55,24.34,64.34,0.84,1,-1,-1
5,5,376.96,211.23,30.15,64.51,0.88,1,-1,-1
5,6,431.71,216.17,17.60,58.89,0.83,1,-1,-1
5,7,506.95,211.57,16.96,55.15,0.58,1,-1,-1
5,8,567.13,210.38,24.71,56.85,0.82,1,-1,-1
5,9,521.00,207.15,28.17,71.66,0.89,1,-1,-1
6,1,310.07,211.75,30.19,76.43,0.90,1,-1,-1
6,2,90.99,225.19,20.98,62.13,0.89,1,-1,-1
6,3,396.85,214.13,30.36,69.10,0.77,1,-1,-1
6,5,380.01,211.40,35.23,64.68,0.75,1,-1,-1
6,6,434.72,216.51,28.87,58.89,0.89,1,-1,-1
6,7,499.43,212.73,17.17,49.89,0.27,1,-1,-1
6,8,570.88,211.23,27.39,56.34,0.89,1,-1,-1
6,9,513.62,205.62,21.93,72.85,0.80,1,-1,-1
7,1,315.39,211.91,28.03,76.09,0.88,1,-1,-1
7,2,96.91,224.51,16.02,63.15,0.85,1,-1,-1
7,3,398.28,213.45,29.55,69.79,0.84,1,-1,-1
7,4,567.83,212.26,15.88,52.42,0.57,1,-1,-1
7,5,382.47,211.23,36.76,64.17,0.77,1,-1,-1
7,6,434.92,217.36,29.48,58.04,0.92,1,-1,-1
7,7,495.99,213.78,17.15,49.02,0.40,1,-1,-1
7,8,573.21,211.74,26.46,55.49,0.87,1,-1,-1
7,9,507.90,205.79,25.56,73.87,0.83,1,-1,-1
8,1,325.78,215.15,28.77,72.68,0.90,1,-1,-1
8,2,102.01,225.02,27.68,62.47,0.93,1,-1,-1
8,3,401.93,212.60,30.72,69.11,0.61,1,-1,-1
8,4,563.81,212.09,19.84,52.43,0.84,1,-1,-1
8,5,395.00,209.70,33.38,63.32,0.71,1,-1,-1
8,6,449.37,216.17,19.22,58.55,0.74,1,-1,-1
8,7,490.59,211.92,16.12,54.62,0.65,1,-1,-1
8,8,579.95,211.06,22.81,55.15,0.89,1,-1,-1
8,9,499.71,207.49,29.06,73.36,0.89,1,-1,-1
9,1,328.07,211.75,38.60,75.91,0.89,1,-1,-1
9,2,104.26,227.06,33.42,60.94,0.94,1,-1,-1
9,3,404.14,209.70,34.09,70.98,0.82,1,-1,-1
9,4,563.36,212.09,18.37,53.11,0.87,1,-1,-1
9,5,400.36,210.00,32.20,64.89,0.24,1,-1,-1
9,6,456.69,215.83,16.78,57.87,0.66,1,-1,-1
9,7,480.50,211.91,21.04,55.49,0.81,1,-1,-1
9,8,582.71,210.72,22.72,55.83,0.88,1,-1,-1
9,9,496.62,207.66,30.48,75.40,0.85,1,-1,-1
10,1,331.37,214.81,38.12,72.17,0.92,1,-1,-1
10,2,114.25,226.38,24.21,61.96,0.88,1,-1,-1
10,3,409.87,210.04,37.21,71.49,0.88,1,-1,-1
10,4,559.56,211.57,15.47,54.30,0.83,1,-1,-1
10,5,402.40,216.73,23.97,57.40,0.36,1,-1,-1
10,6,457.28,216.17,26.12,58.72,0.72,1,-1,-1
10,7,474.50,213.79,36.74,65.01,0.78,1,-1,-1
10,8,585.08,210.89,22.05,54.81,0.86,1,-1,-1
10,9,490.87,206.13,26.74,73.03,0.67,1,-1,-1
10,10,322.54,209.70,34.75,71.83,0.78,1,-1,-1
11,1,342.43,214.64,28.86,69.96,0.89,1,-1,-1
11,2,124.88,224.17,16.93,63.83,0.88,1,-1,-1
11,3,414.28,210.38,38.22,70.81,0.83,1,-1,-1
11,4,554.97,211.57,16.51,53.79,0.80,1,-1,-1
11,5,406.02,214.31,25.40,59.84,0.27,1,-1,-1
11,6,459.31,213.62,26.14,60.42,0.84,1,-1,-1
11,8,585.77,211.40,22.02,54.13,0.86,1,-1,-1
11,9,485.35,206.13,24.89,76.25,0.84,1,-1,-1
11,10,333.42,208.34,30.44,69.11,0.72,1,-1,-1
12,1,355.02,214.30,23.18,69.96,0.81,1,-1,-1
12,2,128.22,224.34,31.10,63.66,0.93,1,-1,-1
12,3,420.28,209.53,34.36,71.49,0.88,1,-1,-1
12,4,541.75,212.60,29.38,53.11,0.94,1,-1,-1
12,7,463.27,212.26,18.58,57.71,0.67,1,-1,-1
12,8,586.10,211.06,21.36,52.43,0.87,1,-1,-1
12,9,470.95,207.32,36.75,76.43,0.91,1,-1,-1
12,10,342.99,205.11,21.65,75.05,0.62,1,-1,-1
13,1,356.17,210.04,35.80,74.04,0.86,1,-1,-1
13,2,129.26,225.36,36.74,62.47,0.95,1,-1,-1
13,3,430.05,216.15,26.68,63.85,0.68,1,-1,-1
13,4,538.99,213.79,30.83,52.43,0.93,1,-1,-1
13,7,456.91,212.09,17.70,57.19,0.76,1,-1,-1
13,8,586.43,210.55,21.04,53.79,0.88,1,-1,-1
13,9,467.46,208.17,36.95,77.11,0.92,1,-1,-1
13,10,349.55,207.65,28.67,73.54,0.66,1,-1,-1
14,1,356.99,214.13,37.89,69.79,0.91,1,-1,-1
14,2,134.64,224.34,32.50,63.66,0.94,1,-1,-1
14,3,435.24,216.00,24.77,63.83,0.56,1,-1,-1
14,4,536.56,212.77,29.25,53.11,0.85,1,-1,-1
14,5,430.17,207.66,30.51,71.83,0.80,1,-1,-1
14,7,451.37,213.04,18.33,58.09,0.21,1,-1,-1
14,8,586.78,210.72,21.01,53.28,0.87,1,-1,-1
14,9,464.72,207.49,36.65,78.47,0.85,1,-1,-1
14,10,350.33,207.66,29.20,73.03,0.53,1,-1,-1
15,1,363.02,215.15,32.95,68.94,0.91,1,-1,-1
15,2,147.71,223.66,20.08,63.83,0.89,1,-1,-1
15,3,439.64,214.81,24.79,65.19,0.79,1,-1,-1
15,4,534.42,211.40,21.33,54.64,0.87,1,-1,-1
15,6,480.08,216.51,28.32,58.89,0.69,1,-1,-1
15,8,587.45,211.57,20.02,52.26,0.86,1,-1,-1
15,9,457.32,206.64,26.72,79.32,0.83,1,-1,-1
15,10,351.31,209.53,34.33,70.98,0.84,1,-1,-1
16,1,369.54,209.88,28.72,74.20,0.71,1,-1,-1
16,2,155.56,222.47,18.21,64.34,0.87,1,-1,-1
16,3,440.19,210.40,21.34,70.28,0.61,1,-1,-1
16,4,531.43,210.72,17.49,51.07,0.81,1,-1,-1
16,6,484.70,215.43,26.83,60.37,0.32,1,-1,-1
16,8,587.79,211.91,19.33,50.89,0.86,1,-1,-1
16,9,451.23,206.98,29.07,79.15,0.87,1,-1,-1
16,10,359.36,207.83,28.40,71.15,0.68,1,-1,-1
17,1,378.68,209.70,24.33,74.04,0.73,1,-1,-1
17,2,156.23,224.68,31.69,62.98,0.94,1,-1,-1
17,4,524.13,211.23,23.26,55.32,0.88,1,-1,-1
17,6,493.41,214.81,23.69,58.22,0.69,1,-1,-1
17,7,435.46,212.77,15.19,57.19,0.61,1,-1,-1
17,8,587.45,211.23,19.00,50.89,0.86,1,-1,-1
17,9,439.35,208.17,37.22,78.81,0.94,1,-1,-1
17,10,369.69,206.98,21.96,67.76,0.59,1,-1,-1
18,1,384.16,212.60,32.69,70.98,0.90,1,-1,-1
18,2,157.89,225.87,35.48,62.47,0.95,1,-1,-1
18,3,448.62,207.49,31.56,79.48,0.64,1,-1,-1
18,4,518.62,211.91,31.22,54.30,0.81,1,-1,-1
18,6,495.44,214.81,25.75,53.63,0.63,1,-1,-1
18,7,425.88,213.79,18.74,56.00,0.81,1,-1,-1
18,8,586.78,211.06,18.65,50.72,0.89,1,-1,-1
18,9,434.71,209.70,39.38,78.47,0.77,1,-1,-1
18,10,377.55,206.81,19.46,72.50,0.66,1,-1,-1
19,1,384.44,212.43,36.22,71.15,0.91,1,-1,-1
19,2,167.59,225.36,27.02,62.98,0.94,1,-1,-1
19,3,454.60,206.81,30.12,71.15,0.88,1,-1,-1
19,4,513.12,212.43,30.03,56.34,0.80,1,-1,-1
19,6,494.14,215.83,25.97,57.36,0.72,1,-1,-1
19,7,415.64,215.15,23.65,55.66,0.73,1,-1,-1
19,8,585.10,211.74,18.95,48.34,0.89,1,-1,-1
19,9,432.01,207.83,29.54,81.36,0.87,1,-1,-1
19,10,381.08,208.00,26.31,71.32,0.66,1,-1,-1
20,1,391.48,209.70,30.27,72.17,0.77,1,-1,-1
20,2,181.07,222.98,17.68,65.19,0.90,1,-1,-1
20,3,459.67,207.15,30.50,70.47,0.90,1,-1,-1
20,6,503.71,212.09,30.85,60.42,0.69,1,-1,-1
20,7,412.41,215.03,21.18,59.13,0.36,1,-1,-1
20,8,583.73,211.91,18.98,48.51,0.86,1,-1,-1
20,9,421.10,207.66,25.96,82.21,0.75,1,-1,-1
20,10,381.70,208.51,38.97,71.66,0.70,1,-1,-1
21,2,183.81,222.98,29.49,64.85,0.92,1,-1,-1
21,3,462.72,208.34,31.17,69.62,0.90,1,-1,-1
21,6,507.26,211.07,22.47,59.92,0.55,1,-1,-1
21,7,400.97,207.21,24.21,75.63,0.40,1,-1,-1
21,8,583.03,211.06,18.35,49.02,0.85,1,-1,-1
21,9,410.23,208.34,33.79,81.36,0.92,1,-1,-1
21,10,383.04,207.32,39.34,73.02,0.83,1,-1,-1
22,2,185.11,224.17,39.10,64.17,0.95,1,-1,-1
22,3,464.51,209.53,35.05,68.94,0.85,1,-1,-1
22,4,499.66,210.56,20.02,58.38,0.59,1,-1,-1
22,6,516.87,212.93,20.81,56.69,0.58,1,-1,-1
22,7,395.75,207.66,23.63,71.38,0.25,1,-1,-1
22,8,581.36,210.38,18.64,49.36,0.89,1,-1,-1
22,9,396.03,208.17,46.58,83.06,0.91,1,-1,-1
23,1,410.76,208.17,36.79,71.32,0.68,1,-1,-1
23,2,190.50,225.02,35.95,63.15,0.94,1,-1,-1
23,3,466.58,208.85,37.34,68.94,0.76,1,-1,-1
23,4,492.52,211.74,25.13,65.17,0.63,1,-1,-1
23,6,518.68,212.77,23.99,57.70,0.87,1,-1,-1
23,8,580.00,211.06,18.30,48.00,0.88,1,-1,-1
23,9,394.23,207.66,44.09,84.26,0.95,1,-1,-1
24,1,412.21,209.70,37.28,70.98,0.90,1,-1,-1
24,2,208.61,222.30,19.05,65.70,0.86,1,-1,-1
24,3,482.65,206.98,34.33,65.03,0.77,1,-1,-1
24,6,521.02,212.26,24.06,57.70,0.86,1,-1,-1
24,8,578.64,212.08,17.63,46.64,0.86,1,-1,-1
24,9,387.85,208.51,27.35,83.57,0.88,1,-1,-1
24,10,409.53,206.98,29.40,68.60,0.67,1,-1,-1
25,1,427.28,209.53,25.76,71.15,0.62,1,-1,-1
25,2,214.99,221.96,25.61,65.36,0.90,1,-1,-1
25,3,484.59,208.34,31.51,68.76,0.82,1,-1,-1
25,6,528.84,213.11,18.24,56.34,0.77,1,-1,-1
25,8,575.95,211.57,18.27,46.47,0.85,1,-1,-1
25,9,376.29,209.36,29.80,83.91,0.92,1,-1,-1
25,10,411.62,207.66,38.46,72.51,0.75,1,-1,-1
26,2,215.63,222.98,36.53,64.34,0.94,1,-1,-1
26,3,490.96,209.19,26.89,57.06,0.61,1,-1,-1
26,6,528.94,212.79,21.13,56.63,0.36,1,-1,-1
26,8,574.24,211.40,18.30,45.96,0.86,1,-1,-1
26,9,360.04,212.26,45.35,82.55,0.95,1,-1,-1
26,10,414.57,206.98,38.31,73.19,0.91,1,-1,-1
27,1,438.12,206.81,32.24,73.70,0.76,1,-1,-1
27,2,224.87,222.13,29.42,64.34,0.92,1,-1,-1
27,3,489.86,208.85,33.51,69.10,0.83,1,-1,-1
27,4,473.16,210.72,18.42,55.15,0.72,1,-1,-1
27,6,537.96,217.36,19.32,51.92,0.86,1,-1,-1
27,7,369.54,217.02,28.03,57.70,0.83,1,-1,-1
27,8,571.85,212.42,17.33,44.94,0.83,1,-1,-1
27,9,355.23,212.09,40.72,83.91,0.94,1,-1,-1
27,10,429.74,205.45,26.93,70.99,0.47,1,-1,-1
27,11,563.39,215.66,15.25,29.62,0.81,1,-1,-1
28,1,441.69,206.47,31.20,72.17,0.89,1,-1,-1
28,2,240.73,219.58,18.87,67.06,0.85,1,-1,-1
28,3,497.25,208.00,31.27,68.94,0.87,1,-1,-1
28,4,464.83,213.27,25.60,52.60,0.77,1,-1,-1
28,6,542.86,215.83,16.66,52.08,0.74,1,-1,-1
28,7,360.91,217.19,31.06,58.21,0.72,1,-1,-1
28,8,568.61,212.94,19.40,43.41,0.78,1,-1,-1
28,9,348.09,210.38,24.16,85.96,0.86,1,-1,-1
28,10,440.35,205.62,19.63,62.50,0.55,1,-1,-1
29,1,441.39,206.47,31.80,70.98,0.83,1,-1,-1
29,2,243.44,219.74,29.90,66.89,0.94,1,-1,-1
29,3,500.12,207.49,32.99,68.60,0.76,1,-1,-1
29,4,459.46,212.38,25.14,50.73,0.24,1,-1,-1
29,6,546.08,211.75,17.66,56.34,0.77,1,-1,-1
29,7,356.89,216.51,25.88,59.57,0.90,1,-1,-1
29,8,566.76,212.60,18.35,43.23,0.84,1,-1,-1
29,9,340.21,210.89,27.89,85.45,0.90,1,-1,-1
29,10,443.03,205.56,21.49,68.12,0.30,1,-1,-1
30,1,457.42,209.35,25.80,68.26,0.68,1,-1,-1
30,2,244.27,220.09,39.59,66.38,0.94,1,-1,-1
30,3,505.75,208.34,30.87,65.70,0.89,1,-1,-1
30,6,549.16,212.25,17.61,55.32,0.84,1,-1,-1
30,7,351.11,216.51,20.84,59.74,0.88,1,-1,-1
30,8,565.46,212.09,18.23,41.53,0.75,1,-1,-1
30,9,319.37,213.62,48.04,83.57,0.95,1,-1,-1
30,10,442.46,206.98,24.92,69.28,0.81,1,-1,-1
31,1,463.21,209.36,32.57,69.45,0.84,1,-1,-1
31,2,249.82,220.26,35.79,64.51,0.93,1,-1,-1
31,3,506.47,209.36,32.16,65.02,0.88,1,-1,-1
31,6,551.21,212.26,18.93,55.83,0.85,1,-1,-1
31,7,344.79,217.53,23.97,58.89,0.89,1,-1,-1
31,8,564.18,212.77,17.74,37.11,0.72,1,-1,-1
31,9,316.61,214.81,46.45,83.23,0.95,1,-1,-1
31,10,446.93,206.47,24.79,63.67,0.72,1,-1,-1
31,12,577.29,214.13,11.53,31.15,0.81,1,-1,-1
32,1,463.69,208.34,30.92,70.47,0.87,1,-1,-1
32,2,261.45,220.43,25.58,64.17,0.85,1,-1,-1
32,3,508.16,209.19,34.52,65.53,0.89,1,-1,-1
32,4,448.72,211.41,16.80,54.12,0.63,1,-1,-1
32,6,552.20,214.64,17.97,53.11,0.83,1,-1,-1
32,7,335.66,218.55,32.40,58.55,0.91,1,-1,-1
32,8,563.73,214.30,16.28,34.21,0.80,1,-1,-1
32,9,314.51,214.13,36.06,84.09,0.93,1,-1,-1
32,10,459.04,205.79,18.50,64.84,0.56,1,-1,-1
32,12,576.64,214.98,14.52,29.45,0.89,1,-1,-1
33,1,467.79,205.45,31.54,72.17,0.81,1,-1,-1
33,2,272.22,217.87,20.81,66.72,0.77,1,-1,-1
33,3,511.85,208.68,32.91,65.19,0.90,1,-1,-1
33,4,441.17,212.08,23.09,53.11,0.84,1,-1,-1
33,6,555.88,216.85,15.70,49.53,0.78,1,-1,-1
33,7,330.50,218.55,31.54,60.26,0.95,1,-1,-1
33,8,564.61,213.62,15.53,36.42,0.73,1,-1,-1
33,9,307.16,212.77,25.00,85.62,0.90,1,-1,-1
33,10,464.70,204.63,18.12,66.50,0.33,1,-1,-1
33,12,579.29,214.81,13.28,30.30,0.87,1,-1,-1
34,1,479.20,207.82,28.35,65.73,0.50,1,-1,-1
34,2,275.26,219.74,31.01,64.68,0.82,1,-1,-1
34,3,517.90,208.34,30.30,65.19,0.85,1,-1,-1
34,4,431.29,213.45,31.66,52.09,0.90,1,-1,-1
34,6,558.36,215.32,17.19,51.23,0.77,1,-1,-1
34,7,325.33,218.21,22.23,60.77,0.90,1,-1,-1
34,9,293.78,214.13,34.81,84.94,0.93,1,-1,-1
34,10,466.63,204.76,23.70,68.93,0.62,1,-1,-1
34,12,583.33,214.30,11.30,30.64,0.84,1,-1,-1
35,1,481.14,207.49,25.57,68.75,0.47,1,-1,-1
35,2,275.41,218.39,30.40,66.89,0.66,1,-1,-1
35,3,518.67,208.68,30.80,64.85,0.82,1,-1,-1
35,4,428.44,213.79,30.24,51.91,0.84,1,-1,-1
35,6,558.35,213.79,18.90,53.27,0.80,1,-1,-1
35,7,320.16,218.21,20.87,60.43,0.91,1,-1,-1
35,9,279.41,216.00,48.65,83.40,0.93,1,-1,-1
35,10,468.47,205.95,36.61,70.64,0.69,1,-1,-1
35,12,585.76,214.30,11.19,30.47,0.86,1,-1,-1
36,1,485.72,208.17,21.46,67.24,0.63,1,-1,-1
36,3,523.26,209.70,27.38,63.32,0.79,1,-1,-1
36,4,429.04,213.11,24.96,53.62,0.87,1,-1,-1
36,6,556.66,212.77,20.59,53.79,0.83,1,-1,-1
36,7,311.40,218.89,27.72,60.43,0.93,1,-1,-1
36,9,275.42,216.51,48.65,84.43,0.93,1,-1,-1
36,10,468.39,206.47,31.71,70.13,0.86,1,-1,-1
36,12,587.17,213.96,15.50,31.32,0.90,1,-1,-1
37,1,492.46,209.53,25.89,64.52,0.55,1,-1,-1
37,2,299.78,216.00,19.75,64.51,0.62,1,-1,-1
37,3,527.43,210.21,26.15,63.15,0.86,1,-1,-1
37,4,419.51,211.58,18.96,54.64,0.73,1,-1,-1
37,6,563.27,216.17,16.51,48.52,0.77,1,-1,-1
37,7,303.82,219.40,30.66,60.60,0.71,1,-1,-1
37,8,553.56,212.43,17.29,40.51,0.64,1,-1,-1
37,9,270.05,217.53,28.56,84.09,0.88,1,-1,-1
37,10,475.28,205.62,32.14,70.30,0.71,1,-1,-1
37,12,589.51,214.81,16.92,30.81,0.90,1,-1,-1
38,1,494.03,206.64,24.50,67.06,0.67,1,-1,-1
38,2,305.37,215.15,30.95,67.74,0.88,1,-1,-1
38,3,530.00,209.70,24.07,63.15,0.72,1,-1,-1
38,4,417.28,212.43,18.33,54.30,0.86,1,-1,-1
38,6,565.06,214.13,15.98,49.70,0.85,1,-1,-1
38,7,297.33,219.07,25.70,61.61,0.50,1,-1,-1
38,8,552.88,211.24,17.62,41.19,0.73,1,-1,-1
38,9,261.66,217.19,26.67,84.26,0.88,1,-1,-1
38,10,482.96,204.77,22.24,64.03,0.54,1,-1,-1
38,12,594.15,214.13,13.05,30.98,0.86,1,-1,-1
39,1,493.02,204.43,26.85,69.95,0.67,1,-1,-1
39,2,308.00,216.34,37.90,65.53,0.94,1,-1,-1
39,3,533.82,212.76,20.50,59.07,0.80,1,-1,-1
39,4,406.93,213.79,28.85,54.30,0.88,1,-1,-1
39,6,564.78,214.98,17.22,49.53,0.84,1,-1,-1
39,7,292.05,220.08,18.11,60.60,0.84,1,-1,-1
39,8,551.51,211.06,17.66,41.53,0.62,1,-1,-1
39,9,243.96,218.55,44.12,83.06,0.95,1,-1,-1
39,10,490.00,204.09,18.31,66.71,0.54,1,-1,-1
39,12,597.57,213.11,10.96,32.00,0.86,1,-1,-1
40,1,502.31,207.66,23.18,65.71,0.82,1,-1,-1
40,2,310.68,216.17,37.46,65.53,0.95,1,-1,-1
40,3,535.38,209.02,28.90,62.64,0.87,1,-1,-1
40,4,402.40,215.49,31.14,54.47,0.90,1,-1,-1
40,6,565.77,215.49,17.27,48.68,0.83,1,-1,-1
40,7,282.12,220.60,27.12,60.77,0.91,1,-1,-1
40,8,554.94,214.62,13.56,37.00,0.38,1,-1,-1
40,9,238.31,219.91,47.44,82.38,0.95,1,-1,-1
40,10,493.21,205.11,17.98,66.21,0.77,1,-1,-1
40,12,599.65,213.28,9.86,31.49,0.87,1,-1,-1
41,1,506.86,208.85,26.96,64.34,0.87,1,-1,-1
41,2,327.25,214.81,24.13,65.87,0.88,1,-1,-1
41,3,537.62,209.70,27.48,61.79,0.91,1,-1,-1
41,4,399.85,214.81,28.10,55.49,0.80,1,-1,-1
41,6,566.79,219.23,16.58,44.26,0.87,1,-1,-1
41,7,271.39,223.32,35.87,59.40,0.94,1,-1,-1
41,9,235.28,219.75,34.02,82.38,0.86,1,-1,-1
41,10,493.65,206.47,26.93,65.19,0.78,1,-1,-1
41,12,601.33,218.38,8.18,27.24,0.75,1,-1,-1
42,1,509.79,210.21,24.84,62.13,0.81,1,-1,-1
42,2,334.91,213.62,23.75,66.89,0.89,1,-1,-1
42,3,539.99,210.21,27.14,61.96,0.86,1,-1,-1
42,4,396.56,213.79,16.38,55.66,0.76,1,-1,-1
42,6,566.42,212.60,18.01,50.89,0.85,1,-1,-1
42,7,270.27,224.17,26.06,59.06,0.92,1,-1,-1
42,9,225.30,219.23,24.49,82.89,0.89,1,-1,-1
42,10,497.23,205.79,21.14,64.34,0.73,1,-1,-1
43,1,513.86,209.53,24.14,62.47,0.79,1,-1,-1
43,2,336.85,214.47,36.99,66.04,0.93,1,-1,-1
43,3,542.01,210.21,25.80,60.26,0.82,1,-1,-1
43,4,392.20,212.43,16.62,57.87,0.86,1,-1,-1
43,6,566.44,211.23,18.31,52.25,0.85,1,-1,-1
43,7,261.76,222.81,20.04,60.43,0.88,1,-1,-1
43,9,208.20,221.79,41.23,81.02,0.94,1,-1,-1
43,10,505.86,205.79,16.74,57.72,0.67,1,-1,-1
43,12,612.81,213.45,6.57,29.96,0.78,1,-1,-1
44,1,516.58,208.68,23.45,63.32,0.83,1,-1,-1
44,2,340.17,214.47,36.78,66.04,0.94,1,-1,-1
44,3,542.41,209.53,27.39,61.45,0.83,1,-1,-1
44,4,377.39,214.64,31.66,56.17,0.92,1,-1,-1
44,6,566.79,213.79,17.61,49.53,0.82,1,-1,-1
44,7,251.22,223.83,28.74,59.57,0.94,1,-1,-1
44,9,198.32,223.49,49.12,80.00,0.96,1,-1,-1
44,10,508.71,205.11,17.50,64.84,0.70,1,-1,-1
44,12,613.30,213.28,12.72,31.49,0.88,1,-1,-1
45,1,521.34,210.38,22.07,60.94,0.83,1,-1,-1
45,2,354.98,212.26,24.95,66.21,0.86,1,-1,-1
45,3,543.78,210.04,27.37,60.60,0.65,1,-1,-1
45,4,373.93,214.98,34.51,56.17,0.90,1,-1,-1
45,6,567.67,213.96,16.54,50.72,0.71,1,-1,-1
45,7,241.73,225.53,37.22,59.06,0.94,1,-1,-1
45,9,196.52,222.64,35.94,80.68,0.92,1,-1,-1
45,10,512.41,206.47,19.25,62.81,0.70,1,-1,-1
45,12,613.59,214.13,14.52,31.32,0.89,1,-1,-1
46,1,525.45,210.55,22.31,60.26,0.76,1,-1,-1
46,2,362.12,212.25,16.46,64.85,0.74,1,-1,-1
46,3,553.94,214.12,20.59,56.52,0.74,1,-1,-1
46,4,372.44,215.66,31.73,56.00,0.81,1,-1,-1
46,6,568.13,214.13,15.60,48.00,0.71,1,-1,-1
46,7,239.81,225.02,33.43,60.09,0.94,1,-1,-1
46,9,189.67,221.28,27.27,82.21,0.87,1,-1,-1
46,10,513.94,207.15,21.27,62.98,0.85,1,-1,-1
46,12,614.91,213.79,14.25,31.66,0.89,1,-1,-1
47,1,528.47,210.38,22.04,59.74,0.81,1,-1,-1
47,2,366.55,212.43,24.86,65.19,0.88,1,-1,-1
47,3,555.92,213.79,20.36,56.68,0.80,1,-1,-1
47,6,569.41,214.98,14.41,46.64,0.66,1,-1,-1
47,7,234.80,225.02,26.33,60.43,0.88,1,-1,-1
47,9,180.52,222.13,29.12,81.02,0.92,1,-1,-1
47,10,514.94,208.00,21.66,61.45,0.86,1,-1,-1
47,12,619.27,213.11,11.29,32.51,0.88,1,-1,-1
48,1,531.79,208.85,20.48,61.11,0.82,1,-1,-1
48,2,366.87,211.23,32.37,66.04,0.90,1,-1,-1
48,3,557.34,213.45,20.57,54.47,0.77,1,-1,-1
48,6,570.16,216.51,13.59,44.26,0.57,1,-1,-1
48,7,227.91,225.53,22.15,59.57,0.88,1,-1,-1
48,8,545.46,210.04,21.29,51.40,0.68,1,-1,-1
48,9,165.81,223.66,43.80,79.66,0.95,1,-1,-1
48,10,518.59,205.96,19.77,62.47,0.85,1,-1,-1
48,12,621.36,213.45,11.52,32.00,0.89,1,-1,-1
49,1,535.35,209.70,23.19,60.09,0.83,1,-1,-1
49,2,376.13,212.25,25.02,63.15,0.85,1,-1,-1
49,3,558.08,213.79,20.79,49.20,0.78,1,-1,-1
49,4,357.25,214.81,23.47,57.87,0.89,1,-1,-1
49,6,570.65,216.34,12.94,40.19,0.48,1,-1,-1
49,7,218.17,227.40,31.29,58.89,0.94,1,-1,-1
49,8,548.02,212.07,16.15,49.21,0.55,1,-1,-1
49,9,162.20,224.17,42.89,79.15,0.94,1,-1,-1
49,10,523.57,206.13,16.93,62.47,0.77,1,-1,-1
49,12,623.06,213.79,12.52,31.49,0.91,1,-1,-1
50,1,537.95,210.38,22.08,59.23,0.84,1,-1,-1
50,2,378.75,212.08,25.56,62.13,0.68,1,-1,-1
50,3,558.26,212.26,22.80,56.50,0.80,1,-1,-1
50,4,344.46,216.17,34.81,57.36,0.94,1,-1,-1
50,6,571.77,218.14,11.86,37.37,0.32,1,-1,-1
50,7,211.54,229.28,36.08,58.55,0.95,1,-1,-1
50,9,159.15,222.98,29.76,78.64,0.92,1,-1,-1
50,10,525.43,207.15,16.60,60.77,0.84,1,-1,-1
50,12,624.74,214.13,12.21,31.66,0.91,1,-1,-1
51,1,541.63,211.57,19.12,56.85,0.83,1,-1,-1
51,2,390.05,210.89,23.28,64.34,0.80,1,-1,-1
51,3,559.33,213.11,23.03,55.49,0.87,1,-1,-1
51,4,341.70,217.87,36.26,56.85,0.95,1,-1,-1
51,7,209.44,229.45,26.37,58.55,0.93,1,-1,-1
51,9,150.55,222.30,24.58,79.15,0.91,1,-1,-1
51,10,526.81,208.85,17.23,58.38,0.85,1,-1,-1
51,12,627.77,213.45,10.91,32.51,0.87,1,-1,-1
52,1,543.04,210.21,19.34,58.38,0.84,1,-1,-1
52,2,391.92,211.57,33.12,62.81,0.93,1,-1,-1
52,3,560.68,214.13,22.37,53.62,0.87,1,-1,-1
52,4,340.63,217.70,29.25,57.53,0.92,1,-1,-1
52,7,201.55,225.87,19.78,62.81,0.88,1,-1,-1
52,9,133.87,223.66,40.14,77.96,0.94,1,-1,-1
52,10,529.46,207.66,16.00,58.72,0.85,1,-1,-1
52,12,630.40,213.62,9.70,32.34,0.71,1,-1,-1
53,1,544.40,209.70,19.34,59.06,0.83,1,-1,-1
53,2,397.94,211.74,29.20,60.60,0.91,1,-1,-1
53,3,563.67,210.04,21.47,58.38,0.87,1,-1,-1
53,4,336.81,215.83,18.58,59.23,0.90,1,-1,-1
53,7,187.70,226.72,33.57,61.45,0.93,1,-1,-1
53,9,127.98,224.85,43.53,77.45,0.94,1,-1,-1
53,10,533.15,208.34,14.72,57.19,0.72,1,-1,-1
53,12,632.11,214.30,7.99,31.49,0.74,1,-1,-1
54,1,545.76,210.72,18.66,57.70,0.83,1,-1,-1
54,2,410.19,209.87,18.93,62.81,0.77,1,-1,-1
54,3,565.08,211.40,21.02,57.19,0.89,1,-1,-1
54,4,325.46,216.17,25.01,59.06,0.93,1,-1,-1
54,7,181.20,229.62,36.59,59.06,0.96,1,-1,-1
54,9,124.49,223.32,31.27,77.79,0.92,1,-1,-1
54,10,533.63,206.13,17.50,60.25,0.82,1,-1,-1
54,12,633.56,218.88,6.79,26.91,0.64,1,-1,-1
55,1,545.46,208.51,19.60,58.55,0.79,1,-1,-1
55,2,416.30,210.38,19.26,61.96,0.76,1,-1,-1
55,3,564.74,207.32,22.04,61.45,0.90,1,-1,-1
55,4,313.92,218.55,36.56,57.19,0.96,1,-1,-1
55,7,178.60,228.60,29.92,59.91,0.92,1,-1,-1
55,8,521.06,211.57,17.55,35.41,0.81,1,-1,-1
55,9,118.46,223.15,23.34,78.30,0.89,1,-1,-1
55,10,536.20,206.98,15.75,58.22,0.75,1,-1,-1
56,1,545.09,207.15,20.00,59.57,0.81,1,-1,-1
56,2,418.39,211.40,24.92,60.77,0.88,1,-1,-1
56,3,564.09,207.83,23.34,60.09,0.88,1,-1,-1
56,4,310.68,219.57,38.80,57.53,0.95,1,-1,-1
56,7,173.64,227.74,21.70,60.77,0.90,1,-1,-1
56,8,518.57,211.57,16.41,34.89,0.72,1,-1,-1
56,9,106.41,224.17,32.69,77.28,0.93,1,-1,-1
56,10,538.22,208.68,14.07,55.15,0.69,1,-1,-1
57,1,545.81,207.66,20.25,58.55,0.74,1,-1,-1
57,2,420.76,211.91,30.34,60.26,0.88,1,-1,-1
57,3,564.11,209.19,23.65,57.36,0.84,1,-1,-1
57,4,310.15,219.40,34.61,58.04,0.94,1,-1,-1
57,7,167.56,229.11,23.78,59.57,0.92,1,-1,-1
57,8,518.30,212.25,15.93,33.87,0.82,1,-1,-1
57,9,100.79,225.02,37.50,75.91,0.94,1,-1,-1
57,10,539.34,207.83,14.54,55.83,0.73,1,-1,-1
58,1,547.12,211.06,18.98,54.81,0.77,1,-1,-1
58,2,428.52,211.23,20.93,59.40,0.83,1,-1,-1
58,3,565.48,212.07,22.61,51.27,0.50,1,-1,-1
58,4,308.71,217.87,23.78,59.57,0.91,1,-1,-1
58,7,154.62,228.77,35.85,60.09,0.94,1,-1,-1
58,8,515.04,212.94,15.68,29.28,0.75,1,-1,-1
58,9,97.70,224.17,33.42,75.23,0.94,1,-1,-1
58,10,541.12,206.81,15.73,55.15,0.73,1,-1,-1
59,1,548.43,210.38,18.39,54.98,0.74,1,-1,-1
59,2,433.87,210.21,20.06,59.91,0.83,1,-1,-1
59,3,569.40,208.51,21.87,54.12,0.77,1,-1,-1
59,4,303.44,217.36,17.18,60.09,0.87,1,-1,-1
59,7,152.45,229.62,34.84,59.74,0.94,1,-1,-1
59,8,513.52,212.77,16.00,32.51,0.84,1,-1,-1
59,9,92.74,222.98,25.37,75.23,0.92,1,-1,-1
59,10,542.96,206.47,14.77,56.17,0.72,1,-1,-1
60,1,548.23,208.34,20.49,56.51,0.76,1,-1,-1
60,2,436.03,210.04,22.51,58.21,0.82,1,-1,-1
60,3,570.15,209.02,21.39,54.30,0.83,1,-1,-1
60,4,292.09,217.70,27.86,60.60,0.93,1,-1,-1
60,7,150.80,228.60,25.52,60.43,0.93,1,-1,-1
60,8,511.92,211.92,16.83,30.13,0.83,1,-1,-1
60,9,87.76,222.98,22.02,75.40,0.91,1,-1,-1
60,10,541.96,208.17,15.42,50.91,0.64,1,-1,-1
61,1,548.81,208.85,20.68,57.02,0.75,1,-1,-1
61,2,441.18,211.57,27.80,56.51,0.84,1,-1,-1
61,3,570.21,206.64,24.33,56.17,0.87,1,-1,-1
61,4,281.22,220.94,38.07,58.55,0.95,1,-1,-1
61,7,142.18,228.43,21.92,60.77,0.92,1,-1,-1
61,8,509.14,212.60,17.65,32.68,0.87,1,-1,-1
61,9,69.71,225.02,38.56,73.19,0.95,1,-1,-1
61,10,539.57,211.74,16.80,45.45,0.70,1,-1,-1
62,1,550.94,211.23,22.19,54.64,0.80,1,-1,-1
62,2,444.70,211.74,24.49,55.83,0.88,1,-1,-1
62,3,570.89,214.81,24.32,48.00,0.89,1,-1,-1
62,4,279.31,221.28,35.78,59.23,0.94,1,-1,-1
62,7,130.55,229.79,31.70,59.40,0.94,1,-1,-1
62,8,507.79,212.77,17.31,33.02,0.88,1,-1,-1
62,9,68.09,225.87,37.50,72.34,0.94,1,-1,-1
62,10,538.59,212.09,19.44,44.25,0.69,1,-1,-1
63,1,551.84,212.08,21.40,54.64,0.84,1,-1,-1
63,2,452.76,210.72,19.23,57.70,0.86,1,-1,-1
63,3,572.87,214.47,23.42,48.34,0.90,1,-1,-1
63,4,277.64,222.30,25.57,58.04,0.88,1,-1,-1
63,7,125.35,230.30,34.99,58.89,0.96,1,-1,-1
63,8,505.10,212.26,17.93,32.17,0.87,1,-1,-1
63,9,64.73,224.51,29.58,72.85,0.92,1,-1,-1
63,10,536.61,211.07,19.67,44.93,0.69,1,-1,-1
64,1,552.12,208.85,20.51,56.85,0.79,1,-1,-1
64,2,455.28,210.38,20.62,58.21,0.85,1,-1,-1
64,3,573.54,212.94,23.42,50.04,0.87,1,-1,-1
64,4,274.16,224.00,18.97,56.17,0.80,1,-1,-1
64,7,124.39,229.62,29.78,59.23,0.94,1,-1,-1
64,8,504.31,211.57,14.43,31.15,0.83,1,-1,-1
64,9,60.23,223.49,23.15,74.04,0.91,1,-1,-1
64,10,535.24,210.04,19.70,46.64,0.83,1,-1,-1
65,1,551.20,208.17,20.32,55.15,0.84,1,-1,-1
65,2,461.72,210.55,21.65,57.87,0.86,1,-1,-1
65,3,574.55,212.26,21.74,50.38,0.90,1,-1,-1
65,4,264.60,221.11,25.03,59.23,0.93,1,-1,-1
65,7,119.37,228.77,20.83,60.26,0.89,1,-1,-1
65,8,502.72,211.57,15.24,32.34,0.85,1,-1,-1
65,9,53.15,224.34,24.51,73.19,0.92,1,-1,-1
65,10,534.26,210.55,20.29,45.45,0.86,1,-1,-1
66,1,552.61,208.00,21.22,55.15,0.73,1,-1,-1
66,2,463.40,211.40,22.68,56.34,0.91,1,-1,-1
66,3,574.56,213.11,19.69,49.70,0.91,1,-1,-1
66,4,251.58,221.62,37.51,59.23,0.94,1,-1,-1
66,7,113.65,229.11,20.84,59.74,0.90,1,-1,-1
66,8,501.07,211.74,16.16,30.81,0.83,1,-1,-1
66,9,44.20,226.55,32.95,70.98,0.93,1,-1,-1
66,10,532.52,211.57,19.70,45.62,0.84,1,-1,-1
67,1,552.91,208.34,21.31,54.13,0.77,1,-1,-1
67,2,467.43,211.57,20.73,54.98,0.87,1,-1,-1
67,3,574.91,213.45,19.33,49.53,0.89,1,-1,-1
67,4,248.66,223.66,40.14,57.36,0.94,1,-1,-1
67,7,102.24,229.45,31.96,59.40,0.95,1,-1,-1
67,8,499.99,211.91,16.28,31.32,0.81,1,-1,-1
67,9,41.83,227.57,33.72,70.13,0.94,1,-1,-1
67,10,531.53,211.74,19.64,44.60,0.86,1,-1,-1
68,1,554.56,208.34,21.39,54.81,0.70,1,-1,-1
68,2,473.20,210.72,19.69,54.81,0.88,1,-1,-1
68,3,575.25,213.45,18.99,49.19,0.88,1,-1,-1
68,4,247.43,223.66,35.31,58.72,0.94,1,-1,-1
68,7,98.48,230.13,33.46,59.06,0.94,1,-1,-1
68,8,499.05,211.74,17.82,30.98,0.80,1,-1,-1
68,9,36.71,226.38,26.99,70.64,0.92,1,-1,-1
68,10,528.82,211.57,19.30,42.72,0.86,1,-1,-1
69,1,556.86,208.00,19.83,54.47,0.75,1,-1,-1
69,2,478.93,210.89,18.07,55.32,0.83,1,-1,-1
69,3,575.59,213.62,18.31,47.66,0.86,1,-1,-1
69,4,246.35,222.64,25.43,59.57,0.91,1,-1,-1
69,7,97.34,230.13,27.18,59.06,0.94,1,-1,-1
69,8,497.25,211.74,17.37,31.32,0.76,1,-1,-1
69,9,31.89,225.87,20.49,71.49,0.79,1,-1,-1
69,10,528.12,210.89,18.67,42.72,0.85,1,-1,-1
70,1,558.76,206.64,18.40,55.49,0.65,1,-1,-1
70,2,479.39,210.38,26.64,55.49,0.91,1,-1,-1
70,3,575.63,213.45,19.93,46.13,0.88,1,-1,-1
70,4,240.54,221.96,18.24,59.74,0.87,1,-1,-1
70,7,91.74,229.11,19.16,60.25,0.88,1,-1,-1
70,8,495.82,212.08,15.15,31.15,0.77,1,-1,-1
70,9,27.65,226.38,22.51,70.98,0.85,1,-1,-1
70,10,526.09,210.89,18.32,42.89,0.87,1,-1,-1
70,13,551.86,207.83,14.24,47.15,0.71,1,-1,-1
71,1,558.06,208.17,19.13,53.96,0.71,1,-1,-1
71,2,481.74,212.94,27.03,51.24,0.87,1,-1,-1
71,3,575.95,212.94,21.33,46.81,0.89,1,-1,-1
71,4,228.20,223.32,29.88,59.91,0.93,1,-1,-1
71,7,86.75,229.62,19.77,59.06,0.90,1,-1,-1
71,8,495.96,212.36,13.38,28.85,0.21,1,-1,-1
71,9,13.38,235.74,35.44,61.11,0.86,1,-1,-1
71,10,525.08,211.40,17.97,42.04,0.87,1,-1,-1
71,13,551.04,210.04,14.53,44.60,0.43,1,-1,-1
72,1,558.30,208.68,19.00,53.96,0.71,1,-1,-1
72,2,490.05,212.60,21.60,52.60,0.87,1,-1,-1
72,3,575.95,213.28,22.33,46.13,0.88,1,-1,-1
72,4,218.68,226.04,38.90,58.38,0.94,1,-1,-1
72,7,76.10,230.64,30.04,58.72,0.94,1,-1,-1
72,9,11.52,228.77,32.03,68.08,0.90,1,-1,-1
72,10,523.06,212.26,17.96,41.53,0.86,1,-1,-1
72,13,550.23,211.74,14.80,44.25,0.54,1,-1,-1
73,1,559.28,209.02,18.05,53.28,0.76,1,-1,-1
73,2,490.29,211.41,25.20,53.62,0.82,1,-1,-1
73,3,577.95,213.79,21.38,45.45,0.86,1,-1,-1
73,4,216.10,226.38,39.16,59.23,0.94,1,-1,-1
73,7,73.60,230.81,29.79,58.38,0.94,1,-1,-1
73,9,9.33,227.06,15.76,70.13,0.84,1,-1,-1
73,10,521.38,211.57,18.93,41.53,0.85,1,-1,-1
73,13,549.57,213.28,14.42,41.71,0.56,1,-1,-1
74,1,561.04,209.70,17.23,49.37,0.76,1,-1,-1
74,2,501.30,211.06,21.47,53.28,0.88,1,-1,-1
74,3,579.66,213.79,21.03,45.45,0.88,1,-1,-1
74,4,215.45,225.36,26.56,60.43,0.90,1,-1,-1
74,7,69.66,229.62,21.95,58.72,0.90,1,-1,-1
74,8,489.48,212.26,13.93,31.66,0.73,1,-1,-1
74,9,3.06,226.38,21.49,69.45,0.91,1,-1,-1
74,10,518.98,210.72,19.00,42.04,0.81,1,-1,-1
74,13,548.77,213.11,12.96,39.66,0.75,1,-1,-1
74,14,302.20,220.60,5.08,12.77,0.75,1,-1,-1
75,1,562.33,208.17,16.70,50.89,0.80,1,-1,-1
75,2,503.76,212.60,22.65,51.23,0.88,1,-1,-1
75,3,580.66,212.77,20.37,46.47,0.89,1,-1,-1
75,4,208.84,224.68,17.92,60.77,0.88,1,-1,-1
75,6,547.80,213.45,13.55,36.26,0.81,1,-1,-1
75,7,63.76,229.79,20.75,58.89,0.90,1,-1,-1
75,8,486.51,213.11,15.46,30.81,0.81,1,-1,-1
75,9,0.01,228.94,23.45,67.92,0.93,1,-1,-1
75,10,518.20,210.89,16.82,42.89,0.80,1,-1,-1
75,13,558.04,208.19,12.68,48.14,0.56,1,-1,-1
75,14,302.55,220.77,4.90,11.92,0.76,1,-1,-1
76,1,562.79,212.42,16.11,46.30,0.71,1,-1,-1
76,2,509.83,211.92,19.33,51.23,0.69,1,-1,-1
76,3,581.00,212.26,19.35,46.98,0.89,1,-1,-1
76,4,197.19,225.70,28.84,59.74,0.92,1,-1,-1
76,6,547.44,213.79,12.91,35.92,0.84,1,-1,-1
76,7,52.49,230.47,28.96,58.38,0.94,1,-1,-1
76,8,485.14,213.28,15.14,27.07,0.81,1,-1,-1
76,9,-0.03,229.28,20.51,67.40,0.90,1,-1,-1
76,10,519.74,211.91,14.73,42.38,0.45,1,-1,-1
76,13,558.64,209.02,12.56,48.00,0.64,1,-1,-1
76,14,302.69,220.77,4.78,12.25,0.74,1,-1,-1
77,1,563.37,209.03,16.65,48.85,0.76,1,-1,-1
77,2,516.57,210.72,18.38,52.08,0.82,1,-1,-1
77,3,581.35,212.09,18.66,46.98,0.88,1,-1,-1
77,4,185.97,224.17,40.26,61.62,0.94,1,-1,-1
77,6,546.45,214.47,13.55,37.11,0.84,1,-1,-1
77,7,49.58,231.32,30.07,57.53,0.94,1,-1,-1
77,8,483.30,212.77,14.08,30.47,0.83,1,-1,-1
77,9,-0.47,230.13,11.15,64.85,0.81,1,-1,-1
77,13,558.97,209.70,11.89,45.96,0.68,1,-1,-1
77,14,302.72,220.60,5.23,12.94,0.74,1,-1,-1
78,1,564.42,209.02,16.91,48.68,0.76,1,-1,-1
78,2,518.41,210.72,20.48,52.59,0.78,1,-1,-1
78,3,581.69,212.77,17.98,46.13,0.89,1,-1,-1
78,4,183.74,227.40,40.16,58.72,0.94,1,-1,-1
78,6,545.44,214.47,13.53,35.06,0.87,1,-1,-1
78,7,48.62,230.13,24.46,58.21,0.94,1,-1,-1
78,8,482.39,212.60,13.53,27.58,0.87,1,-1,-1
78,10,512.57,211.75,13.52,38.30,0.55,1,-1,-1
78,13,559.31,208.68,12.23,48.00,0.69,1,-1,-1
78,14,302.87,220.43,5.28,13.45,0.73,1,-1,-1
79,1,564.46,206.98,18.54,50.72,0.76,1,-1,-1
79,2,519.05,212.26,26.31,50.21,0.90,1,-1,-1
79,3,582.39,213.11,18.27,44.77,0.85,1,-1,-1
79,4,183.16,227.74,29.61,58.21,0.93,1,-1,-1
79,6,544.40,214.30,13.23,34.72,0.86,1,-1,-1
79,7,43.46,229.79,19.65,58.89,0.90,1,-1,-1
79,8,480.34,213.62,14.90,29.62,0.88,1,-1,-1
79,10,510.23,211.06,17.50,40.85,0.84,1,-1,-1
79,13,559.65,208.00,11.90,47.66,0.74,1,-1,-1
79,14,303.22,220.43,5.08,12.94,0.72,1,-1,-1
80,1,565.39,208.17,17.35,49.19,0.77,1,-1,-1
80,2,523.35,210.72,23.13,51.40,0.90,1,-1,-1
80,3,582.75,212.77,19.25,43.23,0.86,1,-1,-1
80,4,178.03,225.70,22.75,60.25,0.89,1,-1,-1
80,6,543.06,213.45,14.21,36.42,0.83,1,-1,-1
80,7,39.52,229.96,18.50,58.72,0.90,1,-1,-1
80,8,478.66,213.96,15.89,29.11,0.88,1,-1,-1
80,10,509.47,210.89,17.32,42.04,0.84,1,-1,-1
80,13,560.00,207.66,11.87,47.83,0.76,1,-1,-1
80,14,303.56,220.60,4.91,12.43,0.74,1,-1,-1
81,1,565.46,207.32,18.58,50.72,0.78,1,-1,-1
81,2,531.71,211.57,16.91,50.72,0.85,1,-1,-1
81,3,582.39,212.09,20.64,43.91,0.87,1,-1,-1
81,4,169.60,226.38,24.79,59.23,0.91,1,-1,-1
81,6,543.90,214.64,12.87,37.28,0.70,1,-1,-1
81,7,31.54,231.15,25.47,57.19,0.94,1,-1,-1
81,8,476.59,213.28,15.30,29.96,0.86,1,-1,-1
81,10,508.49,211.74,16.57,38.30,0.85,1,-1,-1
81,13,560.34,207.83,11.18,44.77,0.73,1,-1,-1
81,14,303.90,220.60,4.91,12.43,0.70,1,-1,-1
82,1,566.07,207.66,17.69,50.04,0.79,1,-1,-1
82,2,537.96,210.21,16.63,51.23,0.87,1,-1,-1
82,3,582.71,212.09,20.35,43.74,0.87,1,-1,-1
82,4,155.72,227.91,37.79,58.38,0.94,1,-1,-1
82,7,29.98,231.15,22.92,57.53,0.92,1,-1,-1
82,8,474.88,213.28,13.29,29.45,0.86,1,-1,-1
82,10,506.44,212.09,16.95,39.15,0.88,1,-1,-1
82,13,560.35,209.02,11.17,44.26,0.73,1,-1,-1
82,14,303.73,220.26,5.42,13.62,0.76,1,-1,-1
82,15,297.29,221.62,4.92,9.36,0.70,1,-1,-1
83,1,567.13,208.51,17.26,47.83,0.79,1,-1,-1
83,2,539.71,211.91,20.24,49.70,0.89,1,-1,-1
83,3,582.71,212.26,20.34,43.57,0.87,1,-1,-1
83,4,152.38,228.09,39.65,58.55,0.95,1,-1,-1
83,7,28.23,230.81,15.28,57.36,0.83,1,-1,-1
83,8,472.91,213.79,13.50,28.09,0.81,1,-1,-1
83,10,504.73,211.40,15.97,38.81,0.85,1,-1,-1
83,13,560.41,209.02,11.72,42.90,0.71,1,-1,-1
83,14,303.90,220.26,5.26,13.28,0.76,1,-1,-1
83,15,297.45,221.45,4.77,9.53,0.70,1,-1,-1
84,1,567.75,209.02,15.35,46.81,0.82,1,-1,-1
84,2,540.37,211.74,21.64,48.85,0.88,1,-1,-1
84,3,583.06,211.91,20.32,42.21,0.89,1,-1,-1
84,4,151.49,228.09,32.96,58.21,0.93,1,-1,-1
84,7,28.60,237.95,11.65,50.39,0.74,1,-1,-1
84,8,472.19,213.96,13.25,29.11,0.85,1,-1,-1
84,10,503.72,210.55,15.94,39.32,0.84,1,-1,-1
84,13,558.70,208.68,12.78,44.93,0.68,1,-1,-1
84,14,303.89,220.43,5.27,13.62,0.76,1,-1,-1
84,15,297.64,221.45,4.89,9.53,0.70,1,-1,-1
85,1,567.12,207.83,15.60,47.83,0.81,1,-1,-1
85,2,548.54,210.21,16.14,50.21,0.80,1,-1,-1
85,3,583.39,212.09,20.34,42.38,0.90,1,-1,-1
85,4,149.56,226.04,21.56,60.60,0.91,1,-1,-1
85,6,539.67,213.79,12.86,34.55,0.82,1,-1,-1
85,7,10.05,230.98,26.44,57.36,0.90,1,-1,-1
85,8,470.17,213.45,12.87,27.75,0.87,1,-1,-1
85,10,502.05,211.06,16.58,38.81,0.86,1,-1,-1
85,13,559.23,207.66,12.05,44.43,0.59,1,-1,-1
85,14,303.90,220.43,5.26,13.62,0.75,1,-1,-1
85,15,297.78,221.45,4.77,9.53,0.68,1,-1,-1
86,1,567.43,207.15,15.30,49.19,0.83,1,-1,-1
86,2,553.11,210.04,13.78,48.85,0.76,1,-1,-1
86,3,583.38,211.74,19.68,42.72,0.90,1,-1,-1
86,4,144.14,225.53,20.70,60.77,0.90,1,-1,-1
86,6,538.99,214.30,12.87,33.53,0.87,1,-1,-1
86,7,7.43,231.66,28.62,56.51,0.89,1,-1,-1
86,8,468.49,212.94,13.19,27.23,0.84,1,-1,-1
86,10,501.03,211.74,16.59,37.79,0.87,1,-1,-1
86,13,559.66,207.61,11.61,45.26,0.33,1,-1,-1
86,14,303.90,220.26,5.42,13.96,0.74,1,-1,-1
86,15,297.96,221.45,4.75,9.53,0.64,1,-1,-1
87,1,568.72,208.00,13.74,49.36,0.77,1,-1,-1
87,2,555.34,207.32,18.47,53.10,0.84,1,-1,-1
87,3,583.01,211.91,17.37,43.06,0.88,1,-1,-1
87,4,131.58,227.06,30.24,59.40,0.93,1,-1,-1
87,6,537.98,214.13,13.20,32.51,0.89,1,-1,-1
87,7,6.10,232.85,18.10,55.49,0.90,1,-1,-1
87,8,467.11,212.60,12.90,27.40,0.86,1,-1,-1
87,10,499.00,212.26,17.25,37.79,0.85,1,-1,-1
87,14,303.90,220.26,5.42,13.96,0.74,1,-1,-1
87,15,297.97,221.28,4.75,9.53,0.64,1,-1,-1
88,1,569.36,207.32,12.46,49.19,0.68,1,-1,-1
88,2,555.68,207.15,24.91,52.77,0.89,1,-1,-1
88,3,582.36,212.43,16.31,42.55,0.86,1,-1,-1
88,4,123.25,229.11,38.42,58.04,0.95,1,-1,-1
88,6,537.28,213.96,12.89,32.34,0.88,1,-1,-1
88,7,1.54,231.49,19.23,57.19,0.90,1,-1,-1
88,8,465.76,213.11,13.56,28.77,0.89,1,-1,-1
88,10,498.28,211.92,15.64,36.09,0.85,1,-1,-1
88,14,303.89,220.26,5.27,13.96,0.75,1,-1,-1
88,15,298.13,221.28,4.76,9.70,0.67,1,-1,-1
89,2,559.66,211.57,22.38,47.66,0.87,1,-1,-1
89,3,581.39,213.45,17.22,40.85,0.86,1,-1,-1
89,4,121.19,229.79,37.96,57.02,0.94,1,-1,-1
89,6,536.27,213.79,13.22,33.19,0.87,1,-1,-1
89,7,-0.08,231.83,15.20,56.85,0.89,1,-1,-1
89,8,464.09,213.45,15.20,28.43,0.88,1,-1,-1
89,10,496.95,211.74,15.25,34.72,0.87,1,-1,-1
89,13,556.29,208.00,12.52,42.72,0.83,1,-1,-1
89,14,304.07,220.43,5.25,13.79,0.76,1,-1,-1
89,15,298.30,221.28,4.75,9.70,0.67,1,-1,-1
90,2,566.23,209.36,18.05,49.70,0.81,1,-1,-1
90,3,582.30,213.45,15.05,40.34,0.82,1,-1,-1
90,4,120.33,228.43,26.79,57.87,0.92,1,-1,-1
90,6,534.94,214.30,13.85,33.19,0.81,1,-1,-1
90,7,-0.11,233.87,13.74,55.15,0.89,1,-1,-1
90,8,462.01,213.11,12.93,25.87,0.85,1,-1,-1
90,10,495.26,211.57,16.26,36.59,0.86,1,-1,-1
90,13,555.59,207.49,12.56,43.74,0.83,1,-1,-1
90,14,304.42,220.43,5.23,13.28,0.74,1,-1,-1
90,15,298.64,221.28,4.75,9.70,0.67,1,-1,-1
91,1,563.15,208.51,15.75,44.09,0.76,1,-1,-1
91,2,575.04,209.53,14.32,49.36,0.76,1,-1,-1
91,3,582.68,213.62,15.32,42.89,0.79,1,-1,-1
91,4,114.79,226.38,19.07,60.42,0.89,1,-1,-1
91,6,534.23,213.96,13.57,33.02,0.85,1,-1,-1
91,7,-0.06,241.36,10.53,48.01,0.80,1,-1,-1
91,8,460.01,212.94,12.86,25.02,0.85,1,-1,-1
91,10,493.59,212.43,16.21,33.19,0.86,1,-1,-1
91,13,554.53,207.49,11.28,43.40,0.80,1,-1,-1
91,14,304.74,220.43,5.26,13.45,0.73,1,-1,-1
91,15,298.84,221.28,4.86,9.53,0.63,1,-1,-1
92,1,559.89,209.87,18.53,42.21,0.74,1,-1,-1
92,2,576.39,210.38,21.12,48.00,0.87,1,-1,-1
92,4,102.58,227.23,27.63,59.06,0.93,1,-1,-1
92,6,533.58,214.47,13.51,30.64,0.84,1,-1,-1
92,8,458.61,213.62,12.61,27.40,0.85,1,-1,-1
92,10,492.87,212.60,14.94,32.17,0.87,1,-1,-1
92,13,552.78,208.34,15.46,41.53,0.78,1,-1,-1
92,14,304.91,220.26,5.25,13.45,0.77,1,-1,-1
92,15,298.87,221.11,5.15,9.02,0.67,1,-1,-1
93,1,558.17,210.55,15.20,38.98,0.73,1,-1,-1
93,2,578.30,210.04,20.68,47.32,0.89,1,-1,-1
93,4,94.34,229.28,35.89,57.36,0.95,1,-1,-1
93,6,533.21,215.32,12.89,29.96,0.87,1,-1,-1
93,8,458.29,213.96,12.22,27.40,0.85,1,-1,-1
93,10,491.54,212.09,15.56,31.15,0.88,1,-1,-1
93,13,551.52,208.68,14.92,40.17,0.80,1,-1,-1
93,14,305.09,220.26,5.25,13.28,0.77,1,-1,-1
93,15,298.84,221.11,5.38,9.02,0.69,1,-1,-1
94,1,556.46,210.55,12.51,41.36,0.79,1,-1,-1
94,2,586.10,208.68,15.26,48.17,0.77,1,-1,-1
94,3,577.27,213.11,14.29,41.36,0.62,1,-1,-1
94,4,91.87,230.30,37.28,56.51,0.95,1,-1,-1
94,6,532.18,213.79,12.26,30.98,0.85,1,-1,-1
94,8,456.61,213.28,12.21,27.57,0.86,1,-1,-1
94,10,490.16,211.57,16.30,33.87,0.86,1,-1,-1
94,13,551.16,209.02,9.89,40.68,0.74,1,-1,-1
94,14,305.42,220.43,4.92,12.43,0.73,1,-1,-1
94,15,298.98,221.28,5.26,8.85,0.67,1,-1,-1
95,1,554.33,211.23,13.72,40.51,0.76,1,-1,-1
95,2,589.82,209.53,14.60,46.98,0.81,1,-1,-1
95,3,576.72,213.45,15.37,37.96,0.76,1,-1,-1
95,4,91.31,229.62,30.76,56.85,0.93,1,-1,-1
95,6,530.85,213.28,12.53,31.32,0.80,1,-1,-1
95,8,455.92,212.77,11.90,28.60,0.86,1,-1,-1
95,10,489.49,211.57,16.28,34.04,0.86,1,-1,-1
95,13,550.54,208.17,10.45,42.04,0.65,1,-1,-1
95,14,305.26,220.77,5.06,12.43,0.73,1,-1,-1
95,15,299.15,221.45,5.25,8.85,0.69,1,-1,-1
96,1,550.88,209.87,15.87,42.38,0.86,1,-1,-1
96,2,591.23,210.04,18.56,46.30,0.90,1,-1,-1
96,3,575.62,211.92,17.23,36.43,0.89,1,-1,-1
96,4,88.51,227.75,20.86,59.06,0.90,1,-1,-1
96,6,529.49,212.43,12.89,32.51,0.82,1,-1,-1
96,8,454.62,212.94,12.13,24.68,0.86,1,-1,-1
96,10,488.46,212.26,15.62,34.04,0.85,1,-1,-1
96,14,305.75,220.60,4.76,11.75,0.52,1,-1,-1
96,15,299.32,221.28,5.25,8.85,0.69,1,-1,-1
97,1,549.10,207.66,14.34,44.08,0.85,1,-1,-1
97,2,592.52,209.70,16.66,45.28,0.87,1,-1,-1
97,3,572.87,212.08,18.32,39.49,0.85,1,-1,-1
97,4,83.64,227.40,19.93,59.23,0.91,1,-1,-1
97,6,528.14,211.40,13.55,33.87,0.82,1,-1,-1
97,8,453.21,213.45,12.57,27.23,0.87,1,-1,-1
97,10,486.78,212.60,14.92,32.85,0.88,1,-1,-1
97,15,299.31,221.28,5.27,9.02,0.69,1,-1,-1
98,1,547.10,208.00,13.60,44.60,0.85,1,-1,-1
98,2,597.45,209.36,11.88,42.22,0.79,1,-1,-1
98,3,573.18,211.91,16.68,39.66,0.86,1,-1,-1
98,4,74.39,228.43,26.08,58.04,0.94,1,-1,-1
98,6,526.80,211.91,13.87,33.02,0.84,1,-1,-1
98,8,452.89,213.62,12.18,25.02,0.87,1,-1,-1
98,10,485.09,212.26,15.24,32.68,0.88,1,-1,-1
98,15,299.32,221.28,5.43,9.36,0.70,1,-1,-1
99,1,542.11,208.51,16.46,43.40,0.85,1,-1,-1
99,3,571.55,214.47,16.56,37.11,0.85,1,-1,-1
99,4,64.44,230.64,35.61,56.17,0.94,1,-1,-1
99,6,526.07,214.13,12.27,31.15,0.80,1,-1,-1
99,8,451.86,213.28,11.53,24.00,0.86,1,-1,-1
99,10,483.72,212.09,14.94,33.53,0.87,1,-1,-1
99,15,299.72,221.45,5.63,8.51,0.69,1,-1,-1
100,1,541.37,208.00,17.26,43.91,0.84,1,-1,-1
100,3,571.21,216.00,16.22,34.89,0.82,1,-1,-1
100,4,62.67,230.64,36.39,56.34,0.95,1,-1,-1
100,6,525.77,211.41,13.53,33.87,0.75,1,-1,-1
100,8,451.86,213.11,11.20,24.17,0.87,1,-1,-1
100,10,483.38,212.09,14.60,34.04,0.87,1,-1,-1
100,15,299.65,221.28,5.96,9.19,0.64,1,-1,-1
101,1,540.30,207.83,16.69,45.62,0.83,1,-1,-1
101,2,613.57,209.36,13.20,41.87,0.84,1,-1,-1
101,3,569.45,212.09,16.01,38.81,0.86,1,-1,-1
101,4,62.43,229.79,27.38,57.02,0.92,1,-1,-1
101,6,524.40,213.62,12.55,31.83,0.83,1,-1,-1
101,8,451.53,213.62,11.18,23.83,0.84,1,-1,-1
101,10,482.05,212.77,14.55,32.17,0.86,1,-1,-1
101,15,300.03,221.45,7.05,8.68,0.46,1,-1,-1
102,1,538.29,211.06,14.61,40.52,0.75,1,-1,-1
102,2,613.93,208.68,15.54,43.57,0.88,1,-1,-1
102,3,568.49,211.40,17.93,40.85,0.87,1,-1,-1
102,4,58.82,228.26,19.39,58.72,0.91,1,-1,-1
102,6,523.41,214.13,12.51,29.62,0.86,1,-1,-1
102,8,451.18,213.79,10.86,23.49,0.82,1,-1,-1
102,10,480.69,213.28,14.55,30.47,0.87,1,-1,-1
103,1,536.57,208.00,14.99,43.40,0.76,1,-1,-1
103,2,617.90,207.66,13.35,44.77,0.85,1,-1,-1
103,3,567.10,210.89,19.36,45.78,0.83,1,-1,-1
103,4,53.73,228.09,19.74,58.72,0.90,1,-1,-1
103,6,522.38,214.13,12.53,28.94,0.86,1,-1,-1
103,8,451.19,213.45,10.83,22.81,0.83,1,-1,-1
103,10,479.33,212.43,15.24,31.49,0.84,1,-1,-1
103,13,544.44,207.83,11.12,38.81,0.59,1,-1,-1
104,1,535.21,212.59,12.30,38.30,0.77,1,-1,-1
104,2,621.02,206.98,13.56,45.28,0.86,1,-1,-1
104,3,566.17,211.74,19.19,38.64,0.85,1,-1,-1
104,4,42.73,229.45,28.51,57.02,0.94,1,-1,-1
104,6,520.69,214.13,12.86,28.43,0.85,1,-1,-1
104,8,451.17,212.94,10.20,22.81,0.84,1,-1,-1
104,10,478.31,211.74,14.90,29.96,0.87,1,-1,-1
104,13,542.74,208.51,12.15,38.81,0.83,1,-1,-1
105,1,533.25,212.77,13.16,38.13,0.82,1,-1,-1
105,2,622.42,208.00,16.86,44.09,0.90,1,-1,-1
105,3,564.77,213.11,19.61,36.94,0.86,1,-1,-1
105,4,37.07,230.81,33.97,56.34,0.95,1,-1,-1
105,6,519.64,213.79,12.58,29.28,0.83,1,-1,-1
105,8,450.85,212.94,10.16,22.30,0.84,1,-1,-1
105,10,477.60,211.74,14.29,31.49,0.87,1,-1,-1
105,13,542.04,208.85,12.18,37.79,0.83,1,-1,-1
106,1,531.48,210.73,12.98,39.32,0.72,1,-1,-1
106,2,623.39,208.17,16.61,43.74,0.89,1,-1,-1
106,3,562.74,212.43,20.27,36.77,0.80,1,-1,-1
106,4,35.78,230.47,33.38,57.36,0.93,1,-1,-1
106,6,518.98,213.62,12.21,28.94,0.85,1,-1,-1
106,8,450.18,213.28,10.48,21.96,0.84,1,-1,-1
106,10,475.93,212.26,14.57,32.00,0.89,1,-1,-1
106,13,540.40,208.34,13.43,36.77,0.81,1,-1,-1
106,16,360.68,217.53,8.14,18.38,0.77,1,-1,-1
107,1,529.40,209.70,12.40,39.83,0.64,1,-1,-1
107,2,627.39,206.47,12.68,42.21,0.86,1,-1,-1
107,3,560.35,211.75,20.32,36.43,0.81,1,-1,-1
107,4,35.84,229.96,26.75,57.53,0.92,1,-1,-1
107,6,518.29,213.96,11.55,28.77,0.85,1,-1,-1
107,8,450.17,213.28,10.18,21.62,0.84,1,-1,-1
107,10,473.92,212.77,15.89,31.83,0.89,1,-1,-1
107,13,538.99,208.00,14.56,39.15,0.84,1,-1,-1
107,16,359.66,217.70,8.14,18.72,0.77,1,-1,-1
108,1,527.16,212.25,13.81,38.30,0.84,1,-1,-1
108,2,631.74,204.26,9.40,44.76,0.57,1,-1,-1
108,3,560.93,211.06,17.46,38.13,0.85,1,-1,-1
108,4,33.03,229.11,19.94,58.21,0.87,1,-1,-1
108,6,517.64,214.30,11.17,26.89,0.85,1,-1,-1
108,8,449.49,212.94,10.17,21.79,0.84,1,-1,-1
108,10,472.88,213.28,15.25,30.47,0.88,1,-1,-1
108,13,537.94,207.49,13.62,39.15,0.83,1,-1,-1
108,16,358.98,217.53,8.14,18.89,0.83,1,-1,-1
109,1,524.77,211.23,15.20,40.00,0.83,1,-1,-1
109,3,559.72,211.40,19.54,37.62,0.84,1,-1,-1
109,4,28.50,228.77,18.60,58.21,0.88,1,-1,-1
109,6,516.27,213.79,11.52,27.74,0.79,1,-1,-1
109,8,449.48,212.09,9.86,22.30,0.84,1,-1,-1
109,10,471.52,213.28,14.59,29.96,0.88,1,-1,-1
109,13,536.86,208.00,11.36,38.47,0.80,1,-1,-1
109,16,358.32,217.36,8.11,18.21,0.80,1,-1,-1
110,1,523.74,212.76,14.21,36.43,0.82,1,-1,-1
110,3,558.94,211.91,16.69,37.11,0.88,1,-1,-1
110,4,27.72,229.78,16.57,58.89,0.52,1,-1,-1
110,6,515.21,213.62,10.25,27.06,0.80,1,-1,-1
110,8,449.49,212.26,9.83,22.30,0.83,1,-1,-1
110,10,470.50,212.77,14.25,29.96,0.87,1,-1,-1
110,13,535.96,208.51,11.82,37.28,0.83,1,-1,-1
110,16,357.96,217.19,8.14,18.38,0.81,1,-1,-1
110,17,11.94,229.79,31.49,57.53,0.87,1,-1,-1
111,1,522.32,212.26,12.65,35.74,0.80,1,-1,-1
111,3,557.62,212.60,15.61,36.09,0.88,1,-1,-1
111,6,514.25,214.13,10.49,27.23,0.76,1,-1,-1
111,8,449.51,212.94,9.80,21.11,0.83,1,-1,-1
111,10,469.15,212.60,14.24,30.30,0.88,1,-1,-1
111,13,535.27,209.02,12.18,36.77,0.85,1,-1,-1
111,16,356.96,217.53,8.45,18.21,0.82,1,-1,-1
111,17,11.61,245.62,31.18,41.70,0.85,1,-1,-1
112,1,520.99,211.75,12.60,37.62,0.81,1,-1,-1
112,3,556.27,211.74,15.60,36.77,0.88,1,-1,-1
112,6,513.22,213.62,10.18,26.72,0.79,1,-1,-1
112,8,449.81,212.43,9.19,21.11,0.83,1,-1,-1
112,10,467.46,212.60,14.91,31.32,0.87,1,-1,-1
112,13,533.56,208.68,12.21,36.94,0.83,1,-1,-1
112,16,356.60,217.70,8.49,18.72,0.82,1,-1,-1
112,17,11.18,229.28,30.17,58.38,0.86,1,-1,-1
113,1,519.32,212.43,12.54,37.28,0.81,1,-1,-1
113,3,554.26,211.57,17.92,36.94,0.91,1,-1,-1
113,4,9.68,231.66,13.69,56.00,0.88,1,-1,-1
113,6,511.23,213.62,11.09,27.23,0.75,1,-1,-1
113,8,449.82,211.40,9.17,21.79,0.82,1,-1,-1
113,10,466.44,212.43,14.24,29.96,0.88,1,-1,-1
113,13,532.49,208.34,10.61,37.45,0.84,1,-1,-1
113,16,356.25,217.02,8.52,19.91,0.80,1,-1,-1
114,1,517.99,212.43,12.16,34.73,0.79,1,-1,-1
114,3,553.56,211.23,18.30,37.11,0.88,1,-1,-1
114,4,6.20,230.30,15.89,57.19,0.89,1,-1,-1
114,6,510.09,213.11,9.99,28.25,0.77,1,-1,-1
114,8,449.84,211.06,9.48,22.13,0.82,1,-1,-1
114,10,466.10,212.43,13.56,28.43,0.87,1,-1,-1
114,13,530.88,208.17,11.13,36.60,0.82,1,-1,-1
114,16,355.93,217.19,8.13,18.89,0.80,1,-1,-1
115,1,516.95,211.24,12.19,34.55,0.76,1,-1,-1
115,3,552.21,212.43,18.63,36.94,0.87,1,-1,-1
115,4,0.06,231.66,19.61,55.83,0.91,1,-1,-1
115,6,508.49,213.28,10.15,28.09,0.78,1,-1,-1
115,8,449.49,210.89,9.49,22.13,0.82,1,-1,-1
115,10,464.07,212.60,13.56,28.43,0.88,1,-1,-1
115,13,527.16,208.85,14.15,36.77,0.88,1,-1,-1
115,16,355.29,217.70,8.07,17.70,0.74,1,-1,-1
116,1,515.58,211.74,11.90,35.06,0.82,1,-1,-1
116,3,551.54,212.94,17.94,33.87,0.88,1,-1,-1
116,4,-0.06,233.19,19.05,53.96,0.92,1,-1,-1
116,6,508.12,213.11,9.85,27.58,0.70,1,-1,-1
116,8,448.50,210.89,10.46,22.13,0.85,1,-1,-1
116,10,462.38,212.94,14.23,29.45,0.88,1,-1,-1
116,13,526.45,209.19,14.23,36.26,0.87,1,-1,-1
116,16,354.57,217.70,8.15,18.21,0.77,1,-1,-1
117,1,513.91,211.91,12.51,35.91,0.79,1,-1,-1
117,3,550.83,212.77,17.66,34.72,0.85,1,-1,-1
117,4,-0.09,232.17,18.17,55.83,0.87,1,-1,-1
117,6,506.46,212.43,10.13,28.08,0.56,1,-1,-1
117,8,448.13,210.55,10.51,22.30,0.84,1,-1,-1
117,10,461.36,213.62,14.56,29.28,0.87,1,-1,-1
117,13,525.10,208.51,15.56,37.62,0.86,1,-1,-1
117,16,353.90,217.70,8.14,18.21,0.83,1,-1,-1
118,1,510.94,211.74,14.73,36.25,0.80,1,-1,-1
118,3,549.44,212.43,16.04,35.06,0.84,1,-1,-1
118,4,-0.04,244.75,12.68,41.89,0.71,1,-1,-1
118,6,505.40,212.26,9.87,27.75,0.58,1,-1,-1
118,8,448.13,210.55,10.18,21.96,0.82,1,-1,-1
118,10,460.33,213.62,13.91,28.94,0.89,1,-1,-1
118,13,523.70,208.17,13.96,36.43,0.84,1,-1,-1
118,16,353.57,217.36,8.45,17.87,0.83,1,-1,-1
119,1,510.82,212.08,14.28,35.92,0.73,1,-1,-1
119,3,549.14,212.09,15.63,35.57,0.84,1,-1,-1
119,6,504.67,212.59,9.31,28.42,0.66,1,-1,-1
119,8,447.83,211.23,10.78,21.62,0.80,1,-1,-1
119,10,458.98,212.77,14.24,29.79,0.88,1,-1,-1
119,13,522.30,207.66,11.34,37.11,0.84,1,-1,-1
119,16,352.88,217.53,8.48,18.04,0.85,1,-1,-1
120,1,506.55,212.09,15.03,32.85,0.76,1,-1,-1
120,3,548.84,218.72,13.51,28.09,0.86,1,-1,-1
120,6,503.46,213.10,8.00,27.24,0.44,1,-1,-1
120,8,448.11,211.57,10.22,21.62,0.79,1,-1,-1
120,10,456.96,212.60,14.55,29.28,0.84,1,-1,-1
120,13,520.94,207.83,8.97,35.24,0.80,1,-1,-1
120,16,352.54,217.70,8.14,17.53,0.83,1,-1,-1
121,1,504.16,211.41,15.07,34.54,0.42,1,-1,-1
121,3,547.47,217.53,14.54,29.28,0.82,1,-1,-1
121,6,501.47,214.06,8.96,26.11,0.38,1,-1,-1
121,8,447.81,211.57,10.15,20.94,0.82,1,-1,-1
121,10,456.58,212.77,13.62,29.96,0.85,1,-1,-1
121,13,519.03,208.85,10.75,35.40,0.84,1,-1,-1
121,16,352.21,217.87,8.12,17.02,0.84,1,-1,-1
122,1,503.03,212.08,13.94,32.68,0.73,1,-1,-1
122,3,546.11,218.38,14.90,29.45,0.81,1,-1,-1
122,6,500.50,213.16,9.02,27.13,0.33,1,-1,-1
122,8,447.76,211.40,9.56,21.11,0.79,1,-1,-1
122,10,456.26,213.62,12.56,28.43,0.84,1,-1,-1
122,13,517.65,208.85,12.15,35.23,0.87,1,-1,-1
122,16,351.87,217.53,8.47,17.70,0.83,1,-1,-1
123,1,502.68,212.93,13.61,32.51,0.67,1,-1,-1
123,3,545.12,214.64,18.24,33.36,0.85,1,-1,-1
123,6,498.76,215.14,8.92,24.86,0.49,1,-1,-1
123,8,447.12,211.40,9.48,20.77,0.80,1,-1,-1
123,10,455.28,213.96,12.48,26.04,0.83,1,-1,-1
123,13,515.85,208.51,10.35,35.06,0.78,1,-1,-1
123,16,351.17,217.36,8.16,17.87,0.81,1,-1,-1
124,1,498.41,212.26,14.38,30.64,0.74,1,-1,-1
124,3,544.43,214.98,18.93,32.51,0.85,1,-1,-1
124,6,497.50,214.00,9.18,26.06,0.24,1,-1,-1
124,8,446.79,211.74,9.47,20.26,0.81,1,-1,-1
124,10,454.23,213.62,12.55,26.38,0.84,1,-1,-1
124,13,513.88,208.17,10.21,36.42,0.82,1,-1,-1
124,16,350.84,217.53,8.15,18.38,0.82,1,-1,-1
125,1,498.56,212.09,13.40,32.17,0.77,1,-1,-1
125,3,544.07,215.83,18.30,31.32,0.79,1,-1,-1
125,8,446.78,211.74,9.49,20.26,0.78,1,-1,-1
125,10,452.90,213.11,13.52,26.89,0.84,1,-1,-1
125,13,512.23,208.68,11.12,35.23,0.85,1,-1,-1
125,16,350.51,218.04,7.80,17.70,0.77,1,-1,-1
126,1,496.65,211.91,14.84,32.85,0.82,1,-1,-1
126,3,542.41,215.83,18.24,29.45,0.82,1,-1,-1
126,8,446.09,211.58,9.52,20.42,0.50,1,-1,-1
126,10,451.49,212.94,13.63,27.91,0.72,1,-1,-1
126,13,509.54,209.19,13.13,34.89,0.86,1,-1,-1
126,16,349.84,217.87,8.12,17.87,0.83,1,-1,-1
127,1,495.27,213.11,14.89,32.34,0.80,1,-1,-1
127,3,541.95,214.13,17.11,32.17,0.83,1,-1,-1
127,6,492.79,213.62,7.64,26.04,0.56,1,-1,-1
127,10,447.88,212.43,16.77,29.96,0.80,1,-1,-1
127,13,508.49,209.70,13.53,34.38,0.85,1,-1,-1
127,16,349.15,217.70,8.13,17.87,0.84,1,-1,-1
128,1,493.58,212.77,15.21,32.00,0.78,1,-1,-1
128,3,540.98,212.60,15.34,31.15,0.82,1,-1,-1
128,6,491.40,213.19,7.40,26.17,0.33,1,-1,-1
128,10,446.43,212.09,16.30,30.30,0.85,1,-1,-1
128,13,506.47,209.02,15.20,35.06,0.86,1,-1,-1
128,14,311.69,220.26,5.26,14.64,0.69,1,-1,-1
128,16,348.48,217.53,8.13,17.53,0.83,1,-1,-1
129,1,491.45,212.60,13.37,30.64,0.75,1,-1,-1
129,3,540.31,215.15,13.96,30.30,0.82,1,-1,-1
129,6,489.78,212.77,6.89,25.87,0.58,1,-1,-1
129,10,446.09,212.09,15.61,30.13,0.88,1,-1,-1
129,13,505.01,208.85,12.02,34.89,0.85,1,-1,-1
129,14,311.38,220.09,6.06,15.66,0.78,1,-1,-1
129,16,348.46,218.04,7.48,17.02,0.83,1,-1,-1
130,1,488.48,212.26,14.57,33.02,0.84,1,-1,-1
130,3,539.33,217.02,13.20,28.09,0.80,1,-1,-1
130,10,446.08,211.74,13.93,28.60,0.87,1,-1,-1
130,13,502.92,208.68,9.42,34.55,0.78,1,-1,-1
130,14,311.70,220.09,6.10,15.66,0.76,1,-1,-1
130,16,347.81,218.21,7.78,17.02,0.83,1,-1,-1
131,1,487.11,212.94,13.92,32.34,0.83,1,-1,-1
131,3,537.95,214.64,13.92,30.30,0.81,1,-1,-1
131,10,446.08,211.57,12.92,28.94,0.88,1,-1,-1
131,13,501.40,209.87,10.42,33.53,0.82,1,-1,-1
131,14,311.87,219.92,6.26,15.83,0.76,1,-1,-1
131,16,347.43,217.70,7.84,18.55,0.81,1,-1,-1
132,1,486.11,213.62,12.53,28.43,0.85,1,-1,-1
132,3,536.30,214.81,14.52,30.64,0.77,1,-1,-1
132,10,445.08,211.40,12.89,29.28,0.88,1,-1,-1
132,13,499.69,210.21,11.80,32.51,0.86,1,-1,-1
132,14,312.19,220.08,6.12,15.83,0.76,1,-1,-1
132,15,305.41,221.11,5.96,16.00,0.75,1,-1,-1
132,16,346.81,217.70,8.07,17.02,0.81,1,-1,-1
133,1,485.75,213.45,12.22,28.08,0.80,1,-1,-1
133,3,535.25,213.28,15.26,32.51,0.82,1,-1,-1
133,10,444.41,211.23,13.21,29.62,0.85,1,-1,-1
133,13,498.97,209.87,11.56,33.19,0.83,1,-1,-1
133,14,312.36,220.09,5.95,16.00,0.78,1,-1,-1
133,15,305.43,221.11,6.09,16.00,0.78,1,-1,-1
133,16,346.58,217.87,7.68,17.53,0.81,1,-1,-1
134,1,484.72,212.77,12.59,30.81,0.83,1,-1,-1
134,3,533.57,211.75,17.61,37.10,0.80,1,-1,-1
134,10,443.41,212.77,12.51,26.55,0.85,1,-1,-1
134,13,496.58,209.36,10.58,32.68,0.80,1,-1,-1
134,14,312.37,220.26,5.93,15.83,0.78,1,-1,-1
134,15,305.44,221.28,6.24,15.66,0.78,1,-1,-1
134,16,345.93,218.21,7.63,17.36,0.82,1,-1,-1
135,1,483.39,213.45,12.88,31.32,0.83,1,-1,-1
135,3,533.25,211.91,17.23,32.68,0.88,1,-1,-1
135,10,442.05,213.45,12.51,25.70,0.82,1,-1,-1
135,13,494.58,209.70,10.84,33.19,0.83,1,-1,-1
135,14,312.53,220.26,5.78,16.00,0.78,1,-1,-1
135,15,305.59,221.28,6.11,15.49,0.77,1,-1,-1
135,16,345.40,218.04,7.16,17.70,0.82,1,-1,-1
136,1,482.05,213.79,13.52,30.64,0.86,1,-1,-1
136,3,532.21,212.08,17.61,32.17,0.88,1,-1,-1
136,10,441.36,213.62,12.53,25.19,0.83,1,-1,-1
136,13,493.93,211.06,11.13,31.83,0.81,1,-1,-1
136,14,312.71,220.26,5.61,15.83,0.77,1,-1,-1
136,15,305.77,221.28,6.10,15.32,0.79,1,-1,-1
136,16,344.92,217.87,6.94,16.68,0.82,1,-1,-1
137,1,480.00,212.60,13.89,31.15,0.85,1,-1,-1
137,3,530.84,212.08,16.97,31.66,0.86,1,-1,-1
137,10,440.00,213.45,13.22,26.55,0.87,1,-1,-1
137,13,491.23,211.91,12.80,30.98,0.86,1,-1,-1
137,14,312.72,220.09,5.75,16.00,0.78,1,-1,-1
137,15,305.93,221.11,6.11,15.66,0.79,1,-1,-1
137,16,344.41,217.87,7.12,17.19,0.82,1,-1,-1
138,1,478.89,212.43,11.72,30.98,0.79,1,-1,-1
138,3,530.11,211.06,15.04,31.49,0.82,1,-1,-1
138,10,439.33,213.96,13.55,26.38,0.88,1,-1,-1
138,13,489.84,210.89,13.88,32.17,0.87,1,-1,-1
138,14,312.89,220.26,5.75,15.66,0.74,1,-1,-1
138,15,306.10,221.11,6.10,15.49,0.78,1,-1,-1
138,16,343.74,218.21,7.43,17.02,0.81,1,-1,-1
139,1,478.29,212.77,11.22,31.15,0.83,1,-1,-1
139,3,528.75,211.40,14.02,32.51,0.81,1,-1,-1
139,8,445.77,207.49,9.48,19.40,0.63,1,-1,-1
139,10,437.61,214.64,12.58,25.53,0.83,1,-1,-1
139,13,488.12,210.21,13.59,32.51,0.83,1,-1,-1
139,14,313.04,220.26,5.95,16.68,0.78,1,-1,-1
139,15,306.28,221.28,6.25,15.32,0.79,1,-1,-1
139,16,343.53,218.55,7.35,18.89,0.82,1,-1,-1
140,1,476.96,212.94,11.51,30.81,0.85,1,-1,-1
140,3,526.13,211.40,15.53,32.34,0.86,1,-1,-1
140,8,445.74,207.15,9.20,19.74,0.76,1,-1,-1
140,10,436.93,214.13,12.23,25.87,0.84,1,-1,-1
140,13,486.37,209.36,11.34,33.19,0.83,1,-1,-1
140,14,313.39,220.26,5.76,16.17,0.78,1,-1,-1
140,15,306.44,221.28,6.28,15.66,0.79,1,-1,-1
140,16,343.24,218.38,6.91,16.00,0.82,1,-1,-1
141,1,474.94,213.62,12.16,30.64,0.83,1,-1,-1
141,3,526.08,211.23,14.96,32.34,0.81,1,-1,-1
141,8,445.76,206.47,9.49,20.42,0.76,1,-1,-1
141,10,435.90,213.79,11.58,26.38,0.83,1,-1,-1
141,13,484.03,209.87,10.58,32.85,0.76,1,-1,-1
141,14,313.72,220.09,5.60,16.00,0.78,1,-1,-1
141,15,306.61,220.94,6.27,15.66,0.75,1,-1,-1
141,16,342.86,218.04,7.00,17.87,0.81,1,-1,-1
142,1,473.18,213.79,10.25,28.26,0.80,1,-1,-1
142,3,524.06,211.57,14.59,32.17,0.84,1,-1,-1
142,8,446.09,205.79,8.85,19.92,0.80,1,-1,-1
142,10,434.93,214.13,11.50,25.36,0.83,1,-1,-1
142,13,482.41,211.23,11.79,31.49,0.85,1,-1,-1
142,14,313.74,219.92,6.09,16.85,0.80,1,-1,-1
142,15,306.78,220.94,6.44,16.17,0.81,1,-1,-1
142,16,342.56,218.55,6.92,16.51,0.81,1,-1,-1
143,1,471.51,212.77,10.87,31.15,0.83,1,-1,-1
143,3,522.37,211.57,14.24,31.66,0.87,1,-1,-1
143,8,445.44,204.77,9.12,19.91,0.77,1,-1,-1
143,10,434.26,214.47,10.79,22.30,0.81,1,-1,-1
143,13,481.00,210.89,11.56,31.83,0.80,1,-1,-1
143,14,313.89,219.91,5.94,16.68,0.79,1,-1,-1
143,15,306.95,221.11,6.28,16.00,0.81,1,-1,-1
143,16,342.20,218.72,6.95,16.51,0.80,1,-1,-1
144,1,470.21,213.11,12.12,30.64,0.83,1,-1,-1
144,3,520.77,211.74,16.43,32.34,0.79,1,-1,-1
144,8,445.42,204.43,9.16,20.08,0.79,1,-1,-1
144,10,432.95,214.64,11.39,20.09,0.80,1,-1,-1
144,13,479.60,210.38,9.96,30.13,0.74,1,-1,-1
144,14,313.90,220.08,5.93,16.51,0.80,1,-1,-1
144,15,306.95,221.28,6.26,15.66,0.81,1,-1,-1
144,16,341.71,218.38,7.09,15.66,0.83,1,-1,-1
145,1,468.17,212.94,13.50,31.49,0.83,1,-1,-1
145,3,520.35,211.91,16.58,30.98,0.88,1,-1,-1
145,8,445.41,204.26,9.18,20.77,0.81,1,-1,-1
145,10,432.09,214.13,11.42,23.14,0.74,1,-1,-1
145,13,476.94,210.21,10.52,32.17,0.74,1,-1,-1
145,14,313.90,219.92,5.94,16.68,0.80,1,-1,-1
145,15,306.95,221.28,6.44,16.00,0.80,1,-1,-1
145,16,341.52,218.21,6.96,15.83,0.84,1,-1,-1
146,1,467.44,213.45,12.57,30.47,0.83,1,-1,-1
146,3,519.02,212.94,17.56,29.96,0.86,1,-1,-1
146,8,445.43,204.43,9.14,20.26,0.80,1,-1,-1
146,10,430.50,213.96,11.89,25.02,0.84,1,-1,-1
146,13,475.32,210.38,11.39,31.15,0.76,1,-1,-1
146,14,313.90,220.08,5.93,16.68,0.80,1,-1,-1
146,15,307.11,221.11,6.29,16.17,0.79,1,-1,-1
146,16,341.36,218.38,7.12,16.17,0.83,1,-1,-1
147,1,465.79,213.62,12.83,29.79,0.79,1,-1,-1
147,3,517.95,213.79,16.30,28.94,0.87,1,-1,-1
147,8,445.44,204.09,9.11,19.58,0.74,1,-1,-1
147,10,429.81,213.79,11.22,25.19,0.85,1,-1,-1
147,13,474.62,211.57,11.78,30.30,0.76,1,-1,-1
147,14,313.91,220.09,6.08,16.51,0.80,1,-1,-1
147,15,307.29,221.11,6.27,16.00,0.79,1,-1,-1
147,16,341.02,218.55,7.11,16.00,0.82,1,-1,-1
148,1,463.98,213.28,11.02,29.79,0.78,1,-1,-1
148,3,516.25,214.98,14.96,27.75,0.82,1,-1,-1
148,8,445.41,203.57,8.84,19.40,0.74,1,-1,-1
148,10,428.49,214.30,12.18,26.04,0.87,1,-1,-1
148,13,472.91,211.57,13.16,30.13,0.86,1,-1,-1
148,14,314.06,220.09,5.95,16.85,0.80,1,-1,-1
148,15,307.30,221.28,6.41,15.66,0.78,1,-1,-1
148,16,341.00,218.55,7.15,17.19,0.82,1,-1,-1
149,1,462.72,213.62,11.16,29.28,0.82,1,-1,-1
149,3,514.86,212.43,14.00,28.42,0.81,1,-1,-1
149,8,445.40,203.06,8.52,19.74,0.78,1,-1,-1
149,10,427.45,214.30,11.88,26.04,0.86,1,-1,-1
149,13,471.86,211.74,12.89,29.96,0.84,1,-1,-1
149,14,314.24,220.09,5.93,16.85,0.80,1,-1,-1
149,15,307.62,221.28,6.28,15.66,0.80,1,-1,-1
149,16,340.85,218.21,7.28,17.02,0.83,1,-1,-1
150,1,461.32,212.77,10.92,30.47,0.77,1,-1,-1
150,3,512.85,212.09,13.61,30.30,0.86,1,-1,-1
150,8,445.10,203.06,8.78,19.74,0.77,1,-1,-1
150,10,425.78,214.47,12.51,25.36,0.87,1,-1,-1
150,13,470.45,210.72,11.64,30.64,0.81,1,-1,-1
150,14,314.24,220.26,5.93,16.85,0.80,1,-1,-1
150,15,307.63,221.28,6.44,16.00,0.80,1,-1,-1
150,16,340.68,218.21,7.11,16.34,0.83,1,-1,-1
151,1,459.39,212.09,12.07,31.32,0.72,1,-1,-1
151,3,511.58,217.53,13.11,25.19,0.83,1,-1,-1
151,8,445.07,203.06,8.50,19.57,0.78,1,-1,-1
151,10,424.05,214.30,11.90,25.70,0.85,1,-1,-1
151,13,468.44,210.89,11.26,30.98,0.75,1,-1,-1
151,14,314.57,220.09,5.78,17.02,0.79,1,-1,-1
151,15,307.80,221.11,6.60,16.17,0.80,1,-1,-1
151,16,340.51,218.21,6.96,16.17,0.81,1,-1,-1
152,1,458.24,212.42,10.98,30.64,0.72,1,-1,-1
152,3,510.13,213.96,13.63,28.59,0.84,1,-1,-1
152,8,445.08,201.87,8.15,18.90,0.62,1,-1,-1
152,10,423.06,214.30,12.19,25.70,0.85,1,-1,-1
152,13,467.73,211.74,9.63,29.62,0.75,1,-1,-1
152,14,314.58,220.09,5.76,16.85,0.78,1,-1,-1
152,15,307.80,221.11,6.60,16.00,0.80,1,-1,-1
152,16,340.17,218.55,6.95,16.17,0.82,1,-1,-1
153,1,457.62,213.11,10.52,29.62,0.81,1,-1,-1
153,3,509.20,217.36,13.13,25.53,0.79,1,-1,-1
153,8,444.73,200.85,8.17,19.40,0.70,1,-1,-1
153,10,422.71,214.47,11.87,25.36,0.85,1,-1,-1
153,13,466.49,211.23,11.09,30.30,0.80,1,-1,-1
153,14,314.58,220.09,5.92,16.85,0.79,1,-1,-1
153,15,307.97,221.28,6.44,15.66,0.80,1,-1,-1
153,16,340.00,218.72,6.77,15.49,0.83,1,-1,-1
154,1,455.95,213.79,11.15,29.28,0.84,1,-1,-1
154,3,507.07,212.43,14.00,31.49,0.85,1,-1,-1
154,8,444.41,200.51,8.47,19.91,0.78,1,-1,-1
154,10,421.69,214.47,11.86,25.36,0.88,1,-1,-1
154,13,466.83,211.74,11.76,29.62,0.76,1,-1,-1
154,14,314.58,220.26,5.92,16.51,0.79,1,-1,-1
154,15,308.29,221.45,6.12,15.49,0.80,1,-1,-1
154,16,339.50,218.21,7.11,15.66,0.85,1,-1,-1
155,1,453.92,213.79,11.82,28.09,0.86,1,-1,-1
155,3,504.80,212.09,16.50,30.81,0.87,1,-1,-1
155,8,444.42,200.68,8.46,19.40,0.79,1,-1,-1
155,10,420.02,214.64,11.82,23.49,0.85,1,-1,-1
155,13,464.46,210.38,13.79,30.64,0.82,1,-1,-1
155,14,314.57,220.09,5.94,16.85,0.80,1,-1,-1
155,15,308.15,221.62,6.41,15.32,0.80,1,-1,-1
155,16,339.15,218.04,6.96,15.83,0.86,1,-1,-1
156,1,452.09,212.77,10.39,28.93,0.76,1,-1,-1
156,3,503.75,213.11,16.58,29.62,0.85,1,-1,-1
156,8,444.16,200.85,8.62,18.56,0.58,1,-1,-1
156,10,418.30,214.13,11.88,24.17,0.86,1,-1,-1
156,13,461.74,210.38,10.10,30.13,0.71,1,-1,-1
156,14,314.58,220.09,5.93,16.85,0.79,1,-1,-1
156,15,308.30,221.45,6.28,15.32,0.79,1,-1,-1
156,16,338.82,218.55,6.94,15.49,0.84,1,-1,-1
157,1,451.10,212.43,8.99,29.45,0.77,1,-1,-1
157,3,503.06,213.28,16.26,28.60,0.85,1,-1,-1
157,8,443.83,200.17,8.95,18.04,0.54,1,-1,-1
157,10,417.61,214.13,11.55,24.68,0.86,1,-1,-1
157,13,461.30,211.06,9.27,29.79,0.71,1,-1,-1
157,14,314.90,220.09,5.62,16.68,0.79,1,-1,-1
157,15,308.79,221.28,6.14,15.83,0.77,1,-1,-1
157,16,338.64,218.72,6.79,15.49,0.83,1,-1,-1
158,1,450.84,211.40,9.17,30.81,0.81,1,-1,-1
158,3,501.68,212.43,15.63,29.11,0.87,1,-1,-1
158,6,468.50,214.64,8.77,22.98,0.54,1,-1,-1
158,8,443.75,199.15,9.11,18.21,0.46,1,-1,-1
158,10,415.94,214.47,12.52,25.36,0.87,1,-1,-1
158,13,459.73,211.06,11.06,30.13,0.80,1,-1,-1
158,14,314.95,220.26,6.04,16.34,0.77,1,-1,-1
158,15,308.83,221.45,6.41,15.66,0.78,1,-1,-1
158,16,338.30,218.21,6.96,16.17,0.83,1,-1,-1
159,1,449.20,212.42,9.74,29.79,0.77,1,-1,-1
159,3,500.65,211.74,14.63,28.26,0.79,1,-1,-1
159,6,468.51,214.81,9.07,22.13,0.71,1,-1,-1
159,8,443.51,198.93,8.93,17.88,0.21,1,-1,-1
159,10,414.58,214.98,12.53,24.51,0.86,1,-1,-1
159,13,458.67,211.40,11.48,29.45,0.83,1,-1,-1
159,14,315.41,220.43,5.80,16.51,0.77,1,-1,-1
159,15,309.15,221.62,6.27,15.32,0.78,1,-1,-1
159,16,338.13,218.21,6.61,15.49,0.85,1,-1,-1
160,1,448.13,211.92,9.16,28.26,0.72,1,-1,-1
160,3,500.29,211.74,12.97,29.79,0.87,1,-1,-1
160,6,468.50,214.47,9.44,22.30,0.69,1,-1,-1
160,10,413.88,214.98,11.89,24.68,0.86,1,-1,-1
160,13,458.29,212.08,10.87,28.26,0.75,1,-1,-1
160,14,315.75,220.26,5.61,16.85,0.81,1,-1,-1
160,15,309.48,221.45,6.29,15.83,0.78,1,-1,-1
160,16,337.79,218.38,6.61,15.66,0.85,1,-1,-1
161,1,445.84,212.25,7.99,29.44,0.58,1,-1,-1
161,3,499.31,212.94,11.89,28.60,0.85,1,-1,-1
161,6,468.13,213.45,9.84,23.49,0.76,1,-1,-1
161,10,412.52,214.64,11.22,24.85,0.85,1,-1,-1
161,13,457.66,211.58,7.73,28.93,0.70,1,-1,-1
161,14,315.94,220.26,5.76,17.02,0.82,1,-1,-1
161,15,309.83,221.45,6.10,15.32,0.79,1,-1,-1
161,16,337.12,218.72,6.77,15.66,0.82,1,-1,-1
162,1,441.75,208.34,11.76,34.38,0.85,1,-1,-1
162,3,497.62,212.77,11.54,28.43,0.83,1,-1,-1
162,6,469.46,212.43,9.55,24.00,0.77,1,-1,-1
162,10,411.85,214.81,10.54,24.68,0.84,1,-1,-1
162,13,454.63,211.57,9.73,29.45,0.83,1,-1,-1
162,14,316.45,220.09,5.75,16.68,0.79,1,-1,-1
162,15,310.17,221.45,6.10,15.32,0.82,1,-1,-1
162,16,336.43,218.21,6.79,16.17,0.81,1,-1,-1
163,1,441.39,213.95,11.45,28.94,0.85,1,-1,-1
163,3,496.63,213.11,12.16,28.26,0.82,1,-1,-1
163,6,470.50,213.10,9.17,23.32,0.72,1,-1,-1
163,10,410.18,214.81,11.16,25.36,0.81,1,-1,-1
163,13,453.58,212.08,10.80,29.11,0.86,1,-1,-1
163,14,316.62,220.09,5.75,16.34,0.80,1,-1,-1
163,15,310.17,221.45,6.09,14.98,0.81,1,-1,-1
163,16,336.10,218.21,6.45,15.66,0.83,1,-1,-1
164,1,439.36,214.30,12.12,28.09,0.81,1,-1,-1
164,3,495.62,212.26,13.50,29.45,0.82,1,-1,-1
164,6,470.89,213.62,9.75,23.15,0.74,1,-1,-1
164,10,409.50,215.15,11.17,24.85,0.81,1,-1,-1
164,13,452.55,211.74,10.84,28.94,0.84,1,-1,-1
164,14,316.78,220.09,5.77,16.68,0.81,1,-1,-1
164,15,310.34,221.45,6.26,15.15,0.81,1,-1,-1
164,16,335.92,218.21,6.12,15.49,0.83,1,-1,-1
165,1,437.80,214.13,9.83,27.92,0.73,1,-1,-1
165,3,494.63,211.92,14.80,29.45,0.80,1,-1,-1
165,6,470.57,214.47,11.07,22.30,0.81,1,-1,-1
165,10,409.08,215.32,9.64,25.02,0.79,1,-1,-1
165,13,451.14,211.57,9.93,29.28,0.79,1,-1,-1
165,14,316.78,220.09,6.26,17.87,0.79,1,-1,-1
165,15,310.67,221.28,6.30,16.00,0.80,1,-1,-1
165,16,335.58,218.55,5.79,15.49,0.80,1,-1,-1
166,1,436.87,214.30,8.63,28.42,0.76,1,-1,-1
166,3,494.24,212.76,14.57,28.94,0.77,1,-1,-1
166,6,471.83,212.77,10.91,23.32,0.78,1,-1,-1
166,10,408.36,213.62,9.04,27.91,0.75,1,-1,-1
166,13,450.16,211.40,9.50,28.43,0.79,1,-1,-1
166,14,317.11,219.92,6.12,18.04,0.80,1,-1,-1
166,15,311.01,221.28,6.12,16.17,0.79,1,-1,-1
166,16,335.41,218.55,5.79,16.17,0.76,1,-1,-1
167,1,435.27,214.81,9.11,27.75,0.83,1,-1,-1
167,3,493.57,213.11,14.21,27.06,0.84,1,-1,-1
167,6,475.45,214.63,8.05,18.07,0.46,1,-1,-1
167,10,405.83,215.83,10.04,26.21,0.79,1,-1,-1
167,13,447.85,211.57,10.75,27.75,0.82,1,-1,-1
167,14,317.64,219.91,6.08,17.36,0.76,1,-1,-1
167,15,311.20,221.45,6.24,15.49,0.79,1,-1,-1
167,16,334.42,218.55,6.07,16.34,0.75,1,-1,-1
168,1,433.93,214.81,9.44,25.87,0.83,1,-1,-1
168,3,491.88,212.43,15.22,27.23,0.86,1,-1,-1
168,6,476.26,217.52,9.17,15.50,0.57,1,-1,-1
168,10,404.13,215.66,11.73,26.21,0.80,1,-1,-1
168,13,445.78,212.08,12.17,28.60,0.87,1,-1,-1
168,14,318.14,220.08,5.91,16.34,0.79,1,-1,-1
168,15,311.69,221.62,6.11,15.49,0.80,1,-1,-1
168,16,334.54,220.08,5.49,13.64,0.43,1,-1,-1
169,1,432.87,214.13,9.52,27.40,0.82,1,-1,-1
169,3,491.46,211.92,13.01,26.38,0.82,1,-1,-1
169,6,476.34,215.83,10.71,16.85,0.67,1,-1,-1
169,10,403.08,216.34,12.49,26.72,0.78,1,-1,-1
169,13,445.76,212.77,11.53,27.57,0.87,1,-1,-1
169,14,318.80,220.26,5.62,16.51,0.81,1,-1,-1
169,15,312.04,221.62,6.10,15.32,0.81,1,-1,-1
169,16,333.21,220.69,5.86,13.44,0.35,1,-1,-1
170,1,431.17,213.28,9.19,28.25,0.82,1,-1,-1
170,3,489.79,212.08,12.28,27.91,0.84,1,-1,-1
170,6,478.89,220.24,9.00,12.10,0.54,1,-1,-1
170,10,401.37,215.83,11.84,24.85,0.76,1,-1,-1
170,13,444.07,212.43,11.19,26.89,0.84,1,-1,-1
170,14,319.16,220.09,5.92,17.02,0.79,1,-1,-1
170,15,312.21,221.28,6.42,15.66,0.80,1,-1,-1
170,16,331.56,219.07,4.52,13.96,0.65,1,-1,-1
171,1,429.19,214.30,10.77,28.26,0.85,1,-1,-1
171,3,489.15,212.77,11.87,27.23,0.83,1,-1,-1
171,6,480.46,215.68,8.90,15.64,0.51,1,-1,-1
171,10,400.29,215.49,10.62,24.34,0.77,1,-1,-1
171,13,442.25,211.92,9.39,26.55,0.74,1,-1,-1
171,14,319.48,219.74,5.95,17.53,0.79,1,-1,-1
171,15,312.54,221.28,6.46,16.17,0.80,1,-1,-1
171,16,330.87,218.89,4.88,14.47,0.67,1,-1,-1
172,1,428.83,214.98,10.48,26.04,0.83,1,-1,-1
172,3,486.20,212.94,13.70,27.06,0.78,1,-1,-1
172,10,399.65,215.32,10.20,24.51,0.83,1,-1,-1
172,13,440.92,211.57,7.99,26.55,0.73,1,-1,-1
172,14,319.68,219.74,6.24,17.19,0.80,1,-1,-1
172,15,312.71,221.28,6.44,16.00,0.82,1,-1,-1
172,16,330.35,218.55,5.24,15.32,0.69,1,-1,-1
173,1,427.44,214.30,9.87,26.38,0.83,1,-1,-1
173,3,485.72,212.09,12.62,27.57,0.83,1,-1,-1
173,10,398.65,215.66,10.15,23.49,0.84,1,-1,-1
173,13,438.89,203.07,9.67,36.92,0.75,1,-1,-1
173,14,319.83,219.74,6.11,17.19,0.80,1,-1,-1
173,15,313.05,221.28,6.28,15.83,0.81,1,-1,-1
173,16,329.67,218.72,5.41,15.32,0.78,1,-1,-1
174,1,426.39,213.62,8.92,26.72,0.78,1,-1,-1
174,3,486.06,211.40,11.61,28.43,0.83,1,-1,-1
174,10,398.30,216.00,10.17,23.66,0.83,1,-1,-1
174,13,438.75,211.73,9.62,28.27,0.78,1,-1,-1
174,14,320.00,219.74,6.10,17.02,0.79,1,-1,-1
174,15,313.23,221.28,6.41,15.32,0.80,1,-1,-1
174,16,329.34,218.89,5.56,14.47,0.80,1,-1,-1
175,1,424.39,213.62,8.51,26.55,0.79,1,-1,-1
175,3,484.78,211.91,12.47,27.92,0.82,1,-1,-1
175,10,396.64,215.66,10.80,22.64,0.85,1,-1,-1
175,13,436.22,212.08,7.90,26.90,0.80,1,-1,-1
175,14,320.33,219.74,5.96,17.36,0.77,1,-1,-1
175,15,313.88,221.11,6.31,16.00,0.77,1,-1,-1
175,16,328.64,219.06,5.94,15.66,0.81,1,-1,-1
176,1,423.40,214.81,8.46,25.87,0.82,1,-1,-1
176,3,484.10,213.28,12.82,26.72,0.82,1,-1,-1
176,8,439.65,191.32,7.82,18.38,0.60,1,-1,-1
176,10,395.58,215.49,10.88,24.00,0.83,1,-1,-1
176,13,434.59,211.40,8.45,27.91,0.80,1,-1,-1
176,14,320.66,219.74,5.79,17.70,0.78,1,-1,-1
176,15,314.24,221.28,6.44,16.34,0.76,1,-1,-1
176,16,327.79,218.72,5.94,15.83,0.77,1,-1,-1
177,1,422.37,214.30,8.14,25.19,0.79,1,-1,-1
177,3,483.25,212.60,11.13,26.38,0.70,1,-1,-1
177,8,439.34,191.65,7.76,18.04,0.44,1,-1,-1
177,10,394.91,215.66,10.53,24.00,0.84,1,-1,-1
177,13,433.25,211.40,9.43,26.72,0.85,1,-1,-1
177,14,321.02,219.74,5.76,17.53,0.77,1,-1,-1
177,15,314.74,221.62,6.28,16.17,0.77,1,-1,-1
177,16,327.45,218.89,5.77,15.49,0.76,1,-1,-1
178,1,421.36,214.47,8.46,25.87,0.77,1,-1,-1
178,3,483.15,212.43,12.01,25.19,0.73,1,-1,-1
178,10,393.91,216.00,10.83,23.66,0.86,1,-1,-1
178,13,431.54,212.08,10.81,27.57,0.87,1,-1,-1
178,14,321.69,220.08,5.44,17.02,0.78,1,-1,-1
178,15,315.08,221.45,6.27,16.17,0.78,1,-1,-1
178,16,326.80,219.23,6.07,15.32,0.78,1,-1,-1
179,1,419.70,214.81,9.74,25.19,0.83,1,-1,-1
179,3,481.90,210.90,11.80,27.57,0.68,1,-1,-1
179,10,392.88,216.51,10.50,22.64,0.87,1,-1,-1
179,13,429.52,212.43,11.82,26.72,0.87,1,-1,-1
179,14,321.89,220.09,5.71,17.19,0.65,1,-1,-1
179,15,315.58,220.94,6.13,16.68,0.80,1,-1,-1
179,16,326.25,219.23,6.14,15.83,0.60,1,-1,-1
180,1,418.64,215.66,9.85,26.04,0.82,1,-1,-1
180,3,481.00,212.42,10.87,26.38,0.82,1,-1,-1
180,10,391.53,216.00,11.17,23.32,0.84,1,-1,-1
180,13,428.45,212.26,10.91,26.04,0.79,1,-1,-1
180,14,322.58,219.75,6.19,17.19,0.70,1,-1,-1
180,15,315.94,220.94,6.26,16.68,0.80,1,-1,-1
181,1,418.00,215.83,10.45,25.36,0.81,1,-1,-1
181,3,480.69,212.77,11.16,26.04,0.81,1,-1,-1
181,10,391.51,215.83,10.88,23.66,0.83,1,-1,-1
181,13,427.77,211.92,10.23,26.55,0.82,1,-1,-1
181,14,322.72,219.74,6.26,17.19,0.72,1,-1,-1
181,15,316.11,221.11,6.26,16.17,0.81,1,-1,-1
182,1,416.58,215.49,9.21,24.51,0.82,1,-1,-1
182,3,478.67,212.94,11.47,25.53,0.79,1,-1,-1
182,8,437.28,189.62,7.81,18.55,0.50,1,-1,-1
182,10,390.82,216.00,10.22,23.66,0.81,1,-1,-1
182,13,425.99,212.25,7.68,26.04,0.79,1,-1,-1
182,14,322.74,219.57,6.90,17.70,0.77,1,-1,-1
182,15,316.60,221.45,6.12,16.17,0.77,1,-1,-1
183,1,415.86,214.81,8.61,25.70,0.75,1,-1,-1
183,3,478.29,212.26,11.21,26.21,0.85,1,-1,-1
183,8,437.26,189.11,7.52,18.38,0.57,1,-1,-1
183,10,390.86,216.68,10.15,22.64,0.82,1,-1,-1
183,13,425.09,212.60,8.11,26.72,0.79,1,-1,-1
183,14,322.87,219.74,6.62,17.36,0.78,1,-1,-1
183,15,316.63,221.45,6.41,16.17,0.76,1,-1,-1
184,1,413.90,215.66,8.46,25.02,0.75,1,-1,-1
184,3,476.98,211.74,13.49,27.06,0.87,1,-1,-1
184,8,436.37,187.92,8.27,18.04,0.64,1,-1,-1
184,10,390.19,216.68,10.47,22.64,0.77,1,-1,-1
184,13,423.78,212.43,9.73,27.74,0.81,1,-1,-1
184,14,323.03,219.74,6.32,18.04,0.80,1,-1,-1
184,15,316.95,221.11,6.61,16.68,0.78,1,-1,-1
185,1,413.56,215.83,8.81,25.70,0.81,1,-1,-1
185,3,476.96,212.08,13.55,26.72,0.83,1,-1,-1
185,8,436.25,188.08,7.84,17.87,0.75,1,-1,-1
185,10,389.83,216.51,10.18,22.13,0.79,1,-1,-1
185,13,422.36,211.92,9.85,28.77,0.79,1,-1,-1
185,14,323.05,219.57,6.44,18.55,0.81,1,-1,-1
185,15,317.45,221.11,6.46,16.68,0.78,1,-1,-1
186,1,412.22,216.17,8.78,24.68,0.79,1,-1,-1
186,3,477.25,212.60,12.62,26.21,0.77,1,-1,-1
186,8,435.94,187.57,8.13,18.38,0.74,1,-1,-1
186,10,389.15,216.51,10.52,23.15,0.78,1,-1,-1
186,13,420.96,211.91,8.59,27.75,0.76,1,-1,-1
186,14,323.71,219.57,5.96,17.87,0.77,1,-1,-1
186,15,317.96,221.28,6.10,15.83,0.76,1,-1,-1
187,1,410.84,214.47,9.17,26.21,0.75,1,-1,-1
187,3,475.96,212.94,13.16,25.36,0.82,1,-1,-1
187,8,435.33,187.57,8.33,18.38,0.42,1,-1,-1
187,10,388.80,216.34,9.85,22.81,0.85,1,-1,-1
187,13,420.35,211.74,8.45,26.38,0.78,1,-1,-1
187,14,324.42,219.74,5.90,16.85,0.76,1,-1,-1
187,15,318.31,221.45,6.26,16.00,0.77,1,-1,-1
188,1,409.49,214.81,9.49,26.89,0.81,1,-1,-1
188,3,473.91,211.92,13.87,25.70,0.83,1,-1,-1
188,8,434.63,187.23,8.72,18.04,0.66,1,-1,-1
188,10,388.15,216.85,10.15,22.47,0.86,1,-1,-1
188,13,418.69,212.60,9.74,26.55,0.81,1,-1,-1
188,14,324.91,219.74,5.78,17.02,0.79,1,-1,-1
188,15,318.48,221.62,6.42,16.00,0.76,1,-1,-1
189,1,407.82,214.98,10.80,28.08,0.83,1,-1,-1
189,3,473.19,211.57,12.60,25.19,0.84,1,-1,-1
189,8,434.57,186.89,8.49,17.70,0.59,1,-1,-1
189,10,387.12,216.85,10.50,22.81,0.87,1,-1,-1
189,13,417.64,212.60,10.47,27.06,0.83,1,-1,-1
189,14,325.27,219.57,6.08,17.19,0.78,1,-1,-1
189,15,318.98,221.28,6.44,16.00,0.76,1,-1,-1
190,1,406.83,215.15,12.10,28.60,0.79,1,-1,-1
190,3,473.19,211.57,11.58,25.70,0.85,1,-1,-1
190,8,433.90,186.55,8.81,18.21,0.75,1,-1,-1
190,10,386.78,216.85,10.16,21.79,0.84,1,-1,-1
190,13,415.98,212.94,11.77,26.72,0.82,1,-1,-1
190,14,325.45,219.57,6.55,17.02,0.77,1,-1,-1
190,15,318.98,221.28,6.45,16.17,0.79,1,-1,-1
191,1,405.76,215.15,10.52,25.19,0.82,1,-1,-1
191,3,472.54,211.57,11.53,25.87,0.86,1,-1,-1
191,8,433.89,186.72,8.49,17.87,0.76,1,-1,-1
191,10,385.78,216.51,10.48,21.62,0.83,1,-1,-1
191,13,414.57,212.60,11.54,27.06,0.85,1,-1,-1
191,14,326.41,219.40,5.99,17.53,0.81,1,-1,-1
191,15,318.99,221.28,6.60,16.17,0.79,1,-1,-1
192,1,404.70,215.66,9.25,25.36,0.81,1,-1,-1
192,3,471.53,211.91,11.51,25.36,0.84,1,-1,-1
192,8,433.54,186.72,8.52,18.55,0.74,1,-1,-1
192,10,385.75,216.51,10.20,21.79,0.82,1,-1,-1
192,13,413.18,212.26,10.94,27.40,0.76,1,-1,-1
192,14,326.78,219.57,5.76,16.68,0.81,1,-1,-1
192,15,319.16,220.77,6.77,16.34,0.78,1,-1,-1
193,1,403.71,216.00,8.18,24.00,0.82,1,-1,-1
193,3,470.83,211.74,11.21,25.87,0.84,1,-1,-1
193,8,433.57,186.89,8.44,17.87,0.74,1,-1,-1
193,10,385.42,216.68,10.19,22.30,0.83,1,-1,-1
193,13,411.45,212.43,8.63,27.06,0.81,1,-1,-1
193,14,326.95,219.57,6.09,17.36,0.79,1,-1,-1
193,15,319.15,219.75,7.13,17.36,0.78,1,-1,-1
194,1,401.40,216.17,9.40,24.85,0.79,1,-1,-1
194,3,470.21,211.40,13.14,26.04,0.86,1,-1,-1
194,8,434.00,186.39,7.93,18.21,0.40,1,-1,-1
194,10,385.10,216.85,10.15,21.45,0.83,1,-1,-1
194,13,410.86,212.94,8.80,26.72,0.82,1,-1,-1
194,14,327.28,219.57,6.11,17.87,0.81,1,-1,-1
194,15,319.80,220.59,6.67,17.19,0.72,1,-1,-1
195,1,400.66,216.51,8.51,23.32,0.79,1,-1,-1
195,3,469.17,211.40,14.21,26.04,0.88,1,-1,-1
195,8,434.07,185.39,7.77,19.04,0.39,1,-1,-1
195,10,384.75,216.85,10.16,21.11,0.83,1,-1,-1
195,13,409.86,213.11,9.78,26.89,0.84,1,-1,-1
195,14,327.46,219.57,6.28,18.55,0.81,1,-1,-1
195,15,320.66,221.28,6.13,16.34,0.75,1,-1,-1
195,16,318.46,219.40,4.27,13.11,0.50,1,-1,-1
196,1,399.00,216.17,9.13,24.17,0.81,1,-1,-1
196,3,468.48,211.40,14.24,26.04,0.88,1,-1,-1
196,8,434.26,185.53,8.08,18.21,0.76,1,-1,-1
196,10,384.39,216.85,10.21,22.64,0.83,1,-1,-1
196,13,408.83,213.11,10.14,26.72,0.83,1,-1,-1
196,14,327.64,219.57,6.58,18.55,0.79,1,-1,-1
196,15,321.35,221.28,5.61,15.66,0.81,1,-1,-1
196,16,318.29,219.40,4.43,13.96,0.66,1,-1,-1
197,1,398.30,216.00,9.49,25.19,0.82,1,-1,-1
197,3,468.15,211.74,14.88,25.70,0.87,1,-1,-1
197,8,434.57,184.85,8.48,19.40,0.80,1,-1,-1
197,10,384.06,216.68,9.84,22.30,0.83,1,-1,-1
197,13,407.73,212.94,8.27,26.89,0.82,1,-1,-1
197,14,327.97,219.57,6.43,17.87,0.75,1,-1,-1
197,15,321.54,221.96,5.89,15.15,0.80,1,-1,-1
197,16,317.83,219.57,4.68,13.79,0.65,1,-1,-1
198,1,397.29,216.17,9.49,25.19,0.83,1,-1,-1
198,3,468.13,211.74,14.25,25.19,0.85,1,-1,-1
198,8,435.26,184.85,8.45,18.89,0.76,1,-1,-1
198,10,383.40,216.68,10.49,23.15,0.84,1,-1,-1
198,13,406.42,213.11,8.17,27.91,0.79,1,-1,-1
198,14,328.30,219.74,6.45,18.21,0.76,1,-1,-1
198,15,322.01,221.79,5.80,15.66,0.75,1,-1,-1
198,16,317.65,219.40,5.20,14.13,0.73,1,-1,-1
199,1,396.30,216.85,9.77,24.00,0.81,1,-1,-1
199,3,467.72,211.57,11.68,23.83,0.80,1,-1,-1
199,8,435.59,184.85,8.49,19.23,0.78,1,-1,-1
199,10,383.02,216.85,9.56,23.15,0.81,1,-1,-1
199,13,405.12,213.28,9.08,26.89,0.83,1,-1,-1
199,14,328.81,219.91,6.44,18.21,0.79,1,-1,-1
199,15,322.54,221.79,5.78,15.83,0.73,1,-1,-1
199,16,317.29,219.06,5.41,14.47,0.75,1,-1,-1
200,1,395.24,216.85,9.18,23.32,0.79,1,-1,-1
200,3,467.76,211.40,11.25,25.36,0.84,1,-1,-1
200,8,435.96,185.02,8.76,18.72,0.76,1,-1,-1
200,10,382.04,216.68,9.82,23.66,0.76,1,-1,-1
200,13,403.12,213.62,10.37,26.38,0.79,1,-1,-1
200,14,329.15,219.74,6.28,18.04,0.81,1,-1,-1
200,15,322.54,221.62,6.10,16.68,0.76,1,-1,-1
200,16,317.12,219.23,5.24,13.79,0.76,1,-1,-1
201,1,393.87,216.34,8.53,23.66,0.81,1,-1,-1
201,3,467.44,211.40,10.88,25.53,0.83,1,-1,-1
201,8,436.63,184.51,8.78,18.21,0.75,1,-1,-1
201,10,381.70,217.02,9.15,21.96,0.76,1,-1,-1
201,13,402.38,213.79,10.82,26.55,0.82,1,-1,-1
201,14,329.64,219.57,5.80,18.38,0.82,1,-1,-1
201,15,322.73,221.62,6.40,16.51,0.77,1,-1,-1
201,16,316.95,219.40,5.25,13.79,0.78,1,-1,-1
202,1,393.21,216.51,8.49,24.17,0.80,1,-1,-1
202,3,467.12,211.40,10.85,25.53,0.82,1,-1,-1
202,8,436.97,183.49,9.45,18.89,0.75,1,-1,-1
202,10,381.02,216.51,9.82,23.49,0.70,1,-1,-1
202,13,401.37,213.79,11.17,26.72,0.82,1,-1,-1
202,14,329.83,219.74,5.76,18.21,0.78,1,-1,-1
202,15,322.90,221.96,6.41,15.66,0.79,1,-1,-1
202,16,316.63,219.40,5.56,13.62,0.80,1,-1,-1
203,1,392.83,216.51,7.55,24.17,0.78,1,-1,-1
203,3,466.13,212.25,10.79,24.00,0.78,1,-1,-1
203,8,437.58,183.32,8.56,18.38,0.74,1,-1,-1
203,10,380.65,216.34,9.89,24.85,0.75,1,-1,-1
203,13,400.66,213.45,10.55,26.38,0.80,1,-1,-1
203,14,330.00,219.74,5.60,17.87,0.75,1,-1,-1
203,15,323.55,221.96,6.13,15.49,0.75,1,-1,-1
203,16,316.27,219.23,5.76,14.13,0.81,1,-1,-1
204,1,391.91,216.68,8.38,23.66,0.79,1,-1,-1
204,3,465.43,211.92,10.84,23.83,0.79,1,-1,-1
204,8,437.99,183.15,9.11,18.89,0.75,1,-1,-1
204,10,380.04,216.68,9.41,21.96,0.74,1,-1,-1
204,13,399.86,213.45,7.05,24.68,0.78,1,-1,-1
204,14,330.33,219.74,5.44,17.70,0.77,1,-1,-1
204,15,324.07,221.79,6.27,15.83,0.78,1,-1,-1
204,16,315.94,219.23,5.92,14.30,0.80,1,-1,-1
205,1,390.54,216.85,9.08,24.00,0.76,1,-1,-1
205,3,465.83,211.24,12.07,24.68,0.72,1,-1,-1
205,8,438.31,182.98,9.15,18.89,0.77,1,-1,-1
205,10,379.36,217.02,9.75,21.28,0.75,1,-1,-1
205,13,398.98,213.79,7.47,26.55,0.76,1,-1,-1
205,14,330.66,219.74,5.13,17.87,0.76,1,-1,-1
205,15,324.58,221.79,6.27,15.83,0.72,1,-1,-1
205,16,315.93,219.40,5.60,13.62,0.80,1,-1,-1
206,1,389.82,216.34,8.49,22.64,0.73,1,-1,-1
206,3,466.13,211.40,12.47,24.34,0.75,1,-1,-1
206,8,439.35,182.47,8.75,17.19,0.72,1,-1,-1
206,10,378.95,217.02,9.55,21.62,0.72,1,-1,-1
206,13,397.69,214.30,8.01,25.02,0.74,1,-1,-1
206,14,330.84,219.74,4.94,17.87,0.76,1,-1,-1
206,15,325.10,221.96,6.59,16.17,0.74,1,-1,-1
206,16,315.75,219.40,5.44,13.96,0.82,1,-1,-1
207,1,389.12,216.17,8.21,23.83,0.78,1,-1,-1
207,3,466.09,211.57,12.56,24.68,0.71,1,-1,-1
207,8,439.95,181.96,8.23,17.53,0.74,1,-1,-1
207,10,379.12,219.74,7.20,19.41,0.61,1,-1,-1
207,13,397.62,214.30,8.14,25.70,0.78,1,-1,-1
207,14,331.20,220.42,4.73,16.85,0.61,1,-1,-1
207,15,325.61,221.96,6.75,16.00,0.74,1,-1,-1
207,16,315.27,219.40,5.74,13.62,0.83,1,-1,-1
208,1,388.49,216.85,8.44,23.32,0.79,1,-1,-1
208,3,465.76,211.57,12.54,24.68,0.69,1,-1,-1
208,8,440.28,181.62,7.91,18.21,0.71,1,-1,-1
208,10,378.90,217.88,6.94,21.10,0.68,1,-1,-1
208,13,396.94,214.47,7.82,25.36,0.80,1,-1,-1
208,14,331.81,221.61,5.20,16.00,0.57,1,-1,-1
208,15,325.92,222.13,6.46,15.66,0.75,1,-1,-1
208,16,314.93,219.23,6.08,13.62,0.83,1,-1,-1
209,1,387.47,217.19,8.79,23.32,0.80,1,-1,-1
209,3,466.11,211.91,12.18,23.66,0.74,1,-1,-1
209,8,441.24,181.11,7.01,18.38,0.65,1,-1,-1
209,10,377.35,217.19,8.36,22.64,0.74,1,-1,-1
209,13,396.60,213.96,7.81,25.87,0.80,1,-1,-1
209,14,332.21,221.80,5.54,16.06,0.29,1,-1,-1
209,15,326.92,221.62,6.33,16.34,0.72,1,-1,-1
209,16,314.56,219.06,5.96,14.13,0.82,1,-1,-1
210,1,386.43,217.02,8.50,23.32,0.79,1,-1,-1
210,3,465.77,211.75,10.16,23.83,0.60,1,-1,-1
210,8,441.96,181.11,6.59,18.55,0.58,1,-1,-1
210,10,376.31,216.85,9.07,22.47,0.76,1,-1,-1
210,13,395.30,214.13,8.38,24.51,0.79,1,-1,-1
210,14,334.49,220.09,5.07,17.53,0.66,1,-1,-1
210,15,327.78,221.28,6.14,16.51,0.74,1,-1,-1
210,16,314.24,219.06,5.93,13.96,0.81,1,-1,-1
211,1,385.74,217.19,8.18,23.83,0.79,1,-1,-1
211,3,466.03,212.76,9.30,22.98,0.59,1,-1,-1
211,8,442.41,181.27,5.69,15.33,0.58,1,-1,-1
211,10,375.90,216.85,8.54,22.30,0.74,1,-1,-1
211,13,394.56,214.64,8.16,24.85,0.81,1,-1,-1
211,14,334.92,219.75,4.73,16.00,0.70,1,-1,-1
211,15,328.00,221.45,6.87,16.51,0.77,1,-1,-1
211,16,314.24,219.23,5.76,13.45,0.80,1,-1,-1
212,1,385.07,217.36,8.16,24.85,0.81,1,-1,-1
212,3,464.30,212.94,10.73,22.64,0.59,1,-1,-1
212,8,442.72,180.43,6.42,16.85,0.71,1,-1,-1
212,10,375.26,218.04,8.13,21.11,0.81,1,-1,-1
212,13,393.90,215.15,8.12,24.34,0.78,1,-1,-1
212,14,334.93,219.74,5.39,17.36,0.76,1,-1,-1
212,15,328.63,221.28,6.47,16.34,0.78,1,-1,-1
212,16,313.90,219.23,5.76,13.45,0.80,1,-1,-1
213,1,384.09,217.53,8.43,24.17,0.80,1,-1,-1
213,3,464.16,213.11,10.97,22.47,0.39,1,-1,-1
213,8,443.02,179.41,6.51,18.21,0.70,1,-1,-1
213,10,374.54,217.87,7.54,21.28,0.76,1,-1,-1
213,13,393.55,214.98,8.15,24.85,0.81,1,-1,-1
213,14,335.25,219.91,5.44,17.87,0.77,1,-1,-1
213,15,328.81,221.45,6.45,16.51,0.77,1,-1,-1
213,16,313.74,219.23,5.92,13.45,0.80,1,-1,-1
214,1,383.38,217.19,8.15,23.83,0.78,1,-1,-1
214,3,463.49,212.65,11.26,22.02,0.21,1,-1,-1
214,8,444.49,179.40,5.26,13.81,0.47,1,-1,-1
214,10,374.21,218.04,6.84,20.77,0.76,1,-1,-1
214,13,392.57,214.47,8.76,25.19,0.77,1,-1,-1
214,14,335.43,219.91,5.58,17.87,0.77,1,-1,-1
214,15,329.29,221.28,6.16,17.19,0.77,1,-1,-1
214,16,313.38,219.23,5.79,13.96,0.81,1,-1,-1
215,1,383.05,217.02,8.13,23.49,0.78,1,-1,-1
215,10,373.91,218.38,6.76,20.09,0.77,1,-1,-1
215,13,392.20,214.30,8.49,24.85,0.78,1,-1,-1
215,14,335.92,219.74,5.45,18.04,0.76,1,-1,-1
215,15,329.65,221.45,5.95,17.02,0.75,1,-1,-1
215,16,313.21,219.40,5.61,14.13,0.80,1,-1,-1
216,1,383.04,217.19,7.82,23.49,0.79,1,-1,-1
216,10,372.90,218.55,7.09,20.25,0.77,1,-1,-1
216,13,391.86,214.64,8.48,25.02,0.80,1,-1,-1
216,14,336.12,218.89,6.06,18.89,0.76,1,-1,-1
216,15,330.49,221.45,5.46,16.51,0.77,1,-1,-1
216,16,312.89,219.57,5.58,13.62,0.78,1,-1,-1
217,1,382.37,217.19,8.13,24.34,0.80,1,-1,-1
217,3,460.01,211.23,12.53,23.32,0.80,1,-1,-1
217,10,372.51,218.04,7.18,21.96,0.75,1,-1,-1
217,13,391.56,214.81,9.43,25.36,0.81,1,-1,-1
217,14,336.34,219.06,7.16,18.38,0.77,1,-1,-1
217,15,330.84,221.96,5.10,15.66,0.73,1,-1,-1
217,16,312.54,219.40,5.43,13.45,0.76,1,-1,-1
218,1,381.69,217.19,8.14,24.51,0.80,1,-1,-1
218,3,459.68,211.74,12.85,23.15,0.82,1,-1,-1
218,10,371.90,217.70,7.38,20.77,0.75,1,-1,-1
218,13,390.83,214.98,8.84,24.85,0.81,1,-1,-1
218,14,336.44,219.23,7.12,18.38,0.78,1,-1,-1
218,15,331.50,222.47,4.46,14.81,0.72,1,-1,-1
218,16,312.05,219.23,5.90,13.45,0.81,1,-1,-1
219,1,381.04,217.53,8.76,24.17,0.81,1,-1,-1
219,3,458.97,211.40,12.91,23.83,0.80,1,-1,-1
219,10,371.50,217.87,7.18,21.96,0.78,1,-1,-1
219,13,390.52,214.81,9.13,25.02,0.81,1,-1,-1
219,14,337.12,219.57,7.11,18.21,0.81,1,-1,-1
219,15,332.06,222.30,4.69,14.98,0.58,1,-1,-1
219,16,311.70,219.23,6.09,13.62,0.81,1,-1,-1
220,1,380.34,217.19,8.47,23.32,0.79,1,-1,-1
220,3,458.27,210.38,12.96,25.19,0.76,1,-1,-1
220,10,370.88,218.21,7.39,20.60,0.77,1,-1,-1
220,13,390.50,214.64,8.84,25.36,0.83,1,-1,-1
220,14,338.77,219.23,6.18,17.70,0.77,1,-1,-1
220,16,311.67,219.40,5.31,13.11,0.79,1,-1,-1
221,1,379.98,217.36,7.84,23.15,0.80,1,-1,-1
221,3,456.83,210.21,10.77,24.01,0.46,1,-1,-1
221,10,369.85,218.21,8.09,20.77,0.82,1,-1,-1
221,13,390.16,214.64,8.83,25.70,0.79,1,-1,-1
221,14,338.98,219.06,6.45,18.89,0.78,1,-1,-1
221,15,333.60,221.28,5.84,16.34,0.65,1,-1,-1
221,16,311.36,219.57,5.41,13.11,0.74,1,-1,-1
222,1,378.99,217.36,8.13,23.66,0.81,1,-1,-1
222,3,456.58,210.72,9.88,24.34,0.82,1,-1,-1
222,10,368.83,218.21,8.77,20.94,0.82,1,-1,-1
222,13,389.48,215.32,8.51,25.87,0.80,1,-1,-1
222,14,339.50,218.89,6.59,18.55,0.80,1,-1,-1
222,15,334.89,221.45,5.31,16.00,0.73,1,-1,-1
222,16,310.98,219.74,4.83,12.77,0.69,1,-1,-1
223,1,378.62,217.53,7.50,23.15,0.79,1,-1,-1
223,3,455.28,211.40,10.46,23.66,0.83,1,-1,-1
223,10,367.39,218.04,6.93,20.09,0.78,1,-1,-1
223,13,388.82,215.49,8.12,24.17,0.78,1,-1,-1
223,14,340.32,219.91,6.31,18.55,0.75,1,-1,-1
223,15,335.41,220.94,5.44,16.85,0.75,1,-1,-1
223,16,310.67,219.91,4.76,12.77,0.63,1,-1,-1
224,1,377.99,217.53,7.75,22.47,0.79,1,-1,-1
224,3,454.93,211.40,10.49,22.98,0.82,1,-1,-1
224,10,366.77,218.04,7.13,20.94,0.77,1,-1,-1
224,13,388.47,215.15,8.14,24.34,0.79,1,-1,-1
224,14,341.68,221.44,5.45,16.51,0.72,1,-1,-1
224,15,335.80,220.77,6.02,17.02,0.73,1,-1,-1
224,16,310.51,220.25,4.74,12.60,0.72,1,-1,-1
225,1,377.62,217.02,8.16,24.34,0.79,1,-1,-1
225,3,453.90,211.23,10.51,22.98,0.84,1,-1,-1
225,10,366.13,218.55,7.06,18.73,0.80,1,-1,-1
225,13,387.81,214.64,8.12,23.49,0.80,1,-1,-1
225,14,341.70,219.41,6.09,18.21,0.70,1,-1,-1
225,15,336.13,220.94,6.55,16.85,0.78,1,-1,-1
225,16,309.81,220.26,4.62,12.77,0.65,1,-1,-1
226,1,377.29,217.19,8.13,24.17,0.81,1,-1,-1
226,3,453.24,211.06,11.48,22.98,0.86,1,-1,-1
226,10,365.76,218.72,7.11,18.72,0.80,1,-1,-1
226,13,387.47,214.81,8.12,22.98,0.79,1,-1,-1
226,14,342.19,219.40,5.96,18.55,0.75,1,-1,-1
226,15,336.44,221.11,6.45,16.68,0.74,1,-1,-1
226,16,309.65,220.26,4.59,12.77,0.57,1,-1,-1
227,1,376.94,217.36,7.81,24.00,0.82,1,-1,-1
227,3,452.58,211.06,12.47,22.98,0.82,1,-1,-1
227,10,364.38,218.38,7.18,20.76,0.80,1,-1,-1
227,13,387.10,215.15,7.83,23.66,0.82,1,-1,-1
227,14,343.22,220.93,5.59,17.36,0.77,1,-1,-1
227,15,337.15,220.94,7.06,17.02,0.76,1,-1,-1
227,16,309.45,220.26,4.14,12.60,0.67,1,-1,-1
228,1,375.61,217.87,8.09,22.98,0.82,1,-1,-1
228,3,451.49,211.57,11.25,22.64,0.82,1,-1,-1
228,10,364.07,218.55,7.11,20.26,0.80,1,-1,-1
228,13,386.77,215.15,7.81,24.00,0.81,1,-1,-1
228,14,343.41,220.43,6.06,17.70,0.77,1,-1,-1
228,15,337.76,220.26,6.51,17.36,0.78,1,-1,-1
228,16,308.99,220.09,4.23,12.77,0.55,1,-1,-1
229,1,374.93,217.70,8.45,22.81,0.82,1,-1,-1
229,3,451.55,211.57,11.82,21.96,0.85,1,-1,-1
229,10,363.39,218.55,7.12,20.43,0.78,1,-1,-1
229,13,386.11,214.81,8.12,24.34,0.80,1,-1,-1
229,14,344.05,220.26,5.79,17.87,0.81,1,-1,-1
229,15,338.29,220.43,6.31,17.70,0.77,1,-1,-1
229,16,308.79,220.25,4.10,12.60,0.43,1,-1,-1
230,1,374.23,217.70,8.16,22.81,0.80,1,-1,-1
230,10,362.37,218.72,7.45,21.28,0.80,1,-1,-1
230,13,386.09,214.47,7.49,23.32,0.78,1,-1,-1
230,14,344.59,220.26,5.91,17.70,0.73,1,-1,-1
230,15,338.83,220.60,6.58,17.53,0.79,1,-1,-1
230,16,308.36,220.09,4.30,12.59,0.40,1,-1,-1
231,1,373.90,217.70,8.47,23.49,0.80,1,-1,-1
231,10,362.04,218.72,7.45,20.94,0.80,1,-1,-1
231,13,385.44,214.98,8.10,23.49,0.82,1,-1,-1
231,14,344.60,220.26,6.22,17.53,0.74,1,-1,-1
231,15,339.00,220.60,6.74,17.19,0.74,1,-1,-1
231,16,308.15,219.92,4.55,13.10,0.49,1,-1,-1
232,1,373.56,217.70,8.14,22.64,0.81,1,-1,-1
232,10,361.70,218.55,7.11,19.75,0.79,1,-1,-1
232,13,384.75,215.49,8.13,23.49,0.80,1,-1,-1
232,14,345.06,220.09,6.15,18.04,0.71,1,-1,-1
232,15,339.16,220.60,7.11,18.04,0.72,1,-1,-1
232,16,307.80,219.91,4.73,13.28,0.70,1,-1,-1
233,1,373.24,217.53,8.43,21.96,0.79,1,-1,-1
233,10,361.36,218.21,7.45,20.42,0.78,1,-1,-1
233,13,383.75,215.49,8.44,23.15,0.80,1,-1,-1
233,14,345.57,220.09,5.98,18.38,0.71,1,-1,-1
233,15,339.65,220.60,6.81,17.87,0.75,1,-1,-1
233,16,307.63,220.08,4.73,13.11,0.70,1,-1,-1
234,1,373.21,217.53,8.16,22.13,0.80,1,-1,-1
234,10,361.35,218.38,7.13,19.92,0.79,1,-1,-1
234,13,383.38,215.15,8.16,22.98,0.77,1,-1,-1
234,14,345.80,220.09,6.02,16.68,0.73,1,-1,-1
234,15,340.17,220.60,6.44,16.85,0.77,1,-1,-1
234,16,307.46,219.92,4.74,12.94,0.73,1,-1,-1
235,1,372.86,217.53,8.17,23.49,0.81,1,-1,-1
235,10,361.35,218.55,7.13,20.25,0.78,1,-1,-1
235,13,382.67,214.64,7.20,21.79,0.73,1,-1,-1
235,14,346.59,220.09,5.97,17.53,0.78,1,-1,-1
235,15,340.35,221.11,6.77,17.36,0.77,1,-1,-1
235,16,306.81,219.91,5.37,12.77,0.80,1,-1,-1
236,1,372.53,217.70,7.82,23.15,0.80,1,-1,-1
236,10,361.70,218.72,6.77,18.89,0.79,1,-1,-1
236,14,346.78,219.57,6.10,18.04,0.80,1,-1,-1
236,15,340.84,221.28,6.62,17.19,0.77,1,-1,-1
236,16,306.62,219.74,5.58,12.94,0.82,1,-1,-1
237,10,361.69,218.38,6.45,18.38,0.79,1,-1,-1
237,14,347.11,219.40,6.12,18.72,0.81,1,-1,-1
237,15,341.02,221.11,6.78,17.53,0.78,1,-1,-1
237,16,306.44,219.74,5.60,13.11,0.82,1,-1,-1
238,14,347.47,218.89,6.43,19.23,0.77,1,-1,-1
238,15,341.03,220.77,7.10,17.87,0.77,1,-1,-1
238,16,306.28,219.91,5.58,12.77,0.82,1,-1,-1
239,14,347.79,219.06,6.12,18.89,0.78,1,-1,-1
239,15,341.20,221.11,7.25,17.36,0.78,1,-1,-1
239,16,306.42,219.91,5.12,12.77,0.81,1,-1,-1
240,15,341.37,221.11,7.44,17.19,0.80,1,-1,-1
240,16,305.94,219.74,5.41,13.11,0.82,1,-1,-1
241,16,305.76,219.91,5.26,12.77,0.79,1,-1,-1
242,3,446.40,210.89,9.92,22.30,0.50,1,-1,-1
242,16,305.59,220.26,5.09,12.43,0.80,1,-1,-1
243,3,446.43,211.06,9.51,22.30,0.81,1,-1,-1
243,16,305.08,220.26,5.09,12.60,0.80,1,-1,-1
244,3,446.44,211.06,9.16,21.79,0.82,1,-1,-1
244,16,304.91,219.92,5.09,12.60,0.78,1,-1,-1
245,3,445.75,209.87,8.83,21.62,0.82,1,-1,-1
245,16,304.56,219.91,4.78,12.77,0.79,1,-1,-1
246,3,445.73,209.36,8.20,22.30,0.82,1,-1,-1
246,16,304.24,219.91,4.90,12.77,0.80,1,-1,-1
247,3,445.43,209.19,8.45,22.30,0.80,1,-1,-1
247,16,304.07,220.08,4.90,12.43,0.77,1,-1,-1
248,3,445.41,209.19,8.16,22.30,0.79,1,-1,-1
248,16,303.77,220.26,5.18,11.92,0.71,1,-1,-1
248,18,374.92,201.70,14.58,41.36,0.81,1,-1,-1
249,3,445.10,208.51,8.78,22.98,0.81,1,-1,-1
249,16,303.51,220.09,4.84,12.08,0.65,1,-1,-1
250,3,445.11,208.17,8.43,20.60,0.80,1,-1,-1
250,18,365.83,203.23,14.45,38.47,0.57,1,-1,-1
251,3,444.84,207.66,8.63,18.90,0.68,1,-1,-1
251,13,375.93,214.64,7.12,22.30,0.70,1,-1,-1
251,18,360.27,204.93,13.37,37.11,0.60,1,-1,-1
252,1,365.42,217.36,7.12,22.13,0.72,1,-1,-1
252,3,444.38,207.66,8.86,21.45,0.83,1,-1,-1
252,13,375.58,214.98,6.80,22.13,0.81,1,-1,-1
253,1,365.08,217.53,7.13,22.47,0.78,1,-1,-1
253,3,444.06,207.32,8.82,21.79,0.84,1,-1,-1
253,13,374.94,215.15,7.41,21.79,0.81,1,-1,-1
254,1,364.42,217.70,7.43,22.13,0.81,1,-1,-1
254,3,443.73,207.49,8.81,21.45,0.84,1,-1,-1
254,10,356.60,218.04,5.77,18.21,0.61,1,-1,-1
254,13,374.25,214.98,7.78,22.13,0.83,1,-1,-1
255,1,363.75,217.70,7.76,21.62,0.82,1,-1,-1
255,3,443.40,206.81,8.46,20.09,0.83,1,-1,-1
255,13,373.55,214.47,7.81,22.64,0.83,1,-1,-1
255,14,354.58,218.38,6.44,19.40,0.58,1,-1,-1
256,1,363.04,217.70,7.47,21.28,0.80,1,-1,-1
256,3,442.70,206.47,8.17,20.43,0.81,1,-1,-1
256,13,372.85,214.64,6.84,21.96,0.81,1,-1,-1
256,14,355.22,219.23,5.83,19.23,0.72,1,-1,-1
256,15,350.16,221.28,6.12,16.68,0.65,1,-1,-1
257,1,362.71,217.70,7.47,21.62,0.82,1,-1,-1
257,3,442.02,205.62,8.16,21.45,0.82,1,-1,-1
257,13,372.21,214.81,7.10,21.96,0.79,1,-1,-1
257,14,354.90,219.06,6.14,20.93,0.69,1,-1,-1
257,15,350.78,221.28,6.24,18.72,0.64,1,-1,-1
258,1,362.71,217.87,7.12,20.77,0.81,1,-1,-1
258,3,441.72,205.62,8.77,21.28,0.83,1,-1,-1
258,13,371.53,214.98,7.10,21.45,0.79,1,-1,-1
258,14,355.24,217.88,5.80,20.09,0.54,1,-1,-1
258,15,351.79,217.72,8.61,21.94,0.52,1,-1,-1
259,1,362.70,218.04,7.14,21.45,0.80,1,-1,-1
259,3,441.34,205.28,8.50,21.62,0.83,1,-1,-1
259,13,371.19,215.15,7.45,21.96,0.82,1,-1,-1
259,15,352.23,218.04,9.10,22.13,0.73,1,-1,-1
260,1,362.71,218.04,6.78,20.43,0.79,1,-1,-1
260,3,441.35,204.94,8.16,21.62,0.83,1,-1,-1
260,13,370.51,214.98,7.12,21.28,0.82,1,-1,-1
260,15,352.92,220.59,8.74,20.60,0.63,1,-1,-1
261,1,362.71,217.87,6.77,20.26,0.78,1,-1,-1
261,3,441.05,204.60,8.06,19.07,0.80,1,-1,-1
261,13,369.82,214.64,7.15,22.64,0.82,1,-1,-1
261,15,354.13,220.26,8.01,21.11,0.64,1,-1,-1
262,1,362.37,217.53,7.12,21.45,0.77,1,-1,-1
262,3,440.68,203.75,8.82,20.93,0.82,1,-1,-1
262,10,352.52,218.72,4.79,17.19,0.52,1,-1,-1
262,13,369.49,214.64,7.11,22.30,0.79,1,-1,-1
262,15,356.23,221.10,6.51,17.88,0.63,1,-1,-1
263,1,362.05,217.53,7.08,20.43,0.76,1,-1,-1
263,3,440.00,203.40,8.82,21.28,0.82,1,-1,-1
263,10,351.88,218.38,5.05,17.19,0.72,1,-1,-1
263,13,368.83,215.15,7.09,21.45,0.76,1,-1,-1
263,15,356.34,221.79,6.65,16.00,0.70,1,-1,-1
264,3,439.33,203.06,9.13,21.28,0.83,1,-1,-1
264,10,351.21,218.38,5.71,18.04,0.75,1,-1,-1
264,13,367.15,215.66,7.73,21.45,0.77,1,-1,-1
264,15,356.91,220.77,7.54,19.23,0.68,1,-1,-1
265,3,439.33,202.72,8.47,19.41,0.82,1,-1,-1
265,10,350.53,218.55,5.73,17.19,0.75,1,-1,-1
265,13,366.13,215.49,8.75,22.13,0.80,1,-1,-1
265,15,357.38,219.58,8.97,19.91,0.71,1,-1,-1
266,3,439.29,202.21,7.87,20.08,0.80,1,-1,-1
266,10,349.51,218.89,6.07,17.36,0.75,1,-1,-1
266,13,365.75,215.15,8.17,21.45,0.77,1,-1,-1
266,15,357.93,220.08,8.21,20.09,0.78,1,-1,-1
267,3,438.97,201.53,7.83,20.94,0.81,1,-1,-1
267,10,348.48,218.55,6.43,18.21,0.78,1,-1,-1
267,13,365.67,217.53,6.63,20.77,0.73,1,-1,-1
267,15,358.35,219.91,8.73,19.75,0.74,1,-1,-1
268,3,438.64,201.36,7.80,21.11,0.81,1,-1,-1
268,10,347.82,218.38,6.73,17.53,0.78,1,-1,-1
268,13,364.71,218.72,6.51,21.11,0.62,1,-1,-1
268,15,358.52,219.91,8.04,20.59,0.66,1,-1,-1
269,3,438.64,201.19,7.81,21.62,0.82,1,-1,-1
269,10,347.87,218.55,6.29,14.99,0.62,1,-1,-1
269,14,364.42,219.06,6.08,18.38,0.64,1,-1,-1
269,15,359.26,218.56,6.91,18.90,0.62,1,-1,-1
270,3,438.31,200.68,7.78,20.77,0.82,1,-1,-1
270,14,364.88,219.40,5.84,14.48,0.62,1,-1,-1
271,3,438.36,200.00,8.03,18.04,0.80,1,-1,-1
272,3,437.61,199.83,8.84,20.76,0.81,1,-1,-1
273,3,436.63,199.66,9.45,21.11,0.80,1,-1,-1
274,3,436.28,199.49,9.48,20.94,0.79,1,-1,-1
275,3,435.93,198.81,9.49,20.94,0.79,1,-1,-1
276,3,436.24,198.13,8.53,20.26,0.79,1,-1,-1
277,3,435.57,197.28,8.51,21.28,0.79,1,-1,-1
278,3,435.60,197.28,8.80,21.28,0.83,1,-1,-1
278,10,341.68,218.89,5.79,16.85,0.73,1,-1,-1
279,3,435.27,197.11,9.12,21.11,0.79,1,-1,-1
279,10,341.19,218.89,5.92,16.85,0.78,1,-1,-1
280,1,353.56,217.87,6.45,19.91,0.70,1,-1,-1
280,3,435.27,197.11,9.46,21.11,0.79,1,-1,-1
280,10,340.53,218.89,6.41,17.19,0.78,1,-1,-1
281,1,352.57,218.21,6.73,19.40,0.76,1,-1,-1
281,3,434.94,196.09,9.45,19.92,0.81,1,-1,-1
281,10,339.84,219.23,6.59,17.02,0.80,1,-1,-1
281,13,357.28,216.51,6.11,20.94,0.58,1,-1,-1
281,14,373.21,217.87,7.47,22.30,0.79,1,-1,-1
281,15,363.05,219.57,8.13,21.11,0.81,1,-1,-1
282,1,351.88,218.04,7.09,19.57,0.77,1,-1,-1
282,3,434.56,195.57,9.52,20.77,0.80,1,-1,-1
282,10,339.49,219.23,6.61,17.02,0.80,1,-1,-1
282,13,356.97,216.17,6.07,19.75,0.73,1,-1,-1
282,14,373.56,217.87,7.79,22.81,0.81,1,-1,-1
282,15,363.39,219.91,8.13,20.94,0.85,1,-1,-1
283,1,351.53,218.04,7.12,19.57,0.79,1,-1,-1
283,3,434.25,195.23,9.47,19.75,0.85,1,-1,-1
283,10,338.99,219.23,6.60,16.85,0.79,1,-1,-1
283,13,356.30,215.66,6.73,20.42,0.77,1,-1,-1
283,14,374.23,217.36,7.48,22.47,0.79,1,-1,-1
283,15,363.74,220.09,8.46,21.11,0.83,1,-1,-1
284,1,351.19,218.04,7.11,19.23,0.79,1,-1,-1
284,3,433.88,195.40,9.54,21.62,0.84,1,-1,-1
284,10,338.47,219.06,6.46,17.02,0.81,1,-1,-1
284,13,355.94,215.49,6.76,20.09,0.76,1,-1,-1
284,14,374.57,217.36,7.47,22.64,0.74,1,-1,-1
284,15,364.06,219.40,8.49,21.79,0.84,1,-1,-1
285,1,350.52,218.21,7.43,19.40,0.76,1,-1,-1
285,3,433.23,195.06,9.81,21.45,0.83,1,-1,-1
285,10,338.13,219.06,6.12,16.68,0.81,1,-1,-1
285,13,355.28,216.00,7.07,19.91,0.75,1,-1,-1
285,14,375.26,217.70,7.45,22.30,0.76,1,-1,-1
285,15,364.41,219.23,8.81,22.47,0.83,1,-1,-1
286,1,349.80,218.55,6.50,18.55,0.78,1,-1,-1
286,3,432.88,194.72,9.50,20.94,0.84,1,-1,-1
286,10,338.12,219.40,5.62,16.17,0.81,1,-1,-1
286,13,354.90,216.34,6.81,19.91,0.77,1,-1,-1
286,14,375.59,217.70,7.46,22.47,0.80,1,-1,-1
286,15,364.75,219.23,8.81,22.47,0.84,1,-1,-1
287,1,349.13,218.21,6.14,19.06,0.81,1,-1,-1
287,3,432.20,193.87,9.49,20.94,0.83,1,-1,-1
287,10,337.80,219.57,5.59,16.00,0.80,1,-1,-1
287,13,354.58,216.68,6.78,19.74,0.78,1,-1,-1
287,14,375.59,217.53,7.80,23.66,0.78,1,-1,-1
287,15,364.76,219.40,9.13,22.30,0.84,1,-1,-1
288,1,348.49,218.21,6.42,19.06,0.80,1,-1,-1
288,3,431.53,193.36,9.82,21.45,0.83,1,-1,-1
288,10,337.28,219.23,5.96,17.87,0.79,1,-1,-1
288,13,353.57,216.00,7.43,20.59,0.80,1,-1,-1
288,14,376.28,217.36,7.78,22.98,0.81,1,-1,-1
288,15,365.08,219.23,9.15,22.47,0.86,1,-1,-1
289,1,347.80,218.55,6.43,18.72,0.77,1,-1,-1
289,3,431.19,193.19,10.16,21.79,0.83,1,-1,-1
289,10,336.97,219.06,6.07,17.19,0.78,1,-1,-1
289,13,352.90,215.83,7.76,20.43,0.80,1,-1,-1
289,14,376.95,217.53,7.80,23.32,0.85,1,-1,-1
289,15,365.75,219.40,8.50,22.13,0.85,1,-1,-1
290,1,347.79,218.72,6.11,18.04,0.75,1,-1,-1
290,3,430.19,193.19,10.81,21.79,0.84,1,-1,-1
290,10,336.42,219.06,6.14,18.38,0.76,1,-1,-1
290,13,352.50,216.17,6.87,20.43,0.78,1,-1,-1
290,14,377.29,217.70,7.79,22.98,0.84,1,-1,-1
290,15,366.45,219.91,8.46,21.62,0.83,1,-1,-1
291,1,347.12,218.55,6.44,18.89,0.78,1,-1,-1
291,3,430.17,192.85,10.84,21.62,0.81,1,-1,-1
291,10,335.96,219.23,6.04,16.85,0.73,1,-1,-1
291,13,352.20,216.68,6.79,20.77,0.83,1,-1,-1
291,14,377.96,217.53,7.80,23.32,0.84,1,-1,-1
291,15,367.12,220.26,8.48,21.79,0.83,1,-1,-1
292,1,346.78,218.55,6.44,18.72,0.79,1,-1,-1
292,3,430.48,192.17,9.54,20.26,0.81,1,-1,-1
292,10,335.65,219.06,5.66,14.64,0.63,1,-1,-1
292,13,351.86,216.51,6.46,20.60,0.84,1,-1,-1
292,14,378.32,217.70,8.11,23.32,0.80,1,-1,-1
292,15,367.13,220.26,8.80,21.96,0.85,1,-1,-1
293,1,346.50,218.21,6.32,16.17,0.73,1,-1,-1
293,3,430.14,191.83,8.87,20.60,0.81,1,-1,-1
293,13,351.55,216.68,6.04,17.54,0.78,1,-1,-1
293,14,378.64,217.36,8.14,23.66,0.82,1,-1,-1
293,15,367.80,219.74,8.81,21.96,0.84,1,-1,-1
294,3,428.52,191.66,10.09,20.94,0.81,1,-1,-1
294,14,378.97,217.53,7.82,24.00,0.83,1,-1,-1
294,15,367.83,219.57,9.09,20.09,0.83,1,-1,-1
295,3,428.13,191.49,9.85,20.94,0.82,1,-1,-1
295,14,379.38,217.70,7.69,17.54,0.84,1,-1,-1
295,15,369.21,219.91,7.68,13.11,0.82,1,-1,-1
296,3,427.79,191.66,9.51,20.77,0.83,1,-1,-1
297,3,427.79,190.98,9.16,20.43,0.82,1,-1,-1
298,3,427.79,190.30,9.16,20.60,0.82,1,-1,-1
299,1,343.57,218.72,6.92,15.66,0.69,1,-1,-1
299,3,427.47,189.96,9.80,20.94,0.82,1,-1,-1
300,1,343.31,218.89,6.26,17.53,0.76,1,-1,-1
300,3,427.13,189.79,10.16,21.28,0.82,1,-1,-1
300,10,331.68,219.23,5.62,16.68,0.66,1,-1,-1
300,13,347.46,216.34,7.11,19.57,0.81,1,-1,-1
