1,1,238.64,208.34,55.93,173.96,0.92,1,-1,-1
1,2,329.15,230.13,12.71,32.85,0.87,1,-1,-1
1,3,18.81,220.09,16.08,46.13,0.86,1,-1,-1
1,4,105.51,224.34,17.29,32.85,0.86,1,-1,-1
1,5,32.61,220.77,14.60,44.26,0.71,1,-1,-1
2,1,236.10,209.87,54.41,173.45,0.93,1,-1,-1
2,2,330.00,230.47,12.37,32.00,0.86,1,-1,-1
2,3,19.41,219.91,15.64,46.64,0.84,1,-1,-1
2,4,105.59,224.51,17.29,32.68,0.86,1,-1,-1
2,5,32.73,220.60,14.25,44.60,0.67,1,-1,-1
3,1,232.21,211.74,53.89,170.55,0.94,1,-1,-1
3,2,330.85,230.47,12.54,32.34,0.87,1,-1,-1
3,3,19.87,219.57,15.47,46.13,0.81,1,-1,-1
3,4,105.51,224.51,17.29,32.85,0.86,1,-1,-1
3,5,32.60,220.60,14.55,44.77,0.78,1,-1,-1
3,6,276.95,224.00,13.22,31.83,0.84,1,-1,-1
3,7,84.28,227.23,7.92,18.21,0.76,1,-1,-1
4,1,227.28,212.77,52.55,169.19,0.92,1,-1,-1
4,2,331.36,230.98,12.86,32.00,0.87,1,-1,-1
4,3,19.86,219.40,16.26,47.49,0.85,1,-1,-1
4,4,105.51,224.51,17.29,32.85,0.86,1,-1,-1
4,5,32.79,220.94,14.90,44.60,0.80,1,-1,-1
4,6,277.45,224.17,12.23,32.34,0.87,1,-1,-1
4,7,85.84,227.23,7.81,18.21,0.73,1,-1,-1
5,1,224.23,213.79,51.37,167.15,0.91,1,-1,-1
5,2,332.04,230.98,13.54,32.68,0.87,1,-1,-1
5,3,19.85,219.74,16.37,47.49,0.85,1,-1,-1
5,4,105.51,224.51,17.28,32.68,0.86,1,-1,-1
5,5,32.80,221.11,15.17,45.45,0.79,1,-1,-1
5,6,277.46,224.34,12.04,32.00,0.87,1,-1,-1
5,7,86.52,227.23,7.80,18.21,0.78,1,-1,-1
6,1,220.19,212.77,50.65,152.51,0.94,1,-1,-1
6,2,335.05,230.81,12.44,32.68,0.84,1,-1,-1
6,3,19.93,220.26,16.27,48.34,0.85,1,-1,-1
6,4,105.59,224.51,17.13,32.68,0.86,1,-1,-1
6,5,32.94,221.11,15.11,45.45,0.82,1,-1,-1
6,6,278.12,224.68,11.38,31.66,0.85,1,-1,-1
6,7,87.61,227.40,7.23,17.19,0.70,1,-1,-1
7,1,217.28,210.72,50.18,154.89,0.93,1,-1,-1
7,2,338.11,231.15,10.72,30.47,0.84,1,-1,-1
7,3,19.64,219.92,16.55,49.53,0.87,1,-1,-1
7,4,106.02,224.68,16.68,31.15,0.86,1,-1,-1
7,5,33.32,220.77,14.67,46.13,0.80,1,-1,-1
7,6,278.65,225.02,11.35,31.15,0.85,1,-1,-1
7,7,88.30,227.40,7.97,19.06,0.68,1,-1,-1
8,1,213.22,211.06,49.32,152.51,0.94,1,-1,-1
8,2,339.00,231.32,12.17,31.83,0.87,1,-1,-1
8,3,19.24,219.06,17.08,51.40,0.87,1,-1,-1
8,4,106.53,225.02,16.18,30.13,0.85,1,-1,-1
8,5,34.64,220.94,14.03,45.62,0.80,1,-1,-1
8,6,279.33,225.02,11.68,31.49,0.85,1,-1,-1
8,7,89.28,227.40,8.57,18.89,0.75,1,-1,-1
9,1,207.12,215.49,47.80,147.74,0.95,1,-1,-1
9,2,340.19,232.17,14.03,32.00,0.90,1,-1,-1
9,3,19.58,219.23,17.00,52.77,0.83,1,-1,-1
9,4,107.45,225.36,16.11,30.97,0.60,1,-1,-1
9,5,34.99,222.13,15.57,46.30,0.77,1,-1,-1
9,6,280.01,224.85,12.35,31.83,0.87,1,-1,-1
9,7,90.43,226.72,8.80,19.23,0.67,1,-1,-1
10,1,204.41,215.49,46.95,145.36,0.93,1,-1,-1
10,2,341.36,232.00,14.24,32.34,0.91,1,-1,-1
10,3,19.75,219.74,17.31,51.58,0.83,1,-1,-1
10,4,108.05,226.04,17.37,37.76,0.54,1,-1,-1
10,5,35.46,222.13,16.10,47.32,0.73,1,-1,-1
10,6,280.52,224.51,13.03,32.17,0.88,1,-1,-1
10,7,91.25,226.55,8.42,18.89,0.71,1,-1,-1
11,1,199.67,213.11,46.43,140.26,0.93,1,-1,-1
11,2,346.22,232.17,11.79,32.34,0.87,1,-1,-1
11,3,20.50,219.91,17.26,52.26,0.86,1,-1,-1
11,4,110.73,226.89,15.90,28.95,0.74,1,-1,-1
11,5,35.94,220.77,16.73,48.85,0.78,1,-1,-1
11,6,282.88,224.34,13.05,32.17,0.87,1,-1,-1
11,7,93.16,226.72,8.60,18.38,0.76,1,-1,-1
12,1,195.43,212.43,47.27,137.19,0.93,1,-1,-1
12,2,347.84,233.02,14.48,32.51,0.87,1,-1,-1
12,3,20.99,218.38,18.15,53.62,0.86,1,-1,-1
12,4,115.11,226.83,14.30,26.97,0.31,1,-1,-1
12,5,37.84,220.77,15.11,48.51,0.72,1,-1,-1
12,6,285.41,224.85,12.56,32.51,0.88,1,-1,-1
12,7,95.36,227.06,9.28,19.40,0.69,1,-1,-1
13,1,192.21,213.45,47.78,135.49,0.92,1,-1,-1
13,2,348.82,233.70,14.90,32.51,0.88,1,-1,-1
13,3,21.13,218.04,18.86,54.30,0.86,1,-1,-1
13,4,115.96,230.29,11.15,21.80,0.54,1,-1,-1
13,5,38.53,221.28,15.13,50.04,0.76,1,-1,-1
13,6,286.11,225.36,13.36,31.66,0.90,1,-1,-1
13,7,96.93,226.04,10.13,19.06,0.75,1,-1,-1
14,1,190.00,216.34,46.61,132.60,0.95,1,-1,-1
14,2,352.21,233.36,15.58,32.85,0.88,1,-1,-1
14,3,21.04,219.06,18.95,53.11,0.85,1,-1,-1
14,4,117.34,228.60,13.45,24.84,0.53,1,-1,-1
14,5,38.83,221.28,15.11,50.38,0.81,1,-1,-1
14,6,287.29,225.87,13.55,31.49,0.90,1,-1,-1
14,7,98.72,226.04,10.11,19.40,0.78,1,-1,-1
15,1,188.31,221.96,44.40,123.92,0.92,1,-1,-1
15,2,356.62,233.53,15.58,31.83,0.89,1,-1,-1
15,3,21.07,219.23,19.04,52.77,0.84,1,-1,-1
15,4,119.41,223.84,14.90,29.61,0.71,1,-1,-1
15,5,38.52,220.43,16.05,50.38,0.78,1,-1,-1
15,6,290.14,226.04,12.25,31.49,0.87,1,-1,-1
15,7,100.90,226.21,10.07,20.94,0.80,1,-1,-1
16,1,186.61,216.85,41.87,120.68,0.95,1,-1,-1
16,2,358.32,234.04,16.59,32.34,0.89,1,-1,-1
16,3,21.03,218.55,18.48,52.77,0.86,1,-1,-1
16,4,121.75,222.81,14.38,29.96,0.80,1,-1,-1
16,5,39.48,220.26,15.96,51.06,0.81,1,-1,-1
16,6,292.87,225.87,11.56,32.00,0.88,1,-1,-1
16,7,102.53,225.36,10.45,22.64,0.83,1,-1,-1
17,1,184.57,213.11,41.36,123.57,0.95,1,-1,-1
17,2,359.65,234.04,16.29,33.19,0.88,1,-1,-1
17,3,21.01,217.19,18.91,54.81,0.84,1,-1,-1
17,4,121.87,222.64,15.75,32.51,0.81,1,-1,-1
17,5,39.92,220.43,16.63,52.25,0.83,1,-1,-1
17,6,293.91,226.38,12.35,31.83,0.88,1,-1,-1
17,7,104.22,225.36,10.89,25.19,0.83,1,-1,-1
18,1,182.21,215.83,41.52,120.85,0.94,1,-1,-1
18,2,363.36,233.53,14.64,34.55,0.88,1,-1,-1
18,3,21.24,217.36,19.48,55.83,0.82,1,-1,-1
18,4,124.50,222.30,15.48,31.15,0.83,1,-1,-1
18,5,40.53,220.60,17.21,52.77,0.80,1,-1,-1
18,6,294.28,226.72,14.33,31.83,0.87,1,-1,-1
18,7,106.29,225.70,10.80,22.98,0.84,1,-1,-1
19,1,180.68,217.36,40.01,118.30,0.94,1,-1,-1
19,2,366.42,233.53,13.25,33.87,0.88,1,-1,-1
19,3,21.49,218.72,19.96,54.47,0.83,1,-1,-1
19,4,126.45,221.79,15.75,30.98,0.87,1,-1,-1
19,5,41.30,219.92,17.09,52.09,0.78,1,-1,-1
19,6,296.12,227.57,14.38,29.62,0.89,1,-1,-1
19,7,108.06,225.70,11.08,22.30,0.86,1,-1,-1
20,1,180.67,216.34,36.12,111.83,0.94,1,-1,-1
20,2,367.85,234.04,16.84,33.53,0.89,1,-1,-1
20,3,22.45,218.04,20.66,57.36,0.83,1,-1,-1
20,4,127.92,221.96,16.71,30.47,0.84,1,-1,-1
20,5,42.06,218.72,16.71,54.64,0.82,1,-1,-1
20,6,301.31,227.40,12.47,29.79,0.85,1,-1,-1
20,7,110.85,225.70,11.17,22.13,0.82,1,-1,-1
21,1,181.01,214.47,35.43,112.34,0.94,1,-1,-1
21,2,369.82,234.55,15.96,33.19,0.87,1,-1,-1
21,3,24.70,217.70,19.21,57.70,0.81,1,-1,-1
21,4,129.06,221.62,17.31,32.34,0.85,1,-1,-1
21,5,43.45,220.08,15.82,53.96,0.81,1,-1,-1
21,6,302.71,227.23,12.72,30.81,0.85,1,-1,-1
21,7,112.41,225.19,11.95,26.04,0.81,1,-1,-1
22,1,180.17,214.64,36.09,111.83,0.94,1,-1,-1
22,2,375.21,234.21,13.98,33.53,0.86,1,-1,-1
22,3,25.59,216.51,18.71,59.40,0.85,1,-1,-1
22,4,130.78,221.45,17.09,30.81,0.86,1,-1,-1
22,5,42.60,220.60,17.56,54.13,0.82,1,-1,-1
22,6,302.91,227.57,15.37,32.85,0.88,1,-1,-1
22,7,114.37,225.19,12.02,28.42,0.82,1,-1,-1
23,1,178.65,218.04,37.94,108.26,0.94,1,-1,-1
23,2,379.32,234.04,13.91,34.72,0.90,1,-1,-1
23,3,26.55,217.53,19.26,57.36,0.85,1,-1,-1
23,4,133.26,221.28,16.44,32.00,0.82,1,-1,-1
23,5,42.90,219.06,17.50,55.66,0.81,1,-1,-1
23,6,304.77,228.26,16.73,32.85,0.87,1,-1,-1
23,7,117.45,225.53,11.96,28.60,0.80,1,-1,-1
23,8,58.14,224.85,8.60,21.45,0.75,1,-1,-1
24,1,178.30,218.38,35.61,105.53,0.94,1,-1,-1
24,2,380.36,234.55,15.20,34.21,0.88,1,-1,-1
24,3,27.66,218.04,19.62,57.87,0.79,1,-1,-1
24,4,134.99,220.94,15.78,30.81,0.67,1,-1,-1
24,5,44.36,217.02,16.84,58.21,0.82,1,-1,-1
24,6,308.44,228.77,14.47,32.34,0.88,1,-1,-1
24,7,120.60,225.87,11.51,26.90,0.81,1,-1,-1
24,8,58.99,224.34,8.50,22.98,0.70,1,-1,-1
25,1,177.62,217.02,33.91,102.30,0.93,1,-1,-1
25,2,382.36,234.38,14.93,35.06,0.89,1,-1,-1
25,3,28.24,217.53,19.71,60.76,0.83,1,-1,-1
25,4,136.21,220.26,15.80,28.94,0.84,1,-1,-1
25,5,45.53,217.19,17.54,58.55,0.82,1,-1,-1
25,6,310.97,228.09,12.80,33.53,0.86,1,-1,-1
25,7,122.57,226.04,11.82,26.04,0.82,1,-1,-1
25,8,59.75,224.34,8.22,22.13,0.72,1,-1,-1
26,1,173.90,215.49,34.07,102.64,0.93,1,-1,-1
26,2,386.42,233.53,13.60,35.40,0.89,1,-1,-1
26,3,28.65,216.51,20.00,61.28,0.87,1,-1,-1
26,4,138.06,219.74,15.92,33.02,0.81,1,-1,-1
26,5,45.78,218.72,17.81,58.38,0.81,1,-1,-1
26,6,313.55,228.26,12.06,32.51,0.82,1,-1,-1
26,7,126.13,225.53,12.05,25.36,0.76,1,-1,-1
26,8,60.93,225.19,8.10,22.13,0.80,1,-1,-1
27,1,171.87,216.68,34.74,101.28,0.94,1,-1,-1
27,2,388.48,233.87,13.55,34.55,0.89,1,-1,-1
27,3,29.19,215.32,21.09,63.15,0.84,1,-1,-1
27,4,139.70,219.74,15.69,33.36,0.65,1,-1,-1
27,5,47.15,218.38,17.44,58.38,0.81,1,-1,-1
27,6,314.79,228.77,13.81,33.02,0.83,1,-1,-1
27,7,129.09,226.21,11.99,24.85,0.67,1,-1,-1
27,8,61.85,225.36,8.00,22.47,0.73,1,-1,-1
28,1,170.17,218.72,34.40,99.40,0.94,1,-1,-1
28,2,389.84,234.55,14.56,34.04,0.91,1,-1,-1
28,3,29.80,216.34,21.33,62.64,0.82,1,-1,-1
28,4,139.25,219.40,17.68,36.93,0.78,1,-1,-1
28,5,47.45,217.36,18.79,59.23,0.83,1,-1,-1
28,6,315.46,229.11,15.18,33.36,0.83,1,-1,-1
28,7,131.86,226.72,12.64,28.07,0.55,1,-1,-1
28,8,62.95,225.53,7.44,21.79,0.59,1,-1,-1
29,1,170.00,219.06,31.86,91.06,0.93,1,-1,-1
29,2,390.20,234.55,16.56,34.89,0.88,1,-1,-1
29,3,31.14,217.19,21.39,61.96,0.79,1,-1,-1
29,4,137.36,219.40,20.88,36.94,0.78,1,-1,-1
29,5,48.77,217.36,18.98,59.57,0.78,1,-1,-1
29,6,319.26,229.45,13.51,32.17,0.77,1,-1,-1
29,8,63.68,225.19,7.68,22.64,0.58,1,-1,-1
30,1,170.15,217.36,29.37,93.79,0.92,1,-1,-1
30,2,395.57,234.04,14.96,35.57,0.90,1,-1,-1
30,3,33.00,216.68,21.08,64.34,0.79,1,-1,-1
30,4,141.59,219.91,18.94,35.58,0.87,1,-1,-1
30,5,50.79,217.70,17.65,60.43,0.76,1,-1,-1
30,6,322.34,229.11,12.94,34.04,0.86,1,-1,-1
30,8,64.60,225.36,7.91,22.64,0.63,1,-1,-1
31,1,169.07,216.68,30.92,94.64,0.93,1,-1,-1
31,2,400.34,234.21,14.92,36.09,0.91,1,-1,-1
31,3,35.09,214.47,20.95,66.89,0.86,1,-1,-1
31,4,144.50,220.93,17.77,38.63,0.72,1,-1,-1
31,5,52.57,217.70,16.43,61.11,0.80,1,-1,-1
31,6,323.92,229.62,15.55,34.89,0.91,1,-1,-1
31,8,65.71,225.02,8.49,23.49,0.64,1,-1,-1
32,1,166.97,218.72,32.34,91.74,0.92,1,-1,-1
32,2,402.38,234.89,15.57,35.92,0.88,1,-1,-1
32,3,36.23,215.15,22.05,66.04,0.88,1,-1,-1
32,4,146.86,220.94,17.22,37.96,0.82,1,-1,-1
32,5,52.74,217.36,17.66,61.28,0.76,1,-1,-1
32,6,325.27,230.47,17.25,35.06,0.89,1,-1,-1
32,8,66.54,225.53,8.99,23.15,0.50,1,-1,-1
33,1,166.86,219.91,31.44,89.87,0.91,1,-1,-1
33,2,403.39,234.89,16.27,36.94,0.91,1,-1,-1
33,3,36.61,215.83,22.58,67.23,0.86,1,-1,-1
33,4,147.59,221.11,19.07,38.13,0.85,1,-1,-1
33,5,53.41,216.51,19.53,62.30,0.65,1,-1,-1
33,6,326.77,230.30,16.80,35.40,0.89,1,-1,-1
33,8,67.47,225.58,9.08,24.22,0.22,1,-1,-1
34,1,165.76,219.74,29.33,86.64,0.92,1,-1,-1
34,2,406.76,234.38,14.62,37.28,0.89,1,-1,-1
34,3,38.46,216.17,21.57,67.74,0.84,1,-1,-1
34,4,149.22,221.96,17.75,41.70,0.82,1,-1,-1
34,5,55.34,217.70,20.84,63.32,0.78,1,-1,-1
34,6,331.15,230.13,13.97,35.74,0.90,1,-1,-1
34,8,68.45,225.44,8.99,23.09,0.30,1,-1,-1
35,1,163.21,216.85,29.50,89.36,0.92,1,-1,-1
35,2,410.49,233.87,13.26,38.13,0.90,1,-1,-1
35,3,39.12,214.81,21.70,69.96,0.85,1,-1,-1
35,4,150.30,222.64,17.12,45.11,0.86,1,-1,-1
35,5,55.48,218.21,22.17,63.66,0.78,1,-1,-1
35,6,334.20,229.79,12.12,36.26,0.87,1,-1,-1
36,1,161.18,215.83,28.99,88.85,0.91,1,-1,-1
36,2,411.54,234.38,14.88,37.45,0.91,1,-1,-1
36,3,39.68,214.13,22.59,69.96,0.85,1,-1,-1
36,4,152.58,222.98,15.86,44.26,0.78,1,-1,-1
36,5,57.63,217.87,23.55,63.66,0.82,1,-1,-1
36,6,335.65,230.30,16.49,36.26,0.89,1,-1,-1
37,1,159.33,219.74,28.12,83.58,0.91,1,-1,-1
37,2,411.91,235.23,18.21,36.94,0.89,1,-1,-1
37,3,40.22,214.13,24.51,69.96,0.89,1,-1,-1
37,4,154.11,222.98,15.34,45.79,0.80,1,-1,-1
37,5,59.50,216.00,23.15,64.85,0.81,1,-1,-1
37,6,336.63,230.64,17.93,36.26,0.89,1,-1,-1
37,9,190.85,227.57,19.66,31.49,0.79,1,-1,-1
38,1,157.54,220.26,28.05,83.06,0.92,1,-1,-1
38,2,414.88,234.89,16.67,37.62,0.87,1,-1,-1
38,3,41.29,214.81,24.60,69.96,0.90,1,-1,-1
38,4,154.68,222.64,15.14,47.49,0.70,1,-1,-1
38,5,61.47,216.17,21.81,65.53,0.81,1,-1,-1
38,6,337.13,230.81,18.46,36.60,0.87,1,-1,-1
38,9,196.24,225.70,19.72,34.04,0.81,1,-1,-1
39,1,155.68,219.23,26.87,79.83,0.93,1,-1,-1
39,2,422.50,234.72,12.96,37.45,0.77,1,-1,-1
39,3,42.98,215.83,24.02,70.13,0.88,1,-1,-1
39,5,63.45,216.85,22.12,65.70,0.73,1,-1,-1
39,6,344.83,229.96,13.22,37.79,0.88,1,-1,-1
39,9,207.02,225.19,21.71,34.04,0.81,1,-1,-1
40,1,155.00,217.02,27.21,81.53,0.94,1,-1,-1
40,2,425.79,235.23,13.51,38.13,0.72,1,-1,-1
40,3,45.24,215.49,23.42,71.15,0.87,1,-1,-1
40,5,64.62,217.19,24.23,67.91,0.82,1,-1,-1
40,6,347.13,229.79,13.89,37.79,0.90,1,-1,-1
40,9,215.37,225.02,21.12,36.25,0.84,1,-1,-1
41,1,153.46,217.53,25.54,81.36,0.90,1,-1,-1
41,2,426.18,236.60,16.45,37.28,0.84,1,-1,-1
41,3,46.82,214.13,24.11,72.85,0.89,1,-1,-1
41,4,170.09,223.66,15.72,42.39,0.63,1,-1,-1
41,5,66.10,216.85,23.57,66.72,0.85,1,-1,-1
41,6,348.17,230.47,16.88,37.62,0.90,1,-1,-1
41,9,224.26,227.06,21.47,35.06,0.84,1,-1,-1
42,1,151.38,219.91,26.40,78.98,0.89,1,-1,-1
42,2,426.85,236.60,18.50,38.47,0.79,1,-1,-1
42,3,48.86,213.96,24.49,73.70,0.87,1,-1,-1
42,4,170.08,223.83,19.26,41.70,0.78,1,-1,-1
42,5,67.38,215.49,23.94,70.30,0.80,1,-1,-1
42,6,350.52,230.98,17.61,37.62,0.90,1,-1,-1
42,9,233.56,227.74,21.02,34.38,0.80,1,-1,-1
43,1,149.74,219.91,25.51,77.11,0.89,1,-1,-1
43,2,435.01,235.58,15.39,39.15,0.74,1,-1,-1
43,3,49.69,214.13,26.63,75.74,0.86,1,-1,-1
43,4,171.93,223.83,21.40,42.04,0.82,1,-1,-1
43,5,68.82,215.49,26.17,73.53,0.91,1,-1,-1
43,6,355.56,230.30,15.32,38.98,0.90,1,-1,-1
43,9,244.26,226.04,21.48,39.83,0.78,1,-1,-1
44,1,148.72,218.21,24.25,75.91,0.91,1,-1,-1
44,2,437.63,235.40,15.59,39.49,0.82,1,-1,-1
44,3,49.99,214.30,26.17,76.94,0.88,1,-1,-1
44,4,174.32,223.49,24.07,39.83,0.85,1,-1,-1
44,5,70.51,216.00,26.77,73.53,0.91,1,-1,-1
44,6,358.97,229.62,14.94,39.32,0.86,1,-1,-1
44,9,252.59,225.53,22.62,38.47,0.84,1,-1,-1
45,1,146.61,217.19,24.07,76.60,0.94,1,-1,-1
45,2,437.69,235.91,19.20,38.98,0.88,1,-1,-1
45,3,50.08,213.11,29.80,78.30,0.90,1,-1,-1
45,4,177.26,223.66,23.27,40.00,0.84,1,-1,-1
45,5,72.97,216.00,26.86,73.53,0.88,1,-1,-1
45,6,361.03,229.96,15.91,39.32,0.89,1,-1,-1
45,9,261.37,226.55,24.04,39.83,0.86,1,-1,-1
46,1,144.07,217.87,25.07,75.40,0.94,1,-1,-1
46,2,438.99,236.26,19.65,39.15,0.88,1,-1,-1
46,3,52.41,212.43,25.52,78.47,0.90,1,-1,-1
46,4,180.33,223.66,23.74,41.19,0.86,1,-1,-1
46,5,74.45,214.81,27.00,74.72,0.92,1,-1,-1
46,6,361.40,231.49,19.57,37.96,0.90,1,-1,-1
46,9,270.53,227.23,25.22,40.85,0.83,1,-1,-1
47,1,142.63,219.23,24.58,74.04,0.93,1,-1,-1
47,2,443.90,232.68,17.96,42.89,0.79,1,-1,-1
47,3,53.65,212.94,25.88,78.64,0.89,1,-1,-1
47,4,183.42,223.83,24.18,39.49,0.86,1,-1,-1
47,5,75.43,215.15,27.95,74.21,0.91,1,-1,-1
47,6,362.37,231.32,20.00,38.64,0.91,1,-1,-1
47,9,280.69,228.42,25.91,41.53,0.82,1,-1,-1
48,1,140.51,219.57,24.32,72.51,0.92,1,-1,-1
48,2,448.19,230.47,16.17,44.76,0.67,1,-1,-1
48,3,55.91,213.79,27.62,78.64,0.89,1,-1,-1
48,4,186.27,223.83,24.23,39.32,0.86,1,-1,-1
48,5,77.25,215.66,28.43,74.89,0.91,1,-1,-1
48,6,366.73,230.98,17.05,38.98,0.88,1,-1,-1
48,9,290.88,229.11,26.54,41.53,0.77,1,-1,-1
49,1,138.99,218.72,23.89,70.13,0.91,1,-1,-1
49,2,452.95,236.42,17.82,40.17,0.85,1,-1,-1
49,3,58.61,215.15,24.48,79.32,0.90,1,-1,-1
49,4,190.89,223.83,23.98,36.26,0.84,1,-1,-1
49,5,78.86,216.68,29.44,76.26,0.93,1,-1,-1
49,6,373.16,229.96,14.02,40.34,0.88,1,-1,-1
49,9,304.84,229.28,28.61,47.49,0.80,1,-1,-1
50,1,138.55,217.87,23.32,70.81,0.92,1,-1,-1
50,2,454.25,236.77,18.95,41.02,0.86,1,-1,-1
50,3,61.08,214.98,23.81,80.17,0.86,1,-1,-1
50,4,194.72,224.00,23.62,37.28,0.84,1,-1,-1
50,5,82.10,215.66,27.84,77.45,0.91,1,-1,-1
50,6,374.62,230.64,17.55,39.83,0.90,1,-1,-1
50,9,319.69,229.45,30.78,49.70,0.81,1,-1,-1
51,1,137.13,218.38,24.73,70.81,0.93,1,-1,-1
51,2,459.56,235.24,17.15,42.55,0.81,1,-1,-1
51,3,62.14,212.43,25.72,82.72,0.87,1,-1,-1
51,4,197.07,224.00,24.16,43.23,0.88,1,-1,-1
51,5,82.63,213.79,29.15,79.32,0.93,1,-1,-1
51,6,375.95,231.32,19.28,39.32,0.91,1,-1,-1
51,9,333.68,229.45,30.43,52.42,0.85,1,-1,-1
52,1,135.95,219.74,24.54,64.34,0.91,1,-1,-1
52,2,465.52,234.21,15.40,43.57,0.67,1,-1,-1
52,3,61.43,212.60,28.28,84.43,0.87,1,-1,-1
52,4,200.87,224.00,23.51,40.00,0.85,1,-1,-1
52,5,84.50,215.83,30.24,79.66,0.91,1,-1,-1
52,6,380.66,231.15,18.01,40.17,0.89,1,-1,-1
52,9,350.44,231.32,29.62,53.45,0.80,1,-1,-1
53,1,134.81,219.74,23.18,66.55,0.90,1,-1,-1
53,2,466.09,230.48,19.35,47.31,0.64,1,-1,-1
53,3,62.42,214.30,31.60,84.43,0.89,1,-1,-1
53,4,204.51,223.15,23.19,44.08,0.84,1,-1,-1
53,5,87.45,215.83,30.51,81.02,0.90,1,-1,-1
53,9,369.11,228.94,32.28,62.47,0.87,1,-1,-1
54,1,134.05,218.55,21.47,65.70,0.90,1,-1,-1
54,2,466.80,223.67,22.34,54.29,0.69,1,-1,-1
54,3,65.08,214.47,31.87,85.62,0.90,1,-1,-1
54,4,207.29,222.98,24.07,45.79,0.88,1,-1,-1
54,5,89.40,214.47,31.11,83.40,0.91,1,-1,-1
54,9,385.44,229.62,31.15,59.41,0.79,1,-1,-1
55,1,131.78,217.19,21.62,68.08,0.92,1,-1,-1
55,2,471.58,238.46,20.23,39.66,0.88,1,-1,-1
55,3,68.87,213.62,28.62,87.32,0.92,1,-1,-1
55,4,210.40,224.68,24.80,44.26,0.81,1,-1,-1
55,5,93.55,213.62,30.52,84.26,0.92,1,-1,-1
55,6,389.84,230.98,19.98,40.85,0.88,1,-1,-1
55,9,404.43,228.26,34.51,63.15,0.85,1,-1,-1
56,1,130.26,218.55,22.27,66.55,0.91,1,-1,-1
56,2,479.21,238.13,15.14,40.17,0.86,1,-1,-1
56,3,71.46,212.77,27.62,87.83,0.88,1,-1,-1
56,4,214.02,223.32,25.35,50.04,0.87,1,-1,-1
56,5,95.25,212.94,30.85,85.96,0.91,1,-1,-1
56,6,390.86,230.98,22.34,41.70,0.91,1,-1,-1
56,9,420.38,229.28,38.56,67.40,0.85,1,-1,-1
57,1,128.48,219.91,21.94,64.34,0.89,1,-1,-1
57,2,483.76,238.81,16.21,40.68,0.82,1,-1,-1
57,3,73.24,212.94,30.04,89.19,0.90,1,-1,-1
57,4,217.81,223.83,25.56,49.70,0.79,1,-1,-1
57,5,97.31,213.96,33.76,86.98,0.91,1,-1,-1
57,6,394.53,231.15,18.73,41.70,0.90,1,-1,-1
57,9,441.65,230.13,40.09,72.51,0.83,1,-1,-1
57,10,37.29,224.17,6.74,23.83,0.71,1,-1,-1
58,1,128.04,219.91,20.61,63.32,0.90,1,-1,-1
58,3,75.99,214.47,30.17,88.17,0.80,1,-1,-1
58,4,220.72,224.17,26.86,48.17,0.86,1,-1,-1
58,5,99.88,214.98,29.13,87.83,0.85,1,-1,-1
58,6,400.95,230.64,14.36,42.38,0.89,1,-1,-1
58,9,461.07,230.81,44.98,76.08,0.87,1,-1,-1
58,10,37.19,224.17,6.68,24.51,0.70,1,-1,-1
59,1,128.10,218.72,18.88,62.98,0.87,1,-1,-1
59,3,78.46,214.64,29.51,90.04,0.91,1,-1,-1
59,4,224.58,223.66,27.28,48.51,0.87,1,-1,-1
59,5,100.83,214.13,28.68,89.36,0.87,1,-1,-1
59,6,405.09,230.81,14.57,42.04,0.90,1,-1,-1
59,9,485.90,224.68,40.73,81.87,0.85,1,-1,-1
59,10,37.30,223.66,6.44,25.02,0.62,1,-1,-1
60,1,127.36,217.36,19.00,64.34,0.84,1,-1,-1
60,2,494.92,238.64,16.94,41.87,0.83,1,-1,-1
60,3,81.33,213.79,28.86,92.08,0.88,1,-1,-1
60,4,229.05,224.34,28.85,47.66,0.83,1,-1,-1
60,5,104.07,212.94,28.73,89.36,0.86,1,-1,-1
60,6,406.48,231.49,18.56,41.87,0.90,1,-1,-1
60,9,514.75,232.34,43.71,75.58,0.83,1,-1,-1
60,10,37.77,222.98,5.78,24.51,0.58,1,-1,-1
61,1,129.10,218.72,17.38,63.15,0.81,1,-1,-1
61,2,498.88,237.96,14.44,42.89,0.82,1,-1,-1
61,3,83.65,212.60,29.73,93.28,0.88,1,-1,-1
61,4,232.87,224.17,29.34,49.36,0.86,1,-1,-1
61,5,106.45,213.62,29.23,90.04,0.87,1,-1,-1
61,6,406.82,231.32,21.96,42.72,0.90,1,-1,-1
61,9,538.58,235.06,40.81,77.79,0.88,1,-1,-1
61,10,38.23,223.66,5.08,22.48,0.50,1,-1,-1
62,1,130.17,220.59,15.33,62.13,0.79,1,-1,-1
62,2,500.06,238.81,20.21,41.87,0.90,1,-1,-1
62,3,84.65,212.43,34.18,98.38,0.85,1,-1,-1
62,4,240.79,224.68,30.63,56.85,0.87,1,-1,-1
62,5,109.42,214.81,31.49,93.28,0.89,1,-1,-1
62,6,414.14,229.79,17.83,45.11,0.87,1,-1,-1
62,9,574.57,232.85,45.09,86.47,0.90,1,-1,-1
62,10,38.77,224.15,4.51,20.46,0.39,1,-1,-1
63,2,501.04,239.49,22.67,41.87,0.91,1,-1,-1
63,3,85.70,213.96,35.97,97.53,0.90,1,-1,-1
63,4,246.08,223.49,31.24,60.77,0.88,1,-1,-1
63,5,110.65,215.83,37.26,92.26,0.91,1,-1,-1
63,6,419.23,231.15,13.74,43.75,0.85,1,-1,-1
63,9,598.94,232.34,40.77,83.58,0.88,1,-1,-1
64,2,510.69,239.32,16.58,42.38,0.85,1,-1,-1
64,3,89.47,212.94,34.78,100.43,0.92,1,-1,-1
64,4,254.46,223.66,32.78,57.19,0.88,1,-1,-1
64,5,118.61,212.94,34.64,95.32,0.91,1,-1,-1
64,6,421.74,230.64,19.57,44.43,0.91,1,-1,-1
65,2,518.91,238.98,13.71,42.89,0.85,1,-1,-1
65,3,94.05,211.74,33.00,101.45,0.91,1,-1,-1
65,4,261.86,224.17,34.07,59.74,0.90,1,-1,-1
65,5,122.96,212.77,35.18,98.55,0.91,1,-1,-1
65,6,422.42,230.47,24.98,45.11,0.90,1,-1,-1
66,2,519.07,239.49,19.14,43.06,0.87,1,-1,-1
66,3,97.01,211.40,31.14,102.13,0.90,1,-1,-1
66,4,268.64,224.17,35.44,63.49,0.90,1,-1,-1
66,5,126.95,213.79,35.58,98.38,0.90,1,-1,-1
66,6,424.74,231.32,24.09,44.77,0.88,1,-1,-1
67,2,520.37,240.17,21.64,43.23,0.89,1,-1,-1
67,3,99.31,211.91,37.47,102.81,0.84,1,-1,-1
67,4,275.74,225.02,35.46,67.91,0.91,1,-1,-1
67,5,129.41,214.30,36.02,99.40,0.90,1,-1,-1
67,6,431.68,232.17,18.68,44.09,0.82,1,-1,-1
68,2,526.73,239.83,18.74,43.57,0.88,1,-1,-1
68,3,101.86,212.77,37.97,104.51,0.82,1,-1,-1
68,4,283.69,225.02,33.30,70.64,0.90,1,-1,-1
68,5,131.62,213.11,37.43,100.94,0.88,1,-1,-1
68,6,438.53,232.34,16.16,43.75,0.79,1,-1,-1
69,2,533.46,238.81,14.43,44.60,0.86,1,-1,-1
69,3,105.78,211.74,35.47,108.59,0.88,1,-1,-1
69,4,292.80,225.19,38.30,67.92,0.89,1,-1,-1
69,5,137.00,211.92,35.07,101.45,0.89,1,-1,-1
69,6,441.03,233.19,16.93,43.57,0.88,1,-1,-1
69,11,631.53,252.60,6.10,13.11,0.71,1,-1,-1
70,2,535.03,239.32,18.76,44.43,0.85,1,-1,-1
70,3,110.67,211.23,34.93,108.77,0.88,1,-1,-1
70,4,302.20,225.70,38.30,67.74,0.91,1,-1,-1
70,5,140.01,211.74,38.11,106.55,0.91,1,-1,-1
70,6,441.39,230.81,22.65,46.81,0.92,1,-1,-1
70,8,102.28,224.34,11.62,35.57,0.71,1,-1,-1
70,11,631.51,253.28,5.45,12.43,0.74,1,-1,-1
70,12,61.48,229.45,3.64,10.72,0.72,1,-1,-1
70,13,39.81,223.32,9.77,25.87,0.70,1,-1,-1
71,2,535.96,240.51,21.97,43.74,0.91,1,-1,-1
71,3,112.64,209.87,37.93,114.04,0.89,1,-1,-1
71,4,315.53,225.02,36.73,70.98,0.88,1,-1,-1
71,5,142.15,212.94,42.90,106.89,0.92,1,-1,-1
71,6,447.38,232.34,18.46,45.79,0.86,1,-1,-1
71,8,103.70,224.68,11.51,32.34,0.76,1,-1,-1
71,11,630.43,252.94,4.24,11.58,0.68,1,-1,-1
71,12,61.66,229.45,3.68,10.55,0.70,1,-1,-1
71,13,40.32,224.17,10.05,25.53,0.71,1,-1,-1
72,2,542.32,240.51,19.42,43.74,0.87,1,-1,-1
72,3,112.67,210.38,43.04,113.53,0.91,1,-1,-1
72,4,324.39,225.36,39.02,77.28,0.88,1,-1,-1
72,5,145.60,213.11,44.72,106.55,0.93,1,-1,-1
72,6,451.69,233.19,17.62,44.94,0.44,1,-1,-1
72,8,104.49,224.17,11.36,36.76,0.68,1,-1,-1
72,11,629.80,253.11,4.12,11.91,0.65,1,-1,-1
72,12,61.70,229.11,3.97,11.23,0.71,1,-1,-1
72,13,41.32,223.83,9.49,25.87,0.54,1,-1,-1
73,1,109.16,220.77,14.89,52.43,0.76,1,-1,-1
73,2,549.79,240.68,16.90,43.42,0.39,1,-1,-1
73,3,117.59,211.40,40.66,116.43,0.91,1,-1,-1
73,4,337.47,225.19,42.17,80.00,0.91,1,-1,-1
73,5,152.53,211.23,44.25,107.91,0.92,1,-1,-1
73,6,457.58,230.13,17.04,48.00,0.82,1,-1,-1
73,8,106.00,224.17,10.29,35.35,0.38,1,-1,-1
73,11,626.92,252.94,6.17,12.59,0.72,1,-1,-1
73,12,61.90,228.94,3.95,11.40,0.70,1,-1,-1
73,13,44.05,223.66,7.56,24.51,0.57,1,-1,-1
74,1,107.15,220.09,17.23,54.64,0.87,1,-1,-1
74,2,552.88,240.34,17.62,44.77,0.88,1,-1,-1
74,3,120.93,210.04,41.36,118.98,0.92,1,-1,-1
74,4,349.16,226.04,41.01,77.28,0.86,1,-1,-1
74,5,158.96,210.55,43.77,112.51,0.92,1,-1,-1
74,6,458.39,233.02,24.58,45.79,0.90,1,-1,-1
74,11,626.15,253.28,6.68,12.26,0.72,1,-1,-1
74,12,62.00,228.94,4.02,11.40,0.73,1,-1,-1
74,13,44.40,223.83,7.57,25.02,0.70,1,-1,-1
75,1,105.70,220.77,18.69,52.60,0.90,1,-1,-1
75,2,553.95,241.19,20.91,44.60,0.88,1,-1,-1
75,3,126.09,208.34,39.18,120.51,0.93,1,-1,-1
75,4,360.69,226.04,42.35,77.45,0.90,1,-1,-1
75,5,162.64,212.08,46.16,112.51,0.93,1,-1,-1
75,6,457.94,211.27,28.53,69.07,0.72,1,-1,-1
75,11,626.02,252.77,5.58,12.43,0.74,1,-1,-1
75,12,62.00,228.94,4.14,11.57,0.74,1,-1,-1
75,13,43.95,223.83,8.12,25.87,0.59,1,-1,-1
76,1,103.61,221.96,21.08,52.26,0.86,1,-1,-1
76,2,560.62,241.02,17.73,44.77,0.88,1,-1,-1
76,3,131.35,208.34,39.41,121.53,0.92,1,-1,-1
76,4,372.68,227.40,52.27,83.40,0.86,1,-1,-1
76,5,166.96,213.28,48.12,113.19,0.93,1,-1,-1
76,6,464.74,208.68,23.73,71.83,0.76,1,-1,-1
76,11,625.72,252.43,4.50,11.75,0.75,1,-1,-1
76,12,62.05,229.11,4.17,11.23,0.71,1,-1,-1
76,13,43.57,223.66,9.06,27.40,0.65,1,-1,-1
77,1,103.01,222.13,18.82,52.08,0.86,1,-1,-1
77,2,568.03,240.68,12.42,45.45,0.87,1,-1,-1
77,3,134.28,209.36,46.18,122.89,0.92,1,-1,-1
77,4,388.71,227.06,46.31,88.00,0.90,1,-1,-1
77,5,172.19,213.11,46.47,113.87,0.92,1,-1,-1
77,6,472.62,232.95,16.45,47.22,0.67,1,-1,-1
77,8,114.50,223.49,13.61,38.64,0.58,1,-1,-1
77,11,625.06,252.09,4.45,12.76,0.78,1,-1,-1
77,12,62.03,229.11,4.16,11.23,0.68,1,-1,-1
77,13,44.11,223.49,8.52,25.87,0.73,1,-1,-1
78,1,102.09,220.77,17.35,51.91,0.86,1,-1,-1
78,2,569.87,241.02,15.18,45.11,0.89,1,-1,-1
78,3,137.61,209.19,44.94,126.81,0.93,1,-1,-1
78,4,405.43,228.94,46.76,87.66,0.89,1,-1,-1
78,5,178.36,211.75,42.43,115.74,0.85,1,-1,-1
78,6,477.28,233.36,15.61,46.64,0.87,1,-1,-1
78,8,114.77,223.66,14.71,40.34,0.79,1,-1,-1
78,11,624.07,252.08,4.40,12.60,0.71,1,-1,-1
78,12,61.96,228.94,4.48,11.91,0.65,1,-1,-1
78,13,44.41,222.98,9.23,27.74,0.78,1,-1,-1
79,1,101.35,220.26,17.22,52.60,0.87,1,-1,-1
79,2,569.90,241.53,20.87,45.45,0.89,1,-1,-1
79,3,142.44,210.04,41.64,127.66,0.94,1,-1,-1
79,4,419.04,229.28,48.03,82.56,0.89,1,-1,-1
79,5,183.41,212.09,45.54,116.09,0.91,1,-1,-1
79,6,478.03,234.21,22.59,46.30,0.91,1,-1,-1
79,8,115.41,223.49,15.46,38.47,0.79,1,-1,-1
79,11,622.44,252.08,5.96,12.77,0.78,1,-1,-1
79,12,62.04,228.94,4.51,11.75,0.67,1,-1,-1
79,13,44.04,222.98,10.14,29.45,0.79,1,-1,-1
80,1,99.86,221.45,17.58,49.87,0.86,1,-1,-1
80,2,576.19,241.70,16.43,44.77,0.87,1,-1,-1
80,3,146.87,208.00,43.13,130.21,0.93,1,-1,-1
80,4,436.95,228.26,49.82,84.94,0.87,1,-1,-1
80,5,187.31,213.45,52.66,117.62,0.94,1,-1,-1
80,6,479.60,235.06,25.56,46.13,0.72,1,-1,-1
80,8,115.81,223.32,17.11,38.98,0.82,1,-1,-1
80,11,621.72,252.09,6.74,12.94,0.83,1,-1,-1
80,12,62.24,228.94,4.46,11.74,0.66,1,-1,-1
80,13,44.84,223.32,10.12,29.11,0.76,1,-1,-1
81,1,98.49,222.47,18.03,49.36,0.87,1,-1,-1
81,2,583.65,241.53,12.70,44.43,0.86,1,-1,-1
81,3,148.65,206.13,46.93,133.28,0.94,1,-1,-1
81,4,453.86,227.23,49.91,92.08,0.90,1,-1,-1
81,5,190.85,215.83,53.39,117.96,0.95,1,-1,-1
81,6,489.91,235.06,17.81,47.32,0.73,1,-1,-1
81,8,116.63,223.32,17.68,38.98,0.83,1,-1,-1
81,11,621.34,251.74,6.48,13.11,0.77,1,-1,-1
81,12,62.33,228.94,4.49,11.74,0.63,1,-1,-1
81,13,45.03,222.98,10.46,30.98,0.77,1,-1,-1
82,1,97.45,222.13,17.05,48.34,0.87,1,-1,-1
82,2,584.86,241.53,20.10,45.11,0.88,1,-1,-1
82,3,150.02,209.19,54.03,134.64,0.95,1,-1,-1
82,4,476.23,227.91,48.89,95.83,0.89,1,-1,-1
82,5,205.21,213.79,47.89,120.00,0.92,1,-1,-1
82,8,118.56,223.32,18.65,33.02,0.85,1,-1,-1
82,11,620.56,251.40,4.64,12.94,0.75,1,-1,-1
82,12,62.46,228.77,4.54,11.91,0.60,1,-1,-1
82,13,45.09,222.64,11.61,29.96,0.83,1,-1,-1
83,1,96.60,221.45,16.38,48.51,0.87,1,-1,-1
83,2,584.79,242.04,22.63,44.60,0.89,1,-1,-1
83,3,153.30,210.21,53.82,135.83,0.94,1,-1,-1
83,4,489.16,227.06,49.81,96.34,0.89,1,-1,-1
83,5,209.01,212.43,51.13,121.87,0.90,1,-1,-1
83,8,119.86,223.15,18.93,31.15,0.86,1,-1,-1
83,11,619.99,251.23,4.76,13.62,0.73,1,-1,-1
83,12,62.46,228.60,4.74,12.42,0.62,1,-1,-1
83,13,45.29,222.81,12.48,29.79,0.82,1,-1,-1
84,1,95.09,221.28,16.61,48.68,0.90,1,-1,-1
84,2,590.81,241.36,19.73,45.62,0.90,1,-1,-1
84,3,163.53,207.32,50.05,143.32,0.94,1,-1,-1
84,4,509.29,232.85,55.64,86.98,0.89,1,-1,-1
84,5,215.54,214.30,56.03,124.08,0.83,1,-1,-1
84,6,497.68,235.57,21.94,46.64,0.82,1,-1,-1
84,8,121.86,223.32,19.67,32.85,0.85,1,-1,-1
84,11,618.35,251.57,5.34,13.11,0.76,1,-1,-1
84,12,62.74,228.60,4.59,12.26,0.66,1,-1,-1
84,13,44.76,223.49,13.28,30.81,0.82,1,-1,-1
85,1,93.40,222.47,17.27,47.83,0.90,1,-1,-1
85,2,598.47,241.02,14.24,45.62,0.83,1,-1,-1
85,3,169.82,206.98,47.65,143.32,0.94,1,-1,-1
85,4,529.44,231.15,54.34,96.17,0.92,1,-1,-1
85,5,220.35,215.49,59.14,126.81,0.93,1,-1,-1
85,6,500.06,235.40,26.65,47.66,0.88,1,-1,-1
85,8,123.83,222.81,20.38,32.34,0.86,1,-1,-1
85,11,617.65,251.91,5.71,12.77,0.77,1,-1,-1
85,12,62.83,228.60,4.54,12.26,0.67,1,-1,-1
85,13,44.75,223.32,13.30,30.64,0.83,1,-1,-1
86,1,92.03,222.98,16.71,47.66,0.88,1,-1,-1
86,2,602.50,241.02,18.04,44.77,0.83,1,-1,-1
86,3,178.14,204.77,49.98,146.55,0.92,1,-1,-1
86,4,553.21,232.34,55.96,101.28,0.91,1,-1,-1
86,5,232.28,212.26,53.57,131.91,0.90,1,-1,-1
86,6,509.22,235.06,18.52,48.17,0.83,1,-1,-1
86,8,126.72,222.47,21.05,31.66,0.85,1,-1,-1
86,11,616.96,251.89,5.20,12.16,0.24,1,-1,-1
86,12,62.88,228.77,4.54,12.26,0.66,1,-1,-1
86,13,45.23,222.47,12.89,32.17,0.85,1,-1,-1
87,1,91.75,221.62,15.47,47.66,0.86,1,-1,-1
87,3,184.33,206.13,63.03,150.64,0.91,1,-1,-1
87,4,582.34,232.17,52.60,100.43,0.90,1,-1,-1
87,5,242.49,209.70,44.85,135.83,0.78,1,-1,-1
87,6,518.55,234.55,14.77,48.51,0.85,1,-1,-1
87,8,129.83,222.30,21.70,32.68,0.85,1,-1,-1
87,12,62.87,228.77,4.47,12.26,0.60,1,-1,-1
87,13,46.06,222.81,12.29,30.98,0.85,1,-1,-1
88,1,90.69,221.79,16.17,47.66,0.89,1,-1,-1
88,3,189.63,206.30,57.35,155.91,0.94,1,-1,-1
88,4,603.53,229.62,36.33,98.21,0.89,1,-1,-1
88,5,247.67,210.89,61.44,136.00,0.95,1,-1,-1
88,6,518.72,235.74,23.24,48.00,0.91,1,-1,-1
88,8,132.44,222.13,21.98,34.38,0.86,1,-1,-1
88,12,63.08,228.77,4.27,12.09,0.65,1,-1,-1
88,13,46.27,223.49,12.41,30.98,0.85,1,-1,-1
89,1,90.10,222.30,16.92,46.64,0.89,1,-1,-1
89,2,613.22,240.85,17.97,44.77,0.59,1,-1,-1
89,3,195.92,205.79,54.61,157.79,0.94,1,-1,-1
89,4,612.61,239.31,27.01,86.48,0.77,1,-1,-1
89,5,248.48,211.74,64.22,138.21,0.94,1,-1,-1
89,6,519.00,236.09,26.07,48.17,0.92,1,-1,-1
89,8,134.64,221.96,21.75,36.25,0.87,1,-1,-1
89,11,613.55,251.91,4.78,11.91,0.61,1,-1,-1
89,12,63.16,228.60,4.23,12.42,0.65,1,-1,-1
89,13,46.90,223.49,11.92,30.30,0.83,1,-1,-1
90,1,89.25,223.32,16.85,43.57,0.91,1,-1,-1
90,2,620.61,241.19,13.36,45.96,0.87,1,-1,-1
90,3,206.61,202.55,55.43,161.02,0.92,1,-1,-1
90,5,257.96,211.57,63.23,140.43,0.94,1,-1,-1
90,6,525.03,235.91,22.14,49.02,0.89,1,-1,-1
90,8,137.13,221.62,22.35,36.43,0.87,1,-1,-1
90,11,612.90,251.91,5.38,12.42,0.75,1,-1,-1
90,12,63.39,228.77,4.07,11.92,0.63,1,-1,-1
90,13,47.25,223.15,12.06,29.96,0.84,1,-1,-1
91,1,88.62,223.15,15.97,45.28,0.89,1,-1,-1
91,2,620.42,241.87,18.83,45.28,0.89,1,-1,-1
91,3,210.18,203.57,61.33,163.06,0.95,1,-1,-1
91,5,275.35,209.02,54.88,143.66,0.85,1,-1,-1
91,6,533.11,235.23,17.50,49.70,0.86,1,-1,-1
91,8,139.37,221.79,22.44,38.98,0.85,1,-1,-1
91,11,612.49,251.40,4.18,11.58,0.74,1,-1,-1
91,12,63.56,228.77,4.02,11.75,0.62,1,-1,-1
91,13,47.47,222.81,12.39,29.45,0.84,1,-1,-1
92,1,88.45,222.13,14.63,45.96,0.87,1,-1,-1
92,2,621.69,242.38,18.31,44.94,0.89,1,-1,-1
92,3,215.11,206.30,64.87,166.13,0.91,1,-1,-1
92,5,278.07,208.68,64.03,148.08,0.89,1,-1,-1
92,6,537.94,235.23,16.65,49.87,0.85,1,-1,-1
92,8,142.11,221.79,22.13,38.98,0.85,1,-1,-1
92,11,611.53,251.40,4.74,12.93,0.78,1,-1,-1
92,12,63.82,228.60,3.98,11.57,0.61,1,-1,-1
92,13,47.10,223.15,12.83,32.34,0.86,1,-1,-1
93,1,87.04,221.79,14.82,45.45,0.86,1,-1,-1
93,2,626.85,241.19,13.76,45.79,0.78,1,-1,-1
93,3,225.71,204.09,62.30,172.77,0.91,1,-1,-1
93,5,285.10,209.02,68.78,151.15,0.93,1,-1,-1
93,6,538.02,236.26,25.66,49.36,0.93,1,-1,-1
93,8,144.74,221.79,22.63,40.17,0.86,1,-1,-1
93,11,610.86,251.57,4.72,12.43,0.72,1,-1,-1
93,12,63.97,228.26,4.02,12.08,0.63,1,-1,-1
93,13,47.26,223.49,12.82,31.15,0.85,1,-1,-1
94,1,85.45,223.15,15.55,41.87,0.90,1,-1,-1
94,3,238.93,203.23,56.04,173.62,0.91,1,-1,-1
94,5,293.39,210.89,69.32,153.02,0.95,1,-1,-1
94,6,538.66,236.77,28.11,49.36,0.93,1,-1,-1
94,8,147.60,221.62,21.75,39.83,0.81,1,-1,-1
94,11,609.53,251.74,5.68,12.43,0.79,1,-1,-1
94,12,64.18,228.26,3.84,12.09,0.68,1,-1,-1
94,13,47.37,222.81,13.13,31.83,0.87,1,-1,-1
95,1,83.57,224.00,16.16,41.02,0.88,1,-1,-1
95,3,251.35,198.81,56.62,179.74,0.93,1,-1,-1
95,5,311.09,207.49,59.51,157.11,0.92,1,-1,-1
95,6,545.98,236.43,21.93,50.04,0.87,1,-1,-1
95,8,151.27,221.62,19.67,39.49,0.79,1,-1,-1
95,11,609.12,251.57,4.81,12.26,0.80,1,-1,-1
95,12,64.45,228.43,3.73,11.75,0.67,1,-1,-1
95,13,47.75,222.30,13.11,32.68,0.85,1,-1,-1
96,1,83.21,223.32,15.45,42.04,0.89,1,-1,-1
96,3,258.57,201.36,82.52,178.89,0.90,1,-1,-1
96,5,317.10,206.13,61.22,162.89,0.82,1,-1,-1
96,6,556.38,236.26,14.70,50.38,0.83,1,-1,-1
96,8,154.73,221.79,19.19,39.32,0.80,1,-1,-1
96,11,607.80,251.06,4.75,12.09,0.74,1,-1,-1
96,12,64.53,228.60,3.61,11.57,0.67,1,-1,-1
96,13,48.21,222.47,13.07,34.04,0.87,1,-1,-1
97,1,83.38,222.64,14.69,42.72,0.90,1,-1,-1
97,3,263.98,202.04,91.87,181.96,0.90,1,-1,-1
97,5,324.26,208.34,73.52,161.36,0.88,1,-1,-1
97,6,559.02,237.45,18.56,49.36,0.90,1,-1,-1
97,8,158.23,221.28,20.39,40.85,0.82,1,-1,-1
97,11,606.79,251.06,4.73,11.75,0.75,1,-1,-1
97,12,64.54,228.43,3.73,11.91,0.60,1,-1,-1
97,13,48.73,222.81,13.17,33.87,0.88,1,-1,-1
98,1,82.92,223.15,14.87,43.40,0.89,1,-1,-1
98,3,267.62,202.89,90.70,182.47,0.92,1,-1,-1
98,5,333.20,209.53,71.91,161.53,0.89,1,-1,-1
98,6,559.36,238.13,23.66,48.85,0.92,1,-1,-1
98,8,160.55,221.28,21.79,41.02,0.83,1,-1,-1
98,11,605.80,251.06,6.02,12.42,0.80,1,-1,-1
98,12,64.50,228.26,3.92,12.25,0.66,1,-1,-1
98,13,48.86,222.81,13.18,33.70,0.86,1,-1,-1
99,1,81.85,224.00,14.91,40.00,0.87,1,-1,-1
99,3,301.27,200.00,61.69,187.06,0.87,1,-1,-1
99,5,340.19,206.98,75.38,165.11,0.89,1,-1,-1
99,6,564.06,237.62,23.74,50.72,0.92,1,-1,-1
99,8,166.61,221.11,26.44,42.21,0.80,1,-1,-1
99,11,604.75,251.40,5.75,11.75,0.73,1,-1,-1
99,12,64.64,228.26,4.02,12.09,0.59,1,-1,-1
99,13,48.86,222.30,13.89,34.38,0.88,1,-1,-1
100,1,80.83,223.66,14.10,41.02,0.89,1,-1,-1
100,3,316.70,201.87,70.99,193.02,0.89,1,-1,-1
100,5,374.43,206.64,55.20,179.40,0.83,1,-1,-1
100,6,577.70,236.94,14.09,51.40,0.85,1,-1,-1
100,8,171.87,221.28,23.80,42.21,0.83,1,-1,-1
100,11,603.99,250.89,4.56,11.06,0.70,1,-1,-1
100,12,64.77,228.42,4.18,12.09,0.56,1,-1,-1
100,13,48.56,222.64,13.85,34.21,0.88,1,-1,-1
101,1,80.20,222.64,13.53,40.68,0.88,1,-1,-1
101,3,326.24,204.25,90.22,193.36,0.92,1,-1,-1
101,5,382.41,209.36,71.09,169.54,0.81,1,-1,-1
101,6,579.37,237.62,17.86,50.55,0.89,1,-1,-1
101,8,176.56,221.11,23.31,44.42,0.84,1,-1,-1
101,11,603.70,250.89,3.78,9.54,0.58,1,-1,-1
101,12,64.92,228.26,4.19,12.09,0.60,1,-1,-1
101,13,48.18,223.15,14.10,34.38,0.88,1,-1,-1
102,1,78.91,223.15,14.13,39.49,0.89,1,-1,-1
102,3,330.84,202.21,91.54,198.81,0.94,1,-1,-1
102,5,384.54,208.68,79.40,172.60,0.87,1,-1,-1
102,6,579.73,238.13,23.93,50.21,0.90,1,-1,-1
102,8,180.31,220.94,22.09,44.60,0.85,1,-1,-1
102,11,602.20,250.72,4.41,8.85,0.54,1,-1,-1
102,12,65.13,228.09,4.31,12.25,0.63,1,-1,-1
102,13,48.13,222.81,14.16,35.23,0.89,1,-1,-1
103,1,77.06,224.00,15.46,38.81,0.88,1,-1,-1
103,3,351.52,197.45,75.60,207.66,0.88,1,-1,-1
103,5,393.68,207.32,75.70,174.98,0.79,1,-1,-1
103,6,582.72,237.79,24.05,49.53,0.85,1,-1,-1
103,8,184.43,221.11,24.35,47.15,0.84,1,-1,-1
103,12,65.25,228.08,4.25,12.26,0.62,1,-1,-1
103,13,48.35,222.47,13.99,35.23,0.89,1,-1,-1
104,1,76.05,223.66,14.99,39.83,0.88,1,-1,-1
104,3,373.69,186.22,65.83,212.77,0.87,1,-1,-1
104,5,415.87,203.58,63.14,182.80,0.67,1,-1,-1
104,6,590.10,236.94,18.79,46.98,0.87,1,-1,-1
104,8,188.04,221.28,24.42,53.10,0.83,1,-1,-1
104,12,65.22,228.08,4.35,12.43,0.62,1,-1,-1
104,13,48.73,222.47,14.07,35.23,0.89,1,-1,-1
105,1,75.67,223.49,14.67,40.00,0.89,1,-1,-1
105,3,384.41,184.51,66.77,215.15,0.85,1,-1,-1
105,5,424.39,201.70,68.17,178.90,0.77,1,-1,-1
105,6,596.84,236.60,15.12,47.15,0.84,1,-1,-1
105,8,191.42,221.28,28.51,49.71,0.80,1,-1,-1
105,12,65.50,228.09,4.42,12.77,0.64,1,-1,-1
105,13,48.85,222.98,14.50,36.77,0.89,1,-1,-1
106,1,75.27,222.13,13.65,40.68,0.87,1,-1,-1
106,3,392.83,197.78,112.30,208.68,0.86,1,-1,-1
106,5,444.11,204.93,81.92,177.71,0.77,1,-1,-1
106,6,602.03,237.28,15.26,48.17,0.84,1,-1,-1
106,8,196.91,223.49,24.99,45.28,0.81,1,-1,-1
106,11,598.96,249.87,4.12,9.70,0.64,1,-1,-1
106,12,65.51,228.25,4.49,12.94,0.60,1,-1,-1
106,13,49.24,223.66,14.90,36.43,0.88,1,-1,-1
107,1,74.83,221.96,13.48,41.02,0.88,1,-1,-1
107,3,394.64,199.83,117.50,209.36,0.89,1,-1,-1
107,5,471.63,209.01,61.80,176.01,0.72,1,-1,-1
107,6,602.45,237.62,20.86,48.34,0.89,1,-1,-1
107,8,199.85,223.83,27.24,48.34,0.81,1,-1,-1
107,11,598.33,250.04,4.36,9.70,0.66,1,-1,-1
107,12,65.58,228.09,4.43,13.11,0.62,1,-1,-1
107,13,49.49,223.66,14.83,35.92,0.89,1,-1,-1
108,1,73.95,222.98,13.91,39.15,0.89,1,-1,-1
108,3,416.71,201.53,99.47,211.74,0.76,1,-1,-1
108,5,486.95,207.32,51.87,178.38,0.66,1,-1,-1
108,6,604.43,238.47,23.00,48.00,0.90,1,-1,-1
108,8,205.33,223.32,25.95,50.38,0.81,1,-1,-1
108,11,597.60,250.21,3.78,9.02,0.68,1,-1,-1
108,12,65.69,227.92,4.52,13.11,0.67,1,-1,-1
108,13,49.54,223.32,15.20,36.09,0.89,1,-1,-1
109,1,73.64,223.49,13.66,39.83,0.88,1,-1,-1
109,3,453.65,191.67,99.44,221.95,0.78,1,-1,-1
109,6,610.79,238.13,19.44,48.85,0.88,1,-1,-1
109,8,209.94,222.30,26.55,54.30,0.81,1,-1,-1
109,11,596.31,250.21,4.33,9.36,0.69,1,-1,-1
109,12,65.85,227.91,4.44,12.77,0.67,1,-1,-1
109,13,49.62,223.32,15.01,36.09,0.88,1,-1,-1
110,1,73.21,222.81,13.16,40.34,0.88,1,-1,-1
110,3,471.84,174.99,96.65,238.29,0.81,1,-1,-1
110,6,619.53,237.45,13.83,49.36,0.85,1,-1,-1
110,8,215.23,221.45,26.66,56.17,0.84,1,-1,-1
110,11,595.55,250.04,4.15,9.53,0.60,1,-1,-1
110,12,65.94,228.08,4.43,12.60,0.58,1,-1,-1
110,13,49.31,224.00,15.27,37.96,0.88,1,-1,-1
111,1,72.17,221.11,13.25,40.00,0.86,1,-1,-1
111,3,476.23,192.17,118.73,226.56,0.90,1,-1,-1
111,6,622.79,237.96,16.80,48.85,0.85,1,-1,-1
111,8,221.21,221.62,31.47,62.98,0.87,1,-1,-1
111,11,594.59,250.04,4.38,9.70,0.69,1,-1,-1
111,12,66.15,228.09,4.43,12.43,0.56,1,-1,-1
111,13,49.34,224.85,15.52,36.26,0.89,1,-1,-1
112,1,70.73,220.94,14.17,40.51,0.88,1,-1,-1
112,3,481.20,178.39,117.62,246.46,0.89,1,-1,-1
112,6,623.07,238.47,17.26,48.68,0.85,1,-1,-1
112,8,226.95,221.62,30.51,61.28,0.88,1,-1,-1
112,11,594.42,250.03,4.20,9.55,0.35,1,-1,-1
112,12,66.32,227.92,4.43,12.26,0.55,1,-1,-1
112,13,49.86,224.00,15.14,36.77,0.89,1,-1,-1
113,1,69.58,221.79,14.05,38.98,0.87,1,-1,-1
113,3,511.50,172.68,100.38,255.57,0.88,1,-1,-1
113,6,626.08,245.42,13.97,39.86,0.59,1,-1,-1
113,8,234.39,221.45,30.72,65.70,0.90,1,-1,-1
113,13,50.63,223.66,15.09,36.77,0.89,1,-1,-1
114,1,68.10,221.79,14.22,38.30,0.85,1,-1,-1
114,3,555.75,170.38,75.60,255.49,0.86,1,-1,-1
114,8,243.14,222.98,34.38,65.70,0.84,1,-1,-1
114,13,51.19,224.34,15.26,37.28,0.89,1,-1,-1
115,1,67.79,220.94,13.74,37.96,0.88,1,-1,-1
115,3,556.10,168.26,83.07,260.68,0.84,1,-1,-1
115,8,250.97,223.32,32.13,65.87,0.86,1,-1,-1
115,13,51.65,225.19,15.25,36.77,0.90,1,-1,-1
116,1,67.78,220.43,12.91,37.96,0.88,1,-1,-1
116,3,558.25,174.29,80.13,255.33,0.78,1,-1,-1
116,8,258.61,223.83,32.43,68.77,0.85,1,-1,-1
116,13,51.95,225.02,15.43,37.79,0.91,1,-1,-1
117,1,67.50,220.43,12.76,37.62,0.89,1,-1,-1
117,3,564.02,188.93,74.34,242.73,0.84,1,-1,-1
117,8,264.75,222.30,35.58,74.38,0.89,1,-1,-1
117,11,589.84,249.36,4.39,9.19,0.71,1,-1,-1
117,13,51.96,224.85,16.17,38.13,0.90,1,-1,-1
118,1,66.79,221.11,12.86,36.26,0.88,1,-1,-1
118,8,273.74,222.13,36.42,75.06,0.87,1,-1,-1
118,11,588.80,249.70,4.44,9.70,0.71,1,-1,-1
118,13,51.87,224.68,16.93,38.13,0.90,1,-1,-1
119,1,66.36,221.45,12.88,36.09,0.88,1,-1,-1
119,8,281.86,221.79,35.93,74.04,0.88,1,-1,-1
119,11,588.75,250.21,3.84,8.69,0.40,1,-1,-1
119,13,52.37,225.36,15.61,36.09,0.89,1,-1,-1
120,1,65.75,220.94,12.36,36.60,0.87,1,-1,-1
120,8,289.92,222.13,41.17,73.87,0.87,1,-1,-1
120,13,52.48,225.87,15.84,38.81,0.87,1,-1,-1
121,1,64.82,219.92,11.85,37.11,0.86,1,-1,-1
121,8,305.06,221.79,41.75,78.13,0.88,1,-1,-1
121,11,585.78,249.53,5.39,11.57,0.64,1,-1,-1
121,13,53.21,225.02,15.66,40.00,0.87,1,-1,-1
122,1,64.74,220.43,11.16,35.92,0.85,1,-1,-1
122,8,315.01,222.47,41.00,82.04,0.84,1,-1,-1
122,11,585.04,249.36,5.17,11.75,0.59,1,-1,-1
122,13,53.94,225.02,15.64,40.00,0.86,1,-1,-1
123,1,64.19,220.94,10.81,34.89,0.80,1,-1,-1
123,8,322.74,222.81,44.34,84.94,0.87,1,-1,-1
123,11,584.71,249.36,4.81,11.58,0.64,1,-1,-1
123,13,54.79,225.53,15.88,40.17,0.86,1,-1,-1
124,1,62.52,221.11,11.62,34.89,0.74,1,-1,-1
124,8,333.39,222.47,46.60,88.85,0.87,1,-1,-1
124,11,584.72,249.53,4.45,11.24,0.68,1,-1,-1
124,13,55.39,226.38,15.88,39.49,0.84,1,-1,-1
125,1,62.95,220.43,11.04,29.29,0.69,1,-1,-1
125,8,346.95,222.30,47.62,90.38,0.88,1,-1,-1
125,11,584.40,249.87,4.08,10.55,0.70,1,-1,-1
125,13,56.34,226.72,15.83,40.17,0.82,1,-1,-1
126,1,62.96,220.66,10.25,27.24,0.22,1,-1,-1
126,8,359.04,222.81,51.07,89.70,0.88,1,-1,-1
126,11,583.39,249.19,4.74,12.25,0.74,1,-1,-1
126,13,57.42,226.04,16.26,40.85,0.86,1,-1,-1
127,8,371.98,223.83,56.37,87.83,0.87,1,-1,-1
127,11,583.02,248.85,4.80,12.77,0.58,1,-1,-1
127,13,57.64,226.38,16.76,40.51,0.87,1,-1,-1
128,1,59.60,220.94,10.52,16.69,0.53,1,-1,-1
128,8,385.39,224.34,56.34,92.42,0.90,1,-1,-1
128,11,582.40,248.17,4.70,11.24,0.75,1,-1,-1
128,13,57.76,226.55,16.95,40.68,0.88,1,-1,-1
129,1,58.41,221.62,10.52,17.70,0.63,1,-1,-1
129,8,399.25,223.15,55.40,99.06,0.89,1,-1,-1
129,11,582.00,247.83,4.82,12.42,0.69,1,-1,-1
129,13,58.04,227.23,16.58,40.68,0.85,1,-1,-1
130,1,56.92,221.28,13.69,30.93,0.52,1,-1,-1
130,8,416.38,229.44,60.12,97.36,0.87,1,-1,-1
130,11,581.40,248.17,5.00,11.92,0.66,1,-1,-1
130,13,58.81,227.57,16.62,41.19,0.85,1,-1,-1
131,1,57.84,220.09,11.44,23.02,0.58,1,-1,-1
131,8,430.17,229.45,61.01,98.55,0.85,1,-1,-1
131,11,580.35,248.51,5.74,13.11,0.75,1,-1,-1
131,13,58.98,226.04,17.37,42.89,0.88,1,-1,-1
132,1,56.29,219.92,12.59,31.99,0.71,1,-1,-1
132,8,445.61,223.66,58.96,102.81,0.82,1,-1,-1
132,11,579.35,248.68,5.70,12.60,0.60,1,-1,-1
132,13,60.00,226.04,17.46,42.89,0.88,1,-1,-1
133,1,55.15,221.27,11.79,32.17,0.72,1,-1,-1
133,8,465.77,221.62,59.64,102.98,0.86,1,-1,-1
133,11,579.56,249.02,4.27,10.23,0.46,1,-1,-1
133,13,60.92,226.89,16.81,42.55,0.83,1,-1,-1
134,1,54.73,221.28,11.76,33.02,0.82,1,-1,-1
134,8,480.94,230.97,59.82,91.75,0.81,1,-1,-1
134,13,61.95,226.89,16.96,43.23,0.84,1,-1,-1
135,1,54.43,220.77,11.14,33.19,0.83,1,-1,-1
135,8,499.19,223.32,63.32,106.89,0.86,1,-1,-1
135,13,62.08,225.70,17.91,44.94,0.88,1,-1,-1
136,1,54.52,220.26,10.95,33.70,0.85,1,-1,-1
136,8,519.91,223.66,56.79,110.47,0.79,1,-1,-1
136,13,62.76,225.70,18.01,44.94,0.88,1,-1,-1
137,1,54.20,220.77,10.88,32.68,0.85,1,-1,-1
137,8,538.69,225.70,60.92,111.83,0.88,1,-1,-1
137,13,64.07,226.04,18.13,44.94,0.88,1,-1,-1
138,1,53.78,221.79,10.59,31.32,0.84,1,-1,-1
138,8,560.01,224.17,62.35,113.02,0.90,1,-1,-1
138,13,63.57,226.55,19.29,44.26,0.90,1,-1,-1
139,1,53.22,221.79,10.93,32.00,0.86,1,-1,-1
139,8,582.36,226.04,56.97,104.68,0.89,1,-1,-1
139,13,63.52,225.87,19.83,45.96,0.92,1,-1,-1
140,1,52.92,220.77,10.77,31.83,0.85,1,-1,-1
140,8,596.91,224.51,43.14,111.32,0.86,1,-1,-1
140,13,65.37,225.02,19.08,46.81,0.93,1,-1,-1
141,1,52.42,220.77,10.89,32.00,0.87,1,-1,-1
141,8,608.83,226.88,32.24,112.51,0.59,1,-1,-1
141,13,66.82,225.36,18.94,46.98,0.91,1,-1,-1
142,1,51.54,221.62,11.24,30.64,0.86,1,-1,-1
142,13,68.27,226.38,18.68,45.45,0.89,1,-1,-1
143,1,50.88,221.79,10.66,30.64,0.86,1,-1,-1
143,13,69.49,226.04,19.40,46.81,0.88,1,-1,-1
144,1,50.71,221.28,10.19,30.81,0.87,1,-1,-1
144,13,70.73,225.02,20.78,48.00,0.88,1,-1,-1
145,1,50.67,220.60,9.97,30.64,0.85,1,-1,-1
145,13,71.55,225.02,19.57,48.51,0.89,1,-1,-1
146,1,49.89,221.28,10.39,29.96,0.85,1,-1,-1
146,13,72.49,226.21,21.13,47.49,0.89,1,-1,-1
147,1,49.66,221.79,10.13,29.62,0.85,1,-1,-1
147,13,72.46,226.21,21.77,48.51,0.89,1,-1,-1
148,1,49.15,222.30,10.09,29.96,0.84,1,-1,-1
148,13,73.67,224.85,20.84,50.55,0.91,1,-1,-1
149,1,48.75,221.45,9.66,30.98,0.85,1,-1,-1
149,13,76.05,224.51,20.06,50.89,0.91,1,-1,-1
150,1,48.40,221.11,9.68,29.45,0.86,1,-1,-1
150,13,77.04,225.02,20.49,50.38,0.90,1,-1,-1
151,1,47.33,221.79,10.12,30.30,0.85,1,-1,-1
151,13,78.55,226.04,22.68,50.55,0.88,1,-1,-1
152,1,46.94,222.47,9.80,29.79,0.82,1,-1,-1
152,13,80.09,225.19,23.56,52.08,0.90,1,-1,-1
153,1,46.78,221.96,9.67,29.62,0.83,1,-1,-1
153,13,80.93,224.34,23.48,53.11,0.92,1,-1,-1
154,1,47.00,221.11,8.91,30.47,0.84,1,-1,-1
154,13,81.99,224.85,23.27,53.28,0.91,1,-1,-1
155,1,46.37,221.45,9.04,29.11,0.86,1,-1,-1
155,13,82.01,226.04,25.00,51.74,0.91,1,-1,-1
156,1,46.20,222.30,9.13,28.09,0.86,1,-1,-1
156,13,82.95,225.70,24.77,53.96,0.90,1,-1,-1
157,1,46.02,222.98,9.07,27.74,0.83,1,-1,-1
157,13,85.31,224.34,23.02,55.15,0.90,1,-1,-1
158,1,45.69,222.47,8.70,28.77,0.81,1,-1,-1
158,13,87.62,224.00,22.22,56.00,0.92,1,-1,-1
159,1,45.77,221.96,8.17,26.55,0.80,1,-1,-1
159,13,88.83,225.02,23.44,55.32,0.90,1,-1,-1
160,1,45.25,221.79,8.57,28.59,0.83,1,-1,-1
160,13,91.02,225.70,24.22,55.32,0.91,1,-1,-1
160,14,77.25,227.40,4.41,12.94,0.70,1,-1,-1
161,1,45.04,222.64,8.19,27.75,0.82,1,-1,-1
161,13,92.61,224.34,23.35,57.53,0.90,1,-1,-1
161,14,77.50,227.57,4.32,12.77,0.67,1,-1,-1
162,1,44.86,222.98,7.65,26.89,0.82,1,-1,-1
162,13,93.91,223.83,24.81,58.38,0.90,1,-1,-1
162,14,77.72,227.40,4.65,13.45,0.75,1,-1,-1
163,1,44.95,222.64,7.23,26.72,0.83,1,-1,-1
163,13,94.61,224.34,27.81,57.70,0.90,1,-1,-1
163,14,77.98,227.23,4.89,13.62,0.76,1,-1,-1
164,1,44.91,222.47,6.96,26.04,0.77,1,-1,-1
164,13,96.10,225.36,28.30,58.55,0.90,1,-1,-1
164,14,78.30,227.06,4.92,13.79,0.78,1,-1,-1
165,1,44.49,223.66,6.61,24.51,0.80,1,-1,-1
165,13,97.94,224.17,26.83,60.77,0.90,1,-1,-1
165,14,78.67,226.89,4.70,13.96,0.76,1,-1,-1
166,1,44.82,224.00,5.95,24.17,0.70,1,-1,-1
166,13,100.66,223.66,24.86,61.45,0.92,1,-1,-1
166,14,78.82,226.89,4.70,13.79,0.74,1,-1,-1
167,1,44.73,224.00,5.66,23.49,0.66,1,-1,-1
167,13,103.39,223.32,24.58,62.13,0.93,1,-1,-1
167,14,78.85,226.72,5.11,13.79,0.72,1,-1,-1
168,1,44.51,223.66,5.51,24.51,0.75,1,-1,-1
168,13,105.27,224.34,27.17,61.79,0.92,1,-1,-1
168,14,79.06,226.72,5.06,13.96,0.73,1,-1,-1
169,1,44.17,223.32,5.85,24.85,0.73,1,-1,-1
169,13,107.30,225.36,28.97,62.13,0.93,1,-1,-1
169,14,79.24,226.72,5.16,13.96,0.75,1,-1,-1
170,1,40.99,222.64,8.65,25.87,0.76,1,-1,-1
170,13,109.66,224.34,29.16,64.00,0.92,1,-1,-1
170,14,79.63,227.06,5.15,13.62,0.70,1,-1,-1
171,1,40.44,222.81,8.65,24.68,0.80,1,-1,-1
171,13,111.18,223.49,29.16,65.02,0.94,1,-1,-1
171,14,80.35,227.57,4.59,13.28,0.73,1,-1,-1
172,1,40.05,223.15,8.19,26.03,0.43,1,-1,-1
172,13,112.29,224.17,29.99,65.53,0.93,1,-1,-1
172,14,80.75,227.74,4.42,13.28,0.78,1,-1,-1
172,15,27.46,221.96,3.18,6.81,0.70,1,-1,-1
173,13,113.57,226.04,31.60,65.02,0.94,1,-1,-1
173,14,81.10,227.06,4.63,14.13,0.77,1,-1,-1
173,15,27.40,222.13,3.13,6.64,0.70,1,-1,-1
174,13,115.92,225.36,30.70,66.72,0.93,1,-1,-1
174,14,81.52,226.89,4.58,14.13,0.75,1,-1,-1
174,15,27.36,221.96,3.10,6.81,0.65,1,-1,-1
175,13,120.91,223.83,28.34,68.26,0.93,1,-1,-1
175,14,81.94,227.23,4.34,13.79,0.72,1,-1,-1
175,15,27.42,221.62,3.18,6.98,0.66,1,-1,-1
176,13,123.56,224.00,27.72,68.60,0.93,1,-1,-1
176,14,82.12,227.40,4.44,13.79,0.76,1,-1,-1
176,15,27.54,221.96,3.12,6.47,0.64,1,-1,-1
177,1,38.57,223.32,4.94,20.94,0.53,1,-1,-1
177,13,126.36,225.53,28.05,68.60,0.94,1,-1,-1
177,14,82.42,227.40,4.68,13.96,0.78,1,-1,-1
177,15,27.63,222.23,2.99,6.25,0.23,1,-1,-1
178,1,37.69,221.79,5.61,22.63,0.54,1,-1,-1
178,13,129.25,226.21,29.98,69.11,0.93,1,-1,-1
178,14,82.55,227.06,4.90,14.30,0.78,1,-1,-1
179,1,37.46,222.63,5.54,22.13,0.56,1,-1,-1
179,13,130.76,224.34,31.02,71.66,0.94,1,-1,-1
179,14,82.64,227.06,5.23,14.47,0.77,1,-1,-1
180,1,37.62,224.00,5.16,20.77,0.62,1,-1,-1
180,13,131.45,224.17,33.04,72.68,0.94,1,-1,-1
180,14,83.06,227.40,5.24,14.13,0.78,1,-1,-1
181,1,37.43,223.66,5.63,21.79,0.75,1,-1,-1
181,13,132.05,225.36,35.23,71.66,0.93,1,-1,-1
181,14,83.30,227.40,5.09,14.13,0.81,1,-1,-1
182,1,37.09,222.81,6.02,24.00,0.76,1,-1,-1
182,13,134.41,226.55,36.44,74.21,0.94,1,-1,-1
182,14,83.41,227.06,5.73,14.81,0.79,1,-1,-1
183,1,36.62,222.81,6.47,22.98,0.80,1,-1,-1
183,13,137.45,226.21,35.26,74.72,0.95,1,-1,-1
183,14,83.60,226.89,5.73,14.98,0.79,1,-1,-1
184,1,36.49,223.15,6.58,20.77,0.75,1,-1,-1
184,13,141.76,224.51,31.98,76.77,0.94,1,-1,-1
184,14,84.15,226.89,5.44,14.47,0.75,1,-1,-1
185,1,36.43,223.49,6.29,18.73,0.69,1,-1,-1
185,13,145.84,224.51,29.77,77.79,0.94,1,-1,-1
185,14,84.56,226.89,5.20,14.47,0.74,1,-1,-1
186,1,36.36,223.32,6.14,19.23,0.76,1,-1,-1
186,13,147.89,226.04,30.42,77.11,0.94,1,-1,-1
186,14,84.55,227.23,5.35,14.13,0.77,1,-1,-1
187,1,36.25,222.64,5.86,19.57,0.69,1,-1,-1
187,13,150.42,227.23,30.60,78.13,0.93,1,-1,-1
187,14,84.64,227.23,5.12,14.30,0.76,1,-1,-1
188,1,35.75,222.47,6.08,21.78,0.72,1,-1,-1
188,13,151.54,226.38,33.88,79.32,0.94,1,-1,-1
188,14,84.71,227.06,5.20,14.30,0.77,1,-1,-1
189,1,35.60,222.98,5.59,19.41,0.62,1,-1,-1
189,13,152.30,225.02,38.19,80.68,0.94,1,-1,-1
189,14,84.84,226.89,5.41,14.47,0.78,1,-1,-1
190,1,35.75,223.32,5.18,18.73,0.56,1,-1,-1
190,13,152.89,225.87,41.68,83.74,0.95,1,-1,-1
190,14,84.97,227.06,5.53,14.30,0.79,1,-1,-1
191,1,36.18,223.32,4.14,16.15,0.38,1,-1,-1
191,13,153.15,227.40,44.46,83.74,0.93,1,-1,-1
191,14,85.17,227.23,5.43,14.13,0.80,1,-1,-1
192,13,157.20,227.40,42.97,84.43,0.96,1,-1,-1
192,14,85.26,227.06,5.67,14.47,0.81,1,-1,-1
193,13,164.81,225.70,37.58,85.96,0.95,1,-1,-1
193,14,85.46,227.06,5.56,14.47,0.80,1,-1,-1
193,15,33.74,220.94,2.89,7.15,0.63,1,-1,-1
194,13,172.52,226.21,34.28,89.02,0.94,1,-1,-1
194,14,85.71,226.72,5.48,14.64,0.80,1,-1,-1
194,15,34.44,221.11,2.99,6.81,0.60,1,-1,-1
195,13,174.58,227.06,35.08,89.70,0.93,1,-1,-1
195,14,85.89,226.89,5.38,14.47,0.81,1,-1,-1
195,15,34.86,221.45,3.19,7.15,0.62,1,-1,-1
196,13,177.63,228.09,35.93,89.36,0.94,1,-1,-1
196,14,86.14,227.23,5.06,14.13,0.82,1,-1,-1
196,15,35.67,221.45,3.16,7.32,0.66,1,-1,-1
197,13,180.86,227.06,38.79,90.55,0.94,1,-1,-1
197,14,86.39,227.06,4.97,14.30,0.81,1,-1,-1
197,15,36.18,220.94,3.14,7.49,0.46,1,-1,-1
198,13,183.40,225.87,42.53,92.43,0.95,1,-1,-1
198,14,86.56,226.72,4.97,14.64,0.81,1,-1,-1
198,15,36.58,220.77,3.20,7.49,0.47,1,-1,-1
199,13,188.15,227.91,46.25,93.45,0.95,1,-1,-1
199,14,86.79,227.06,5.14,14.30,0.78,1,-1,-1
199,15,37.04,221.10,3.14,7.49,0.47,1,-1,-1
200,13,190.00,229.11,47.96,94.64,0.94,1,-1,-1
200,14,86.96,227.06,5.40,14.47,0.78,1,-1,-1
200,15,37.31,221.35,3.20,7.63,0.30,1,-1,-1
201,13,195.74,227.74,44.61,96.85,0.94,1,-1,-1
201,14,87.20,227.06,5.35,14.47,0.78,1,-1,-1
201,15,37.63,220.95,3.19,7.83,0.39,1,-1,-1
202,13,202.36,226.04,41.55,98.89,0.95,1,-1,-1
202,14,87.71,226.89,5.27,14.64,0.81,1,-1,-1
202,15,37.90,220.60,3.08,7.83,0.45,1,-1,-1
203,13,208.97,226.21,40.02,100.94,0.95,1,-1,-1
203,14,88.38,226.55,5.11,14.81,0.78,1,-1,-1
203,15,38.60,221.51,2.83,6.77,0.36,1,-1,-1
204,13,213.05,227.74,40.51,101.96,0.95,1,-1,-1
204,14,88.56,226.55,5.16,14.81,0.79,1,-1,-1
205,13,216.10,229.11,40.01,103.66,0.95,1,-1,-1
205,14,88.81,226.89,5.01,14.64,0.80,1,-1,-1
206,13,218.82,226.89,43.37,106.21,0.95,1,-1,-1
206,14,88.99,226.89,5.08,14.64,0.81,1,-1,-1
207,13,222.90,226.04,49.29,107.23,0.95,1,-1,-1
207,14,89.48,226.89,4.93,14.64,0.77,1,-1,-1
208,13,226.45,226.21,53.21,110.81,0.95,1,-1,-1
208,14,89.67,226.72,5.07,14.81,0.76,1,-1,-1
209,13,230.18,229.45,55.92,110.13,0.96,1,-1,-1
209,14,90.18,226.72,5.15,14.30,0.78,1,-1,-1
210,13,237.11,230.13,52.73,113.19,0.96,1,-1,-1
210,14,90.36,227.06,5.73,14.47,0.81,1,-1,-1
211,13,242.53,227.74,49.34,115.74,0.96,1,-1,-1
211,14,90.60,227.23,5.75,14.30,0.80,1,-1,-1
212,13,251.35,226.72,47.97,118.13,0.97,1,-1,-1
212,14,91.09,226.72,5.70,14.98,0.82,1,-1,-1
213,13,256.78,228.09,49.99,120.51,0.95,1,-1,-1
213,14,91.86,226.55,5.52,14.98,0.79,1,-1,-1
214,13,261.35,230.81,47.13,119.83,0.95,1,-1,-1
214,14,92.27,226.38,5.37,15.49,0.78,1,-1,-1
215,13,267.80,229.28,49.49,123.40,0.95,1,-1,-1
215,14,92.72,226.55,5.33,15.15,0.79,1,-1,-1
216,13,272.38,227.06,53.72,125.62,0.96,1,-1,-1
216,14,93.05,226.89,5.25,14.81,0.80,1,-1,-1
217,13,277.64,227.06,59.98,130.38,0.95,1,-1,-1
217,14,93.30,226.89,5.26,15.15,0.80,1,-1,-1
218,13,283.23,229.28,63.54,130.21,0.95,1,-1,-1
218,14,93.56,226.89,5.33,15.15,0.79,1,-1,-1
219,13,294.22,229.79,60.04,135.83,0.95,1,-1,-1
219,14,94.06,226.89,5.27,15.32,0.78,1,-1,-1
220,13,306.08,227.40,53.60,138.21,0.95,1,-1,-1
220,14,94.25,226.89,5.73,15.66,0.79,1,-1,-1
221,13,312.72,228.09,56.42,138.89,0.94,1,-1,-1
221,14,94.50,226.72,6.00,15.83,0.80,1,-1,-1
221,16,45.42,223.83,5.47,19.91,0.72,1,-1,-1
222,13,316.49,230.47,71.26,139.57,0.94,1,-1,-1
222,14,94.92,226.38,6.02,15.83,0.80,1,-1,-1
222,16,45.61,222.30,6.11,21.62,0.61,1,-1,-1
223,13,324.20,230.81,64.99,142.64,0.93,1,-1,-1
223,14,95.33,226.38,5.87,16.34,0.80,1,-1,-1
224,13,337.24,229.28,57.72,144.51,0.93,1,-1,-1
224,14,95.77,226.55,5.76,15.83,0.81,1,-1,-1
225,13,346.10,225.87,59.32,148.26,0.95,1,-1,-1
225,14,96.09,226.72,5.52,15.66,0.80,1,-1,-1
226,13,353.90,225.87,64.39,153.36,0.96,1,-1,-1
226,14,96.19,226.89,5.67,15.66,0.81,1,-1,-1
226,16,46.15,218.55,8.25,32.34,0.60,1,-1,-1
227,13,365.10,229.28,67.44,153.70,0.94,1,-1,-1
227,14,96.70,226.55,5.92,15.83,0.81,1,-1,-1
227,16,47.39,219.06,7.38,27.09,0.60,1,-1,-1
228,13,371.16,226.55,62.42,156.43,0.94,1,-1,-1
228,14,96.96,226.55,6.00,15.66,0.79,1,-1,-1
228,16,47.58,220.93,6.96,24.70,0.56,1,-1,-1
229,13,381.33,225.53,58.36,157.45,0.92,1,-1,-1
229,14,97.45,226.55,5.87,15.66,0.74,1,-1,-1
229,16,47.49,220.60,7.43,26.55,0.62,1,-1,-1
230,13,391.87,224.00,59.32,159.32,0.92,1,-1,-1
230,14,97.81,226.72,6.16,15.66,0.78,1,-1,-1
230,16,47.65,218.22,8.42,32.33,0.67,1,-1,-1
231,13,400.14,226.38,73.62,157.62,0.91,1,-1,-1
231,14,98.13,226.72,6.19,15.83,0.81,1,-1,-1
231,16,47.69,218.55,9.07,33.53,0.74,1,-1,-1
232,13,405.44,231.83,75.55,152.51,0.94,1,-1,-1
232,14,98.47,226.38,6.20,16.17,0.81,1,-1,-1
232,16,47.51,218.89,9.98,33.02,0.77,1,-1,-1
233,13,413.12,223.32,69.36,162.38,0.91,1,-1,-1
233,14,99.05,226.21,5.80,16.17,0.78,1,-1,-1
233,16,47.72,219.57,10.02,30.47,0.75,1,-1,-1
234,13,427.67,226.72,61.27,158.98,0.87,1,-1,-1
234,14,99.40,226.04,5.70,16.51,0.80,1,-1,-1
234,16,48.41,223.14,9.70,28.43,0.75,1,-1,-1
235,13,439.24,213.79,61.18,171.57,0.88,1,-1,-1
235,14,99.68,226.38,5.90,16.00,0.80,1,-1,-1
235,16,48.51,221.96,9.71,30.30,0.72,1,-1,-1
236,13,446.13,219.23,64.01,167.83,0.92,1,-1,-1
236,14,99.83,226.38,5.93,16.00,0.80,1,-1,-1
236,16,48.45,220.94,10.01,30.81,0.66,1,-1,-1
237,13,454.93,221.28,69.11,165.79,0.94,1,-1,-1
237,14,100.18,226.38,6.09,16.00,0.80,1,-1,-1
237,16,49.13,222.12,9.71,25.89,0.60,1,-1,-1
238,13,455.26,223.49,69.82,163.23,0.94,1,-1,-1
238,14,100.43,226.04,6.35,16.51,0.82,1,-1,-1
238,16,48.72,219.75,10.69,29.61,0.64,1,-1,-1
239,13,458.32,221.62,76.93,165.11,0.96,1,-1,-1
239,14,100.69,226.21,6.67,16.51,0.81,1,-1,-1
239,16,48.41,219.06,11.01,29.62,0.71,1,-1,-1
240,13,468.81,221.96,75.94,165.11,0.96,1,-1,-1
240,14,101.19,226.55,6.44,16.00,0.80,1,-1,-1
240,16,47.87,218.21,11.89,32.68,0.75,1,-1,-1
240,17,582.37,248.68,4.41,10.38,0.70,1,-1,-1
241,13,477.62,223.83,72.89,163.23,0.95,1,-1,-1
241,14,101.28,226.38,6.68,16.17,0.81,1,-1,-1
241,16,47.92,218.04,11.54,29.79,0.77,1,-1,-1
241,17,583.30,248.68,4.24,11.74,0.55,1,-1,-1
242,13,477.96,223.49,70.86,163.91,0.95,1,-1,-1
242,14,101.53,226.21,7.02,16.34,0.83,1,-1,-1
242,16,48.96,218.21,10.17,25.56,0.51,1,-1,-1
242,17,584.09,248.34,4.37,11.41,0.69,1,-1,-1
243,13,480.33,223.15,68.15,164.26,0.96,1,-1,-1
243,14,102.60,226.04,6.24,16.17,0.81,1,-1,-1
243,16,47.40,218.72,11.39,19.58,0.74,1,-1,-1
243,17,584.74,248.51,4.41,11.57,0.72,1,-1,-1
244,13,483.04,222.98,64.76,164.43,0.95,1,-1,-1
244,14,102.88,226.04,6.28,16.51,0.80,1,-1,-1
244,16,48.21,218.38,10.49,15.49,0.78,1,-1,-1
244,17,585.15,248.85,4.62,11.07,0.60,1,-1,-1
245,13,485.08,222.98,62.39,164.43,0.95,1,-1,-1
245,14,103.22,226.21,6.11,16.34,0.81,1,-1,-1
246,13,484.41,222.30,64.06,163.40,0.96,1,-1,-1
246,14,103.56,226.38,5.94,16.17,0.82,1,-1,-1
246,17,588.12,249.19,4.09,10.38,0.67,1,-1,-1
247,13,484.07,221.96,64.74,162.72,0.95,1,-1,-1
247,14,103.56,226.21,6.10,16.51,0.83,1,-1,-1
247,17,588.80,248.68,4.09,10.72,0.68,1,-1,-1
248,13,484.75,221.62,64.75,163.06,0.95,1,-1,-1
248,14,103.56,226.21,6.27,16.68,0.84,1,-1,-1
248,17,588.87,248.85,4.96,10.38,0.75,1,-1,-1
249,13,485.76,223.49,64.41,162.21,0.94,1,-1,-1
249,14,103.86,226.21,6.34,13.62,0.81,1,-1,-1
249,17,589.84,249.02,4.73,9.70,0.71,1,-1,-1
250,13,487.45,223.32,63.06,162.72,0.94,1,-1,-1
250,14,104.60,226.38,5.22,8.02,0.57,1,-1,-1
250,17,590.87,249.19,5.04,9.53,0.76,1,-1,-1
251,13,488.14,223.15,63.05,162.89,0.95,1,-1,-1
251,17,591.85,249.53,4.78,9.53,0.75,1,-1,-1
252,13,488.14,223.32,63.39,163.06,0.94,1,-1,-1
252,17,593.18,249.36,4.15,9.87,0.78,1,-1,-1
253,13,488.14,223.32,63.72,162.72,0.94,1,-1,-1
253,17,593.58,249.36,4.38,9.70,0.77,1,-1,-1
254,13,487.80,222.98,64.07,163.06,0.94,1,-1,-1
254,17,593.93,249.36,5.02,10.04,0.74,1,-1,-1
255,13,487.80,223.15,64.40,162.89,0.94,1,-1,-1
255,17,594.25,249.53,5.06,9.87,0.72,1,-1,-1
256,13,488.13,223.15,64.07,162.89,0.94,1,-1,-1
256,17,595.57,249.53,4.79,9.87,0.70,1,-1,-1
257,13,488.14,223.32,64.40,162.72,0.94,1,-1,-1
257,17,596.95,249.87,4.74,9.70,0.74,1,-1,-1
258,13,488.14,223.32,64.41,163.06,0.94,1,-1,-1
258,17,597.92,249.70,4.16,9.70,0.71,1,-1,-1
259,13,488.14,223.32,64.41,163.06,0.93,1,-1,-1
259,17,598.66,249.70,4.38,9.70,0.73,1,-1,-1
260,13,488.48,223.66,64.40,162.38,0.94,1,-1,-1
260,17,599.65,250.04,4.09,9.36,0.67,1,-1,-1
261,13,488.14,223.49,64.41,162.55,0.93,1,-1,-1
261,17,600.30,249.87,3.81,9.53,0.65,1,-1,-1
261,18,33.90,218.55,11.61,39.15,0.81,1,-1,-1
262,13,488.47,223.49,64.41,162.55,0.93,1,-1,-1
262,17,601.36,250.04,3.72,9.19,0.62,1,-1,-1
262,18,33.06,219.23,11.02,38.64,0.79,1,-1,-1
263,13,488.81,223.66,64.07,162.38,0.94,1,-1,-1
263,17,602.44,250.38,4.27,9.02,0.65,1,-1,-1
263,18,31.35,219.06,11.11,39.15,0.82,1,-1,-1
264,13,488.81,223.32,64.07,162.38,0.94,1,-1,-1
264,14,108.55,226.04,6.30,17.19,0.81,1,-1,-1
264,17,603.28,250.21,3.95,10.55,0.66,1,-1,-1
264,18,30.48,218.89,10.95,39.49,0.83,1,-1,-1
265,13,488.47,223.32,64.07,162.72,0.93,1,-1,-1
265,14,108.48,226.38,6.35,17.02,0.82,1,-1,-1
265,17,603.71,250.21,4.44,12.42,0.73,1,-1,-1
265,18,30.06,218.89,10.75,39.15,0.79,1,-1,-1
266,13,488.47,223.32,64.07,162.72,0.94,1,-1,-1
266,14,108.41,226.55,6.91,16.85,0.82,1,-1,-1
266,17,604.74,250.55,4.75,13.45,0.70,1,-1,-1
266,18,28.90,219.06,10.98,40.17,0.81,1,-1,-1
267,13,486.79,223.15,65.74,162.55,0.92,1,-1,-1
267,14,108.56,226.38,6.95,17.02,0.82,1,-1,-1
267,17,605.11,250.55,5.03,13.11,0.74,1,-1,-1
267,18,28.61,219.40,11.17,39.32,0.85,1,-1,-1
268,13,488.80,223.15,63.42,162.89,0.92,1,-1,-1
268,14,108.98,226.04,7.04,17.53,0.83,1,-1,-1
268,17,605.43,250.38,5.08,12.94,0.79,1,-1,-1
268,18,27.00,219.40,12.47,39.66,0.84,1,-1,-1
269,13,490.49,222.98,61.73,162.72,0.90,1,-1,-1
269,14,109.41,226.38,6.87,17.19,0.83,1,-1,-1
269,17,606.09,250.21,5.10,13.45,0.77,1,-1,-1
269,18,25.29,219.06,13.98,40.51,0.84,1,-1,-1
270,13,489.20,223.32,70.06,162.72,0.92,1,-1,-1
270,14,109.59,226.72,7.26,17.02,0.83,1,-1,-1
270,17,606.78,250.38,5.09,13.45,0.78,1,-1,-1
270,18,23.43,218.72,13.56,41.02,0.82,1,-1,-1
271,13,488.47,223.66,69.50,162.04,0.87,1,-1,-1
271,14,109.91,226.55,7.30,17.53,0.84,1,-1,-1
271,17,607.48,250.55,5.38,13.11,0.79,1,-1,-1
271,18,21.67,217.53,13.58,42.21,0.86,1,-1,-1
272,13,488.43,223.15,62.46,162.21,0.92,1,-1,-1
272,14,110.17,226.38,7.45,17.70,0.84,1,-1,-1
272,17,607.49,250.55,6.37,13.11,0.81,1,-1,-1
272,18,20.83,218.04,13.22,41.19,0.86,1,-1,-1
273,13,488.47,222.47,61.71,163.23,0.93,1,-1,-1
273,14,111.17,226.21,7.07,17.70,0.80,1,-1,-1
273,17,607.79,250.55,6.12,13.11,0.81,1,-1,-1
273,18,20.14,218.55,13.40,40.34,0.83,1,-1,-1
274,13,488.14,222.98,62.36,162.38,0.93,1,-1,-1
274,14,111.76,226.38,6.72,17.70,0.80,1,-1,-1
274,17,608.42,250.38,4.85,13.11,0.80,1,-1,-1
274,18,18.78,218.72,13.27,40.85,0.80,1,-1,-1
275,13,488.13,222.64,62.04,163.06,0.93,1,-1,-1
275,14,112.03,226.38,6.70,17.70,0.80,1,-1,-1
275,17,609.28,250.21,4.15,10.24,0.40,1,-1,-1
275,18,15.05,218.89,16.18,41.53,0.85,1,-1,-1
276,13,490.49,223.32,59.70,162.38,0.91,1,-1,-1
276,14,112.64,226.38,7.09,17.70,0.81,1,-1,-1
276,18,13.57,218.21,16.85,42.55,0.85,1,-1,-1
277,13,474.81,222.64,75.46,162.72,0.88,1,-1,-1
277,14,113.05,226.38,7.04,17.87,0.81,1,-1,-1
277,18,14.48,218.04,13.31,41.53,0.83,1,-1,-1
278,13,487.61,222.98,64.09,163.40,0.88,1,-1,-1
278,14,113.40,226.21,7.44,18.38,0.83,1,-1,-1
278,18,14.44,217.70,11.62,43.23,0.80,1,-1,-1
279,13,486.77,223.49,62.72,162.21,0.92,1,-1,-1
279,14,114.16,226.21,7.53,18.04,0.82,1,-1,-1
279,18,14.04,218.55,10.62,42.04,0.75,1,-1,-1
280,13,486.44,222.81,62.71,162.89,0.93,1,-1,-1
280,14,114.41,226.55,7.70,17.87,0.83,1,-1,-1
280,18,12.97,218.38,10.85,42.89,0.75,1,-1,-1
281,13,486.79,222.98,63.72,162.72,0.93,1,-1,-1
281,14,115.08,226.72,7.72,18.04,0.82,1,-1,-1
281,18,11.77,219.06,10.98,42.38,0.83,1,-1,-1
282,13,486.44,222.98,64.06,162.72,0.94,1,-1,-1
282,14,115.76,226.04,7.88,18.55,0.82,1,-1,-1
282,18,11.58,218.21,9.91,43.23,0.76,1,-1,-1
283,13,486.44,223.15,64.07,162.55,0.94,1,-1,-1
283,14,116.92,226.04,7.02,18.55,0.81,1,-1,-1
283,17,612.21,251.23,6.10,13.11,0.83,1,-1,-1
283,18,10.17,218.04,11.77,44.08,0.84,1,-1,-1
284,13,486.10,222.98,64.40,162.72,0.94,1,-1,-1
284,14,117.62,226.04,6.96,18.72,0.81,1,-1,-1
284,17,613.51,251.23,5.18,13.11,0.78,1,-1,-1
284,18,8.31,218.04,13.12,44.26,0.82,1,-1,-1
285,13,486.10,223.66,64.40,162.04,0.94,1,-1,-1
285,14,118.14,226.38,7.02,18.38,0.82,1,-1,-1
285,17,614.88,251.23,4.47,12.77,0.76,1,-1,-1
285,18,7.96,217.70,11.93,44.94,0.82,1,-1,-1
286,13,486.10,223.15,64.41,162.55,0.94,1,-1,-1
286,14,118.57,226.38,7.43,18.38,0.82,1,-1,-1
286,17,615.93,251.40,4.41,12.60,0.73,1,-1,-1
286,18,7.33,217.87,12.03,44.09,0.81,1,-1,-1
287,13,486.10,223.32,64.41,162.38,0.94,1,-1,-1
287,14,119.06,226.38,7.30,18.38,0.81,1,-1,-1
287,17,615.62,251.40,5.37,12.77,0.83,1,-1,-1
287,18,6.47,217.19,12.67,44.26,0.82,1,-1,-1
288,13,486.10,223.32,64.41,162.38,0.94,1,-1,-1
288,14,120.01,226.21,7.36,18.21,0.80,1,-1,-1
288,17,616.00,251.91,6.31,12.60,0.75,1,-1,-1
288,18,5.66,217.36,13.86,44.77,0.82,1,-1,-1
289,13,486.10,223.32,64.41,162.38,0.94,1,-1,-1
289,14,120.95,226.21,8.26,18.72,0.83,1,-1,-1
289,17,619.05,252.08,4.27,7.68,0.58,1,-1,-1
289,18,6.19,217.19,13.53,44.94,0.83,1,-1,-1
290,13,486.10,223.32,64.41,162.38,0.94,1,-1,-1
290,14,121.11,226.38,8.29,18.38,0.83,1,-1,-1
290,17,620.87,251.58,3.33,4.78,0.41,1,-1,-1
290,18,6.82,217.02,12.86,44.26,0.80,1,-1,-1
291,13,486.44,222.81,64.07,162.89,0.94,1,-1,-1
291,14,121.52,226.38,8.32,19.23,0.85,1,-1,-1
291,17,621.80,251.40,3.17,3.74,0.50,1,-1,-1
291,18,7.62,217.02,11.98,44.43,0.75,1,-1,-1
292,13,486.44,222.81,64.40,162.89,0.94,1,-1,-1
292,14,122.19,226.38,7.82,18.89,0.84,1,-1,-1
292,18,7.68,217.19,11.89,44.26,0.76,1,-1,-1
293,13,486.44,222.98,64.41,162.72,0.94,1,-1,-1
293,14,123.38,225.87,7.72,19.06,0.83,1,-1,-1
293,18,8.38,217.19,11.49,43.92,0.74,1,-1,-1
294,13,486.44,222.64,64.40,162.04,0.94,1,-1,-1
294,14,124.30,225.36,7.16,18.89,0.81,1,-1,-1
294,18,7.47,217.02,12.53,43.91,0.66,1,-1,-1
295,13,486.44,222.81,64.41,162.55,0.94,1,-1,-1
295,14,124.67,226.55,7.28,18.72,0.83,1,-1,-1
295,18,7.17,217.53,12.98,44.77,0.79,1,-1,-1
296,13,486.44,222.64,64.74,162.72,0.94,1,-1,-1
296,14,124.91,226.72,7.21,18.89,0.82,1,-1,-1
296,18,7.09,218.38,13.37,43.75,0.80,1,-1,-1
297,13,486.44,222.98,64.74,162.04,0.94,1,-1,-1
297,14,125.18,225.87,7.70,19.57,0.82,1,-1,-1
297,17,626.36,251.57,5.24,13.79,0.73,1,-1,-1
297,18,7.95,217.53,12.51,44.25,0.76,1,-1,-1
298,13,486.78,222.98,64.74,161.70,0.94,1,-1,-1
298,14,125.77,225.70,7.70,19.06,0.80,1,-1,-1
298,17,626.50,251.74,6.65,13.45,0.79,1,-1,-1
298,18,8.64,216.34,12.13,45.45,0.78,1,-1,-1
299,13,486.78,222.98,64.41,162.04,0.93,1,-1,-1
299,14,126.45,226.55,7.62,18.55,0.81,1,-1,-1
299,17,628.40,252.08,5.56,13.11,0.73,1,-1,-1
299,18,9.96,218.45,11.51,43.83,0.39,1,-1,-1
300,13,486.78,223.15,64.74,161.87,0.93,1,-1,-1
300,14,126.70,226.38,7.95,18.72,0.82,1,-1,-1
300,17,629.76,252.09,4.55,12.94,0.72,1,-1,-1
300,18,10.29,217.20,11.91,45.44,0.60,1,-1,-1
