1,1,208.81,217.70,44.41,122.38,0.95,1,-1,-1
1,2,93.56,216.17,31.86,99.40,0.93,1,-1,-1
1,3,181.02,225.70,23.90,71.83,0.92,1,-1,-1
1,4,75.85,220.94,20.25,62.81,0.89,1,-1,-1
1,5,441.02,236.77,12.88,31.83,0.87,1,-1,-1
1,6,410.85,231.49,16.95,38.81,0.87,1,-1,-1
1,7,489.83,238.13,12.88,33.87,0.87,1,-1,-1
1,8,66.27,220.09,11.40,34.38,0.82,1,-1,-1
1,9,52.75,221.62,9.07,30.98,0.70,1,-1,-1
2,1,206.95,219.23,42.71,119.83,0.94,1,-1,-1
2,2,96.61,213.11,31.28,102.47,0.94,1,-1,-1
2,3,184.57,223.49,24.07,74.04,0.90,1,-1,-1
2,4,75.73,220.09,21.72,64.17,0.89,1,-1,-1
2,5,443.39,236.26,13.55,32.51,0.88,1,-1,-1
2,6,414.91,230.98,16.29,39.49,0.88,1,-1,-1
2,7,491.54,238.81,14.21,33.53,0.86,1,-1,-1
2,8,67.12,220.94,11.19,33.87,0.80,1,-1,-1
2,9,52.98,221.79,9.46,31.32,0.70,1,-1,-1
3,1,202.54,217.02,42.20,117.62,0.94,1,-1,-1
3,2,97.97,211.40,33.55,104.51,0.94,1,-1,-1
3,3,188.44,223.32,22.28,77.11,0.89,1,-1,-1
3,4,76.01,218.72,21.45,65.36,0.90,1,-1,-1
3,5,445.76,236.77,13.23,32.34,0.89,1,-1,-1
3,6,417.62,232.00,15.61,38.64,0.87,1,-1,-1
3,7,494.28,239.15,16.52,33.87,0.86,1,-1,-1
3,8,69.10,221.28,9.98,32.51,0.74,1,-1,-1
3,9,53.21,221.11,10.07,31.15,0.78,1,-1,-1
4,1,198.79,216.17,39.03,117.28,0.92,1,-1,-1
4,2,100.43,212.60,35.49,106.21,0.92,1,-1,-1
4,3,189.20,225.36,22.27,71.83,0.83,1,-1,-1
4,4,76.23,218.89,21.65,65.87,0.90,1,-1,-1
4,5,446.80,237.28,15.21,31.66,0.90,1,-1,-1
4,6,419.34,232.34,17.26,38.98,0.91,1,-1,-1
4,7,498.59,238.64,13.33,34.72,0.88,1,-1,-1
4,8,70.06,220.60,10.22,31.15,0.70,1,-1,-1
4,9,53.48,221.28,10.72,30.47,0.78,1,-1,-1
5,1,191.88,216.51,42.35,116.26,0.95,1,-1,-1
5,2,104.90,214.30,34.69,107.74,0.90,1,-1,-1
5,4,76.25,220.08,22.37,64.51,0.86,1,-1,-1
5,5,447.80,237.62,15.92,31.83,0.91,1,-1,-1
5,6,421.69,232.00,17.63,40.00,0.89,1,-1,-1
5,7,501.38,238.47,13.85,32.00,0.88,1,-1,-1
5,8,70.23,220.26,11.28,37.10,0.72,1,-1,-1
5,9,54.12,222.13,11.59,30.64,0.75,1,-1,-1
6,1,191.85,217.53,38.00,115.40,0.94,1,-1,-1
6,2,109.48,213.11,34.43,110.64,0.90,1,-1,-1
6,4,77.12,220.09,23.30,67.06,0.84,1,-1,-1
6,5,451.51,236.94,15.29,32.85,0.88,1,-1,-1
6,6,426.75,231.32,15.65,40.85,0.89,1,-1,-1
6,7,503.76,239.66,16.21,33.70,0.87,1,-1,-1
6,8,71.22,220.26,12.22,38.64,0.74,1,-1,-1
6,9,54.88,222.13,13.58,32.34,0.80,1,-1,-1
7,1,189.99,218.55,35.79,112.68,0.90,1,-1,-1
7,2,114.22,210.89,33.76,112.68,0.90,1,-1,-1
7,4,77.87,218.72,23.16,68.26,0.87,1,-1,-1
7,5,454.88,236.60,13.28,33.19,0.89,1,-1,-1
7,6,429.16,231.83,15.92,40.17,0.89,1,-1,-1
7,7,505.46,240.17,17.89,33.70,0.86,1,-1,-1
7,8,72.08,220.93,10.97,34.56,0.69,1,-1,-1
7,9,54.73,221.11,14.74,33.19,0.84,1,-1,-1
7,10,103.05,224.34,21.69,75.23,0.76,1,-1,-1
8,1,186.97,218.04,37.42,111.66,0.91,1,-1,-1
8,2,119.12,209.87,33.62,118.64,0.88,1,-1,-1
8,3,213.90,226.38,24.07,78.81,0.86,1,-1,-1
8,4,78.17,218.38,23.02,70.13,0.91,1,-1,-1
8,5,457.62,237.11,12.56,32.51,0.88,1,-1,-1
8,6,430.55,232.17,20.93,40.17,0.91,1,-1,-1
8,7,511.75,239.66,13.78,34.38,0.85,1,-1,-1
8,8,72.17,220.26,11.35,37.95,0.76,1,-1,-1
8,9,55.81,221.28,12.92,32.68,0.78,1,-1,-1
8,10,106.30,225.36,23.93,78.30,0.81,1,-1,-1
9,1,185.43,217.53,36.43,107.40,0.91,1,-1,-1
9,2,123.05,212.59,32.97,117.28,0.88,1,-1,-1
9,3,213.93,226.55,27.05,80.51,0.89,1,-1,-1
9,4,78.94,218.72,22.76,70.64,0.90,1,-1,-1
9,5,458.98,237.45,12.54,32.34,0.88,1,-1,-1
9,6,431.86,232.51,21.02,40.34,0.91,1,-1,-1
9,7,514.90,239.32,13.58,35.40,0.86,1,-1,-1
9,8,72.61,219.75,10.47,36.26,0.76,1,-1,-1
9,9,55.68,221.79,12.37,31.15,0.80,1,-1,-1
9,10,108.78,223.83,23.19,79.32,0.84,1,-1,-1
10,1,183.04,217.19,34.43,107.57,0.93,1,-1,-1
10,2,127.87,213.79,32.64,119.32,0.92,1,-1,-1
10,3,218.47,225.02,26.96,83.57,0.93,1,-1,-1
10,4,78.69,219.91,23.08,70.13,0.91,1,-1,-1
10,5,460.69,237.45,13.54,33.19,0.88,1,-1,-1
10,6,437.24,232.17,18.39,40.85,0.88,1,-1,-1
10,7,517.62,239.32,13.23,34.89,0.85,1,-1,-1
10,8,73.40,219.23,10.19,34.90,0.71,1,-1,-1
10,9,57.28,222.13,11.21,31.83,0.81,1,-1,-1
10,10,110.76,223.49,23.81,81.53,0.90,1,-1,-1
11,1,180.17,217.36,35.08,107.74,0.94,1,-1,-1
11,2,126.16,212.60,38.20,121.53,0.90,1,-1,-1
11,3,223.05,223.49,26.45,84.94,0.94,1,-1,-1
11,4,78.97,219.74,22.73,71.83,0.90,1,-1,-1
11,5,463.37,236.77,12.58,33.87,0.89,1,-1,-1
11,6,442.00,231.66,16.00,41.36,0.89,1,-1,-1
11,7,518.72,240.51,16.79,34.55,0.86,1,-1,-1
11,8,74.29,219.91,10.01,29.63,0.67,1,-1,-1
11,9,57.32,221.45,10.67,33.36,0.77,1,-1,-1
11,10,111.81,224.00,25.71,82.04,0.88,1,-1,-1
12,1,177.96,218.04,34.41,107.06,0.93,1,-1,-1
12,2,130.84,209.87,37.99,124.77,0.91,1,-1,-1
12,3,225.97,224.51,34.33,85.45,0.93,1,-1,-1
12,4,77.81,219.06,23.88,72.68,0.90,1,-1,-1
12,5,465.44,236.60,13.87,34.38,0.88,1,-1,-1
12,6,445.09,232.17,15.93,40.85,0.89,1,-1,-1
12,7,523.91,240.34,13.19,34.89,0.81,1,-1,-1
12,8,75.00,220.59,8.90,26.90,0.50,1,-1,-1
12,9,57.59,220.94,11.64,32.85,0.79,1,-1,-1
12,10,112.71,225.02,26.11,84.60,0.89,1,-1,-1
13,1,176.10,218.89,33.73,105.70,0.93,1,-1,-1
13,2,134.91,208.85,38.39,127.32,0.92,1,-1,-1
13,3,226.80,226.72,38.27,86.30,0.93,1,-1,-1
13,4,78.30,218.38,23.74,73.53,0.89,1,-1,-1
13,5,466.79,237.45,14.22,33.36,0.89,1,-1,-1
13,6,446.80,233.19,17.58,40.17,0.90,1,-1,-1
13,7,527.43,240.17,11.92,35.06,0.86,1,-1,-1
13,8,76.29,220.60,10.21,44.72,0.64,1,-1,-1
13,9,57.88,221.62,12.09,32.34,0.76,1,-1,-1
13,10,113.17,224.68,29.69,84.94,0.91,1,-1,-1
14,1,173.31,217.87,33.47,103.49,0.90,1,-1,-1
14,2,137.58,211.23,50.86,128.00,0.95,1,-1,-1
14,3,233.20,226.04,33.94,87.15,0.94,1,-1,-1
14,4,79.48,219.23,23.08,74.55,0.89,1,-1,-1
14,5,467.82,237.62,16.22,33.70,0.89,1,-1,-1
14,6,448.49,233.19,19.29,41.19,0.89,1,-1,-1
14,7,529.88,240.34,13.12,33.19,0.84,1,-1,-1
14,8,74.75,219.58,11.86,45.79,0.73,1,-1,-1
14,9,57.78,222.30,13.52,34.72,0.80,1,-1,-1
14,10,113.73,224.17,29.58,85.45,0.92,1,-1,-1
15,1,176.00,216.85,29.53,104.17,0.85,1,-1,-1
15,2,142.27,213.45,48.59,129.19,0.93,1,-1,-1
15,3,243.70,224.00,28.37,89.87,0.93,1,-1,-1
15,4,78.08,220.08,24.68,72.85,0.88,1,-1,-1
15,5,469.14,237.45,15.96,34.55,0.87,1,-1,-1
15,6,453.52,232.85,15.68,41.70,0.90,1,-1,-1
15,7,531.22,241.02,15.18,34.04,0.86,1,-1,-1
15,8,75.85,219.57,11.44,45.35,0.32,1,-1,-1
15,9,58.63,221.79,14.70,34.89,0.85,1,-1,-1
15,10,113.75,224.00,32.85,86.47,0.93,1,-1,-1
16,1,180.62,217.53,24.33,101.28,0.66,1,-1,-1
16,2,148.15,212.43,50.48,131.40,0.90,1,-1,-1
16,3,247.64,224.17,31.00,92.26,0.93,1,-1,-1
16,4,76.74,220.26,26.39,76.43,0.91,1,-1,-1
16,5,474.50,237.62,12.35,34.55,0.86,1,-1,-1
16,6,457.28,232.51,15.60,42.21,0.89,1,-1,-1
16,7,532.90,241.36,16.24,34.55,0.87,1,-1,-1
16,8,75.60,220.57,12.04,45.78,0.30,1,-1,-1
16,9,59.61,222.13,13.95,33.53,0.82,1,-1,-1
16,10,114.59,224.85,36.83,87.32,0.93,1,-1,-1
17,2,154.48,209.53,47.74,135.15,0.94,1,-1,-1
17,3,251.53,226.04,32.19,91.23,0.93,1,-1,-1
17,4,77.87,219.23,25.28,77.45,0.91,1,-1,-1
17,5,476.94,237.28,11.88,34.55,0.86,1,-1,-1
17,6,459.33,232.68,16.59,42.38,0.90,1,-1,-1
17,7,538.28,241.70,12.92,29.79,0.87,1,-1,-1
17,8,77.10,221.10,10.12,43.94,0.48,1,-1,-1
17,9,59.63,221.28,12.69,34.21,0.79,1,-1,-1
17,10,116.61,225.70,37.12,88.00,0.94,1,-1,-1
18,2,159.65,207.83,45.79,140.77,0.94,1,-1,-1
18,3,257.28,227.74,31.87,92.60,0.94,1,-1,-1
18,4,78.21,218.55,24.68,78.30,0.91,1,-1,-1
18,5,479.01,237.96,12.49,33.19,0.86,1,-1,-1
18,6,460.74,233.87,21.57,41.19,0.90,1,-1,-1
18,7,542.36,240.85,12.91,30.64,0.82,1,-1,-1
18,8,77.65,221.05,9.81,43.40,0.24,1,-1,-1
18,9,60.28,222.64,11.69,32.34,0.77,1,-1,-1
18,10,121.26,224.51,35.02,89.19,0.95,1,-1,-1
19,2,167.03,212.77,45.68,140.26,0.91,1,-1,-1
19,3,264.73,224.85,30.04,96.34,0.93,1,-1,-1
19,4,78.30,219.57,24.50,79.49,0.91,1,-1,-1
19,5,480.90,238.64,17.52,33.53,0.80,1,-1,-1
19,6,463.04,233.53,21.04,42.21,0.90,1,-1,-1
19,7,545.04,240.85,12.98,35.23,0.84,1,-1,-1
19,9,60.14,222.47,12.46,33.70,0.76,1,-1,-1
19,10,123.48,224.00,35.93,89.53,0.95,1,-1,-1
20,2,172.28,213.11,46.20,145.36,0.92,1,-1,-1
20,3,270.34,223.32,30.17,98.38,0.93,1,-1,-1
20,4,77.58,220.26,24.79,80.51,0.92,1,-1,-1
20,5,483.36,238.30,16.00,34.21,0.87,1,-1,-1
20,6,468.40,233.02,16.42,42.72,0.88,1,-1,-1
20,7,546.49,241.53,14.48,34.72,0.84,1,-1,-1
20,9,59.38,222.13,14.84,36.08,0.80,1,-1,-1
20,10,124.41,223.83,37.88,92.94,0.95,1,-1,-1
21,1,172.72,217.53,29.82,100.42,0.62,1,-1,-1
21,2,177.64,213.11,46.93,146.72,0.83,1,-1,-1
21,3,271.91,224.68,43.98,99.06,0.95,1,-1,-1
21,4,77.03,220.26,25.08,81.36,0.91,1,-1,-1
21,5,485.72,237.62,13.98,35.06,0.88,1,-1,-1
21,6,474.18,233.02,13.33,42.72,0.87,1,-1,-1
21,7,548.50,241.87,15.54,34.89,0.84,1,-1,-1
21,9,60.41,223.83,13.07,33.20,0.71,1,-1,-1
21,10,125.51,224.17,38.99,96.68,0.94,1,-1,-1
21,11,29.56,225.36,3.79,5.28,0.70,1,-1,-1
22,1,173.84,217.87,27.57,98.72,0.81,1,-1,-1
22,2,188.71,206.64,42.91,154.55,0.88,1,-1,-1
22,3,273.91,227.40,46.94,99.91,0.95,1,-1,-1
22,4,75.94,218.89,26.18,82.89,0.92,1,-1,-1
22,5,488.13,237.79,13.58,35.06,0.85,1,-1,-1
22,6,477.00,233.70,16.17,42.38,0.88,1,-1,-1
22,7,555.14,241.19,11.75,35.57,0.84,1,-1,-1
22,9,61.83,223.15,12.19,34.72,0.76,1,-1,-1
22,10,126.70,225.19,40.24,94.81,0.94,1,-1,-1
22,11,29.61,226.04,3.68,4.77,0.67,1,-1,-1
23,1,175.62,218.04,28.26,98.89,0.81,1,-1,-1
23,2,191.35,211.74,58.65,151.15,0.90,1,-1,-1
23,3,284.87,226.04,38.57,101.79,0.93,1,-1,-1
23,4,73.36,217.02,29.42,85.62,0.92,1,-1,-1
23,5,491.22,238.47,13.49,33.02,0.78,1,-1,-1
23,6,477.68,234.21,20.24,42.72,0.89,1,-1,-1
23,7,558.33,241.53,11.82,32.34,0.86,1,-1,-1
23,9,61.81,222.98,12.48,36.76,0.83,1,-1,-1
23,10,127.46,224.34,40.68,95.32,0.93,1,-1,-1
23,11,29.71,225.87,3.65,4.94,0.67,1,-1,-1
24,1,177.21,218.38,32.02,98.89,0.85,1,-1,-1
24,2,198.16,211.40,68.59,155.57,0.94,1,-1,-1
24,3,300.14,224.17,33.12,105.70,0.93,1,-1,-1
24,4,72.22,219.23,31.66,84.94,0.92,1,-1,-1
24,5,494.54,239.15,13.30,34.89,0.80,1,-1,-1
24,6,481.65,234.04,17.71,43.57,0.88,1,-1,-1
24,7,559.37,242.55,14.48,32.85,0.86,1,-1,-1
24,9,61.88,222.30,14.71,36.77,0.84,1,-1,-1
24,10,128.81,224.00,40.34,95.66,0.94,1,-1,-1
24,11,30.05,224.85,3.82,5.79,0.64,1,-1,-1
25,1,177.64,217.87,33.36,99.57,0.88,1,-1,-1
25,2,201.34,212.09,66.65,159.32,0.93,1,-1,-1
25,3,305.09,225.02,34.56,106.89,0.92,1,-1,-1
25,4,73.72,220.26,31.04,87.15,0.91,1,-1,-1
25,5,496.27,238.98,13.89,36.42,0.68,1,-1,-1
25,6,487.29,233.53,14.57,43.91,0.78,1,-1,-1
25,7,560.35,242.72,15.90,34.72,0.85,1,-1,-1
25,9,61.88,222.81,15.09,36.09,0.84,1,-1,-1
25,10,130.51,224.68,42.03,97.53,0.94,1,-1,-1
25,11,30.31,224.68,3.59,5.79,0.63,1,-1,-1
26,1,177.48,218.55,37.41,99.23,0.93,1,-1,-1
26,2,215.69,205.62,56.42,167.15,0.93,1,-1,-1
26,3,308.67,227.74,41.81,108.77,0.94,1,-1,-1
26,4,74.07,219.23,31.95,89.19,0.92,1,-1,-1
26,5,501.08,238.64,11.06,34.05,0.61,1,-1,-1
26,6,490.89,234.04,16.19,43.74,0.85,1,-1,-1
26,7,567.36,242.04,12.40,36.08,0.85,1,-1,-1
26,9,63.14,224.17,13.17,35.41,0.69,1,-1,-1
26,10,134.56,224.85,39.18,97.87,0.94,1,-1,-1
26,11,31.09,225.19,3.27,5.28,0.41,1,-1,-1
27,1,177.64,218.89,39.30,98.72,0.93,1,-1,-1
27,2,226.08,202.72,55.46,173.11,0.92,1,-1,-1
27,3,318.95,226.55,37.69,111.15,0.93,1,-1,-1
27,4,76.89,217.36,29.74,90.89,0.93,1,-1,-1
27,6,492.29,234.72,22.20,43.40,0.88,1,-1,-1
27,7,570.84,241.70,12.21,36.09,0.85,1,-1,-1
27,9,63.37,223.83,13.94,36.08,0.79,1,-1,-1
27,10,137.79,224.34,38.82,98.21,0.94,1,-1,-1
27,11,31.43,225.31,3.09,5.15,0.34,1,-1,-1
28,1,179.48,218.89,38.49,99.06,0.91,1,-1,-1
28,2,233.57,205.96,56.76,172.26,0.93,1,-1,-1
28,3,329.79,224.17,32.63,113.53,0.92,1,-1,-1
28,4,77.03,216.34,29.59,93.28,0.93,1,-1,-1
28,6,492.89,235.40,23.37,43.23,0.91,1,-1,-1
28,7,572.90,241.87,13.17,35.92,0.85,1,-1,-1
28,9,63.32,223.15,14.75,36.77,0.82,1,-1,-1
28,10,140.08,224.17,38.22,98.21,0.94,1,-1,-1
28,11,31.59,225.02,3.24,5.78,0.51,1,-1,-1
29,1,180.51,218.72,38.81,99.23,0.91,1,-1,-1
29,2,244.98,209.36,65.98,176.00,0.92,1,-1,-1
29,3,333.95,224.34,45.66,114.04,0.94,1,-1,-1
29,4,77.12,216.00,29.75,94.47,0.93,1,-1,-1
29,6,497.27,235.06,21.40,43.74,0.90,1,-1,-1
29,7,573.92,242.38,14.87,35.91,0.89,1,-1,-1
29,9,62.87,223.32,15.95,36.94,0.75,1,-1,-1
29,10,142.71,224.00,38.48,100.09,0.93,1,-1,-1
29,11,31.91,224.85,3.29,5.96,0.39,1,-1,-1
30,1,180.68,218.89,39.32,100.08,0.92,1,-1,-1
30,2,249.48,209.36,65.62,179.74,0.92,1,-1,-1
30,3,334.94,226.72,60.62,114.38,0.96,1,-1,-1
30,4,76.78,218.89,30.01,96.51,0.92,1,-1,-1
30,6,505.00,234.38,15.76,44.26,0.89,1,-1,-1
30,7,576.28,242.38,14.90,35.40,0.85,1,-1,-1
30,9,64.38,225.19,11.66,36.09,0.75,1,-1,-1
30,10,144.07,224.00,40.67,102.30,0.94,1,-1,-1
30,11,31.96,224.85,3.49,6.13,0.56,1,-1,-1
31,1,182.84,219.40,38.05,103.32,0.88,1,-1,-1
31,2,266.38,199.49,60.62,190.98,0.93,1,-1,-1
31,3,342.70,227.23,55.29,117.45,0.95,1,-1,-1
31,4,76.86,215.83,30.51,98.72,0.93,1,-1,-1
31,6,508.48,234.89,15.92,43.92,0.87,1,-1,-1
31,7,582.17,243.57,11.93,33.88,0.72,1,-1,-1
31,9,64.25,224.51,13.69,37.62,0.80,1,-1,-1
31,10,145.17,224.51,40.60,102.81,0.94,1,-1,-1
31,11,32.01,224.85,3.41,6.13,0.43,1,-1,-1
32,1,183.22,219.40,38.14,104.34,0.90,1,-1,-1
32,2,276.26,195.40,60.35,195.06,0.94,1,-1,-1
32,3,360.58,224.00,41.89,121.70,0.93,1,-1,-1
32,4,76.32,214.13,31.90,100.26,0.94,1,-1,-1
32,6,510.53,235.06,18.59,44.26,0.90,1,-1,-1
32,7,584.10,242.55,14.85,37.79,0.86,1,-1,-1
32,9,63.44,222.98,16.93,38.81,0.82,1,-1,-1
32,10,146.01,224.34,39.08,102.81,0.94,1,-1,-1
32,11,32.06,224.91,3.33,6.19,0.25,1,-1,-1
33,1,186.42,219.57,35.80,104.34,0.92,1,-1,-1
33,2,286.99,195.40,79.57,196.77,0.90,1,-1,-1
33,3,378.58,222.98,34.02,124.26,0.92,1,-1,-1
33,4,75.01,213.79,34.65,103.49,0.95,1,-1,-1
33,6,511.55,235.74,20.63,44.60,0.90,1,-1,-1
33,7,585.81,242.72,16.86,37.45,0.86,1,-1,-1
33,9,64.43,224.17,15.29,38.98,0.82,1,-1,-1
33,10,147.08,224.00,46.27,102.98,0.93,1,-1,-1
33,11,32.37,225.19,3.08,5.96,0.50,1,-1,-1
34,1,187.29,219.57,36.26,104.34,0.91,1,-1,-1
34,2,291.02,200.68,104.40,195.92,0.92,1,-1,-1
34,3,380.80,225.70,51.95,125.62,0.92,1,-1,-1
34,4,74.42,215.83,36.51,105.19,0.92,1,-1,-1
34,6,514.90,235.23,19.35,45.11,0.91,1,-1,-1
34,7,587.48,243.23,17.25,36.60,0.85,1,-1,-1
34,9,65.30,225.19,15.71,39.66,0.81,1,-1,-1
34,10,148.20,223.83,41.49,103.32,0.93,1,-1,-1
34,11,32.78,225.02,3.14,5.96,0.63,1,-1,-1
35,1,187.63,218.55,37.45,105.53,0.92,1,-1,-1
35,2,292.87,197.11,106.13,203.23,0.93,1,-1,-1
35,3,385.43,228.43,53.89,126.30,0.94,1,-1,-1
35,4,78.04,216.68,34.52,106.55,0.92,1,-1,-1
35,6,521.65,234.55,16.35,45.96,0.90,1,-1,-1
35,7,589.16,242.38,17.96,37.79,0.84,1,-1,-1
35,9,67.53,224.85,14.05,39.32,0.81,1,-1,-1
35,10,149.40,223.66,39.42,103.49,0.94,1,-1,-1
35,11,32.91,225.19,3.18,5.79,0.67,1,-1,-1
36,1,188.14,217.87,37.96,105.19,0.93,1,-1,-1
36,2,325.96,192.34,78.92,212.42,0.88,1,-1,-1
36,3,407.35,224.17,40.22,131.91,0.92,1,-1,-1
36,4,80.50,213.79,34.50,109.96,0.94,1,-1,-1
36,6,524.77,235.40,19.62,45.45,0.92,1,-1,-1
36,7,595.87,240.68,14.35,38.64,0.88,1,-1,-1
36,9,69.24,224.17,12.62,38.98,0.83,1,-1,-1
36,10,150.76,224.34,39.57,103.49,0.93,1,-1,-1
36,11,33.15,225.87,2.82,4.94,0.44,1,-1,-1
37,1,193.32,218.38,35.40,107.74,0.86,1,-1,-1
37,2,356.32,186.21,70.74,227.74,0.86,1,-1,-1
37,3,419.72,223.32,54.47,132.77,0.94,1,-1,-1
37,4,80.77,213.11,35.93,112.00,0.94,1,-1,-1
37,6,526.47,236.26,23.34,44.77,0.92,1,-1,-1
37,7,600.02,240.34,14.53,36.60,0.84,1,-1,-1
37,9,70.14,225.02,13.78,40.51,0.85,1,-1,-1
37,10,154.08,224.68,40.83,104.51,0.90,1,-1,-1
37,11,33.30,226.04,2.88,4.94,0.45,1,-1,-1
38,1,194.59,221.96,43.02,108.94,0.85,1,-1,-1
38,2,366.80,193.70,102.32,224.34,0.90,1,-1,-1
38,3,422.59,227.40,71.77,134.13,0.89,1,-1,-1
38,4,80.98,214.47,37.07,114.04,0.94,1,-1,-1
38,6,530.48,235.40,20.74,46.13,0.91,1,-1,-1
38,7,600.72,241.53,17.54,37.62,0.87,1,-1,-1
38,9,71.89,224.85,13.25,42.21,0.66,1,-1,-1
38,10,156.60,224.51,39.18,104.51,0.92,1,-1,-1
38,11,33.20,225.20,3.14,5.61,0.50,1,-1,-1
39,1,196.94,222.30,41.89,108.60,0.89,1,-1,-1
39,2,371.55,202.55,105.38,221.62,0.93,1,-1,-1
39,3,446.98,227.57,52.13,135.66,0.81,1,-1,-1
39,4,81.61,215.83,37.55,117.11,0.93,1,-1,-1
39,6,535.57,235.06,19.02,46.81,0.91,1,-1,-1
39,7,603.03,241.36,17.00,38.30,0.84,1,-1,-1
39,9,72.66,223.83,13.28,42.55,0.68,1,-1,-1
39,10,159.07,224.00,40.08,105.19,0.93,1,-1,-1
39,11,33.29,225.50,2.99,5.46,0.37,1,-1,-1
40,1,198.32,219.57,44.72,111.66,0.92,1,-1,-1
40,2,405.03,187.58,78.74,240.68,0.86,1,-1,-1
40,3,469.32,223.83,38.65,139.74,0.82,1,-1,-1
40,4,81.87,214.64,38.55,118.64,0.93,1,-1,-1
40,6,538.67,235.57,20.28,46.30,0.87,1,-1,-1
40,7,609.40,240.51,13.40,38.13,0.84,1,-1,-1
40,9,72.69,224.51,14.15,42.72,0.83,1,-1,-1
40,10,160.51,224.34,40.34,104.68,0.94,1,-1,-1
41,1,208.44,218.04,39.06,113.02,0.93,1,-1,-1
41,2,433.07,178.05,91.81,250.21,0.87,1,-1,-1
41,3,477.04,215.85,44.99,152.61,0.31,1,-1,-1
41,4,80.90,211.92,41.21,121.36,0.93,1,-1,-1
41,6,542.42,236.77,22.28,45.96,0.86,1,-1,-1
41,7,612.54,240.51,13.57,38.98,0.84,1,-1,-1
41,9,73.03,225.19,14.83,43.06,0.80,1,-1,-1
41,10,161.70,224.34,42.20,107.57,0.94,1,-1,-1
42,1,213.20,218.21,36.66,113.02,0.90,1,-1,-1
42,2,444.18,175.32,99.43,251.58,0.88,1,-1,-1
42,4,82.83,212.43,40.31,123.74,0.93,1,-1,-1
42,6,545.07,237.28,21.05,45.96,0.88,1,-1,-1
42,7,614.30,241.19,15.46,38.64,0.82,1,-1,-1
42,9,73.73,225.02,14.92,43.40,0.80,1,-1,-1
42,10,162.80,224.68,44.65,109.28,0.95,1,-1,-1
43,1,216.09,218.89,37.15,118.47,0.90,1,-1,-1
43,2,446.05,181.45,139.09,248.85,0.92,1,-1,-1
43,4,84.75,216.00,40.93,124.77,0.94,1,-1,-1
43,5,547.80,240.51,12.54,39.15,0.68,1,-1,-1
43,6,554.34,235.92,15.38,47.15,0.81,1,-1,-1
43,7,617.39,241.58,15.04,37.25,0.24,1,-1,-1
43,9,74.87,223.83,16.61,42.89,0.85,1,-1,-1
43,10,164.84,225.87,47.02,109.45,0.95,1,-1,-1
44,1,219.76,220.25,33.71,118.81,0.86,1,-1,-1
44,2,452.84,178.89,137.03,252.77,0.91,1,-1,-1
44,4,86.23,216.51,42.75,129.02,0.93,1,-1,-1
44,9,76.09,225.36,15.23,42.72,0.81,1,-1,-1
44,10,166.02,225.87,48.22,110.47,0.95,1,-1,-1
45,1,223.75,220.26,35.38,120.85,0.86,1,-1,-1
45,2,494.26,177.02,109.76,258.04,0.80,1,-1,-1
45,4,90.42,212.94,43.31,133.28,0.94,1,-1,-1
45,9,77.35,225.36,14.29,43.23,0.85,1,-1,-1
45,10,167.29,225.02,47.80,111.83,0.95,1,-1,-1
45,12,625.76,240.00,13.56,13.96,0.71,1,-1,-1
46,1,227.46,219.23,36.26,122.04,0.90,1,-1,-1
46,2,526.18,179.23,87.98,197.65,0.86,1,-1,-1
46,4,92.80,210.38,45.84,138.55,0.95,1,-1,-1
46,9,78.40,224.00,15.73,45.79,0.85,1,-1,-1
46,10,168.47,224.68,47.97,112.00,0.94,1,-1,-1
47,1,231.02,217.87,36.94,122.55,0.92,1,-1,-1
47,2,540.97,176.51,105.83,262.49,0.65,1,-1,-1
47,4,94.83,213.62,47.71,140.77,0.95,1,-1,-1
47,9,79.55,222.81,16.87,47.49,0.84,1,-1,-1
47,10,170.42,225.19,48.39,113.53,0.94,1,-1,-1
48,1,233.75,218.21,40.63,124.60,0.91,1,-1,-1
48,2,561.73,180.42,78.93,255.67,0.79,1,-1,-1
48,4,96.78,212.94,48.56,143.15,0.95,1,-1,-1
48,9,80.37,223.49,16.50,47.49,0.85,1,-1,-1
48,10,173.07,225.53,53.18,114.21,0.94,1,-1,-1
49,1,237.99,219.40,46.73,128.00,0.93,1,-1,-1
49,2,592.19,220.59,47.48,157.29,0.92,1,-1,-1
49,4,99.92,211.06,51.18,148.43,0.96,1,-1,-1
49,5,566.10,240.68,12.88,38.47,0.87,1,-1,-1
49,6,577.29,237.11,17.28,47.66,0.86,1,-1,-1
49,9,81.58,224.51,15.64,47.66,0.84,1,-1,-1
49,10,179.64,226.38,48.68,116.77,0.95,1,-1,-1
50,1,241.68,218.04,45.11,131.23,0.94,1,-1,-1
50,2,594.25,229.79,45.07,148.09,0.88,1,-1,-1
50,4,102.46,206.64,52.63,151.83,0.95,1,-1,-1
50,5,565.85,241.70,16.77,38.13,0.85,1,-1,-1
50,6,578.71,237.96,19.52,46.13,0.85,1,-1,-1
50,8,101.23,220.77,14.31,34.05,0.54,1,-1,-1
50,9,82.08,223.66,16.05,48.51,0.86,1,-1,-1
50,10,185.76,225.70,47.47,117.79,0.95,1,-1,-1
51,1,247.46,216.51,45.59,132.43,0.93,1,-1,-1
51,2,601.74,225.72,38.60,152.49,0.60,1,-1,-1
51,4,107.61,206.13,52.06,156.77,0.93,1,-1,-1
51,5,566.88,242.72,20.14,39.32,0.82,1,-1,-1
51,6,586.30,238.30,14.86,41.37,0.78,1,-1,-1
51,8,102.48,219.74,14.95,51.23,0.83,1,-1,-1
51,9,83.62,223.32,14.88,48.85,0.86,1,-1,-1
51,10,188.65,224.85,50.49,118.64,0.94,1,-1,-1
52,1,250.18,216.17,47.61,133.45,0.93,1,-1,-1
52,4,111.67,209.19,65.22,161.19,0.93,1,-1,-1
52,5,575.75,242.55,14.25,35.58,0.80,1,-1,-1
52,8,103.59,219.74,16.81,52.26,0.87,1,-1,-1
52,9,83.67,224.51,15.80,47.83,0.87,1,-1,-1
52,10,192.21,224.68,53.89,121.36,0.95,1,-1,-1
53,1,251.19,216.34,50.16,139.06,0.92,1,-1,-1
53,4,120.37,205.62,57.30,166.81,0.93,1,-1,-1
53,5,577.97,242.04,15.24,37.78,0.74,1,-1,-1
53,8,104.73,220.60,15.63,51.41,0.87,1,-1,-1
53,9,84.75,224.51,15.76,47.83,0.87,1,-1,-1
53,10,194.58,225.19,58.97,123.40,0.96,1,-1,-1
54,1,252.05,217.87,52.86,141.28,0.93,1,-1,-1
54,4,131.50,201.53,53.62,172.60,0.93,1,-1,-1
54,8,106.09,220.94,15.11,52.09,0.87,1,-1,-1
54,9,85.89,222.98,16.06,49.19,0.87,1,-1,-1
54,10,196.44,226.04,60.17,126.64,0.93,1,-1,-1
55,1,253.56,218.72,54.06,142.81,0.93,1,-1,-1
55,4,136.63,199.83,60.13,174.64,0.95,1,-1,-1
55,8,106.44,220.43,15.34,52.77,0.88,1,-1,-1
55,9,86.86,221.96,16.61,50.89,0.87,1,-1,-1
55,10,198.13,225.70,58.32,126.98,0.94,1,-1,-1
56,1,255.42,217.36,54.91,144.51,0.93,1,-1,-1
56,4,145.64,200.85,67.70,176.34,0.92,1,-1,-1
56,8,107.47,219.06,16.50,54.47,0.87,1,-1,-1
56,9,86.63,223.32,18.26,50.04,0.90,1,-1,-1
56,10,206.34,224.34,49.02,128.34,0.90,1,-1,-1
56,11,39.54,224.17,3.65,5.79,0.55,1,-1,-1
57,1,256.95,216.51,54.75,144.34,0.94,1,-1,-1
57,4,156.74,200.34,68.90,186.72,0.88,1,-1,-1
57,8,108.73,218.89,17.19,55.66,0.88,1,-1,-1
57,9,87.45,224.00,18.07,51.57,0.89,1,-1,-1
57,10,213.33,224.51,42.66,128.17,0.91,1,-1,-1
57,11,39.66,224.17,3.99,5.79,0.60,1,-1,-1
58,1,258.94,215.15,53.98,149.11,0.88,1,-1,-1
58,4,169.04,199.83,62.75,188.94,0.81,1,-1,-1
58,8,110.01,220.08,17.44,54.30,0.90,1,-1,-1
58,9,88.38,222.64,17.32,52.60,0.89,1,-1,-1
58,10,218.26,224.68,40.42,130.38,0.75,1,-1,-1
58,11,39.89,225.19,3.72,4.77,0.53,1,-1,-1
59,1,262.18,215.66,51.07,153.70,0.92,1,-1,-1
59,4,183.47,194.39,69.45,197.10,0.67,1,-1,-1
59,8,111.36,219.91,18.29,55.49,0.87,1,-1,-1
59,9,89.06,221.62,17.05,53.79,0.89,1,-1,-1
59,10,223.89,225.70,37.47,131.74,0.61,1,-1,-1
59,11,39.97,225.36,3.63,4.60,0.55,1,-1,-1
60,1,265.24,214.64,49.69,157.79,0.93,1,-1,-1
60,4,195.46,199.49,85.01,192.68,0.89,1,-1,-1
60,8,113.87,218.21,17.17,57.19,0.88,1,-1,-1
60,9,90.02,223.49,17.68,52.09,0.88,1,-1,-1
60,11,40.01,224.35,4.96,5.61,0.42,1,-1,-1
61,1,260.13,213.28,56.52,157.11,0.76,1,-1,-1
61,4,204.77,205.62,101.13,189.28,0.90,1,-1,-1
61,8,115.09,217.70,17.95,58.38,0.89,1,-1,-1
61,9,91.10,223.83,17.71,52.09,0.87,1,-1,-1
61,11,40.04,223.83,5.10,6.46,0.52,1,-1,-1
62,1,267.61,212.09,52.04,159.32,0.56,1,-1,-1
62,4,207.16,202.55,110.09,199.83,0.90,1,-1,-1
62,8,116.20,218.72,18.28,57.36,0.88,1,-1,-1
62,9,92.37,222.30,18.14,53.45,0.87,1,-1,-1
62,11,40.48,223.66,4.70,6.81,0.59,1,-1,-1
63,4,215.40,192.85,104.29,212.25,0.88,1,-1,-1
63,8,116.70,219.23,18.38,56.51,0.87,1,-1,-1
63,9,93.96,220.94,17.58,55.66,0.88,1,-1,-1
63,10,217.89,223.49,47.11,150.29,0.73,1,-1,-1
63,11,40.99,224.16,4.20,5.98,0.40,1,-1,-1
64,4,261.27,183.15,68.46,223.32,0.84,1,-1,-1
64,8,118.28,219.06,17.85,58.55,0.86,1,-1,-1
64,9,93.75,221.45,18.78,56.00,0.88,1,-1,-1
64,10,218.74,224.34,51.49,139.24,0.88,1,-1,-1
64,11,41.57,224.14,4.55,7.36,0.27,1,-1,-1
65,4,283.76,199.14,80.26,214.82,0.84,1,-1,-1
65,8,119.49,218.38,18.13,59.40,0.88,1,-1,-1
65,9,94.73,223.15,17.83,55.49,0.86,1,-1,-1
65,10,218.49,225.36,56.41,140.60,0.94,1,-1,-1
65,11,42.44,223.84,3.99,7.98,0.39,1,-1,-1
66,1,279.34,210.55,46.75,193.18,0.72,1,-1,-1
66,4,284.59,200.00,113.69,216.34,0.90,1,-1,-1
66,8,121.68,217.70,17.65,60.60,0.89,1,-1,-1
66,9,96.28,222.98,18.13,55.83,0.85,1,-1,-1
66,10,216.64,225.36,62.98,140.94,0.93,1,-1,-1
66,11,41.84,223.32,5.64,18.16,0.52,1,-1,-1
67,1,280.09,214.81,51.17,156.95,0.86,1,-1,-1
67,4,293.95,202.21,121.60,219.91,0.91,1,-1,-1
67,8,122.47,218.55,18.53,60.26,0.88,1,-1,-1
67,9,96.27,221.28,18.73,57.87,0.85,1,-1,-1
67,10,214.58,224.17,64.57,142.13,0.95,1,-1,-1
67,11,42.35,223.83,4.91,17.88,0.55,1,-1,-1
68,1,281.70,211.75,53.04,161.70,0.90,1,-1,-1
68,4,324.19,185.87,105.52,242.72,0.92,1,-1,-1
68,8,123.57,218.89,19.30,59.75,0.89,1,-1,-1
68,9,97.84,221.45,17.02,58.21,0.86,1,-1,-1
68,10,212.71,224.34,64.74,141.96,0.96,1,-1,-1
68,11,42.51,224.68,4.62,17.03,0.52,1,-1,-1
69,1,284.07,212.43,52.89,162.04,0.91,1,-1,-1
69,4,359.09,180.09,76.05,245.45,0.92,1,-1,-1
69,8,125.76,218.72,19.33,61.45,0.91,1,-1,-1
69,9,98.49,222.47,17.52,57.36,0.88,1,-1,-1
69,10,213.21,224.34,60.87,142.30,0.95,1,-1,-1
69,11,42.60,224.68,4.49,17.37,0.47,1,-1,-1
70,1,283.90,211.91,53.73,164.26,0.92,1,-1,-1
70,4,373.81,182.81,127.63,246.81,0.93,1,-1,-1
70,8,128.54,217.19,18.68,63.15,0.88,1,-1,-1
70,9,99.25,222.13,18.88,59.74,0.88,1,-1,-1
70,10,216.76,223.15,56.14,144.51,0.95,1,-1,-1
70,11,42.74,223.67,4.96,19.06,0.45,1,-1,-1
71,1,284.74,211.40,52.90,164.77,0.91,1,-1,-1
71,4,376.43,187.91,145.10,243.07,0.91,1,-1,-1
71,8,129.75,216.68,19.48,64.34,0.88,1,-1,-1
71,9,100.24,220.77,18.75,61.11,0.87,1,-1,-1
71,10,218.98,223.32,55.93,144.34,0.95,1,-1,-1
71,11,42.70,223.49,5.05,19.24,0.49,1,-1,-1
71,13,95.68,226.38,4.75,14.64,0.75,1,-1,-1
72,1,284.08,211.06,53.88,165.79,0.90,1,-1,-1
72,4,391.45,189.28,136.42,240.68,0.90,1,-1,-1
72,8,131.78,217.87,19.23,62.64,0.89,1,-1,-1
72,9,101.63,220.09,20.14,62.13,0.88,1,-1,-1
72,10,221.36,223.32,56.61,144.34,0.94,1,-1,-1
72,11,43.07,223.83,5.02,19.07,0.46,1,-1,-1
72,13,96.02,226.55,4.82,14.64,0.73,1,-1,-1
73,1,283.05,211.91,53.89,165.28,0.90,1,-1,-1
73,4,450.37,181.45,90.78,248.17,0.86,1,-1,-1
73,8,132.96,218.04,19.50,64.17,0.89,1,-1,-1
73,9,103.07,220.94,21.74,61.96,0.90,1,-1,-1
73,10,224.74,222.64,56.45,144.68,0.91,1,-1,-1
73,11,43.29,224.67,5.31,19.41,0.45,1,-1,-1
73,13,96.60,226.38,4.76,14.81,0.77,1,-1,-1
74,1,282.04,212.09,54.23,165.11,0.91,1,-1,-1
74,4,481.79,176.34,79.47,258.72,0.88,1,-1,-1
74,8,135.46,217.36,18.23,66.21,0.85,1,-1,-1
74,9,104.31,221.79,21.38,62.81,0.88,1,-1,-1
74,10,226.27,222.98,55.77,145.02,0.92,1,-1,-1
74,11,43.54,224.17,5.38,19.92,0.42,1,-1,-1
74,13,96.71,226.38,5.06,14.98,0.76,1,-1,-1
75,1,281.69,211.91,53.23,165.62,0.93,1,-1,-1
75,4,485.27,183.66,121.65,247.66,0.90,1,-1,-1
75,8,137.12,216.17,19.06,67.23,0.90,1,-1,-1
75,9,105.75,221.11,21.12,64.17,0.88,1,-1,-1
75,10,227.44,222.13,53.25,147.57,0.94,1,-1,-1
75,11,43.68,224.03,5.36,20.11,0.30,1,-1,-1
75,13,96.96,226.38,5.24,14.98,0.78,1,-1,-1
76,1,280.85,210.89,53.73,166.64,0.93,1,-1,-1
76,4,493.21,180.09,139.34,253.62,0.86,1,-1,-1
76,8,138.81,216.00,19.41,68.60,0.90,1,-1,-1
76,9,107.10,219.75,20.45,65.19,0.88,1,-1,-1
76,10,228.30,221.96,53.06,149.11,0.94,1,-1,-1
76,11,43.67,224.00,5.33,20.26,0.41,1,-1,-1
76,13,97.61,226.55,4.87,14.81,0.75,1,-1,-1
77,1,279.00,212.08,56.23,163.75,0.93,1,-1,-1
77,4,535.20,178.72,105.85,257.70,0.81,1,-1,-1
77,8,140.86,217.19,20.07,68.77,0.89,1,-1,-1
77,9,109.07,221.11,20.09,64.51,0.89,1,-1,-1
77,10,228.81,221.96,52.71,148.77,0.94,1,-1,-1
77,11,43.76,225.19,5.41,21.11,0.61,1,-1,-1
77,13,98.30,226.55,4.75,14.47,0.72,1,-1,-1
78,1,277.97,212.43,56.94,162.72,0.93,1,-1,-1
78,4,582.57,174.64,59.59,263.15,0.71,1,-1,-1
78,8,142.64,217.19,20.75,68.60,0.89,1,-1,-1
78,9,110.10,221.11,21.25,65.87,0.88,1,-1,-1
78,10,228.64,221.96,52.71,148.43,0.93,1,-1,-1
78,11,43.57,225.36,5.62,21.62,0.60,1,-1,-1
78,13,98.64,226.21,4.67,14.47,0.75,1,-1,-1
79,1,277.12,215.15,55.09,157.96,0.91,1,-1,-1
79,4,596.24,219.58,42.89,217.88,0.58,1,-1,-1
79,8,144.49,216.51,20.69,69.79,0.89,1,-1,-1
79,9,112.03,220.94,21.44,66.55,0.89,1,-1,-1
79,10,228.64,221.96,52.54,148.09,0.92,1,-1,-1
79,11,43.65,225.02,5.59,21.45,0.50,1,-1,-1
79,13,99.05,226.38,4.36,14.30,0.73,1,-1,-1
80,1,272.55,213.62,55.93,159.83,0.90,1,-1,-1
80,8,147.95,215.83,20.03,71.32,0.89,1,-1,-1
80,9,114.66,218.89,22.87,70.13,0.90,1,-1,-1
80,10,227.96,221.45,51.88,148.94,0.93,1,-1,-1
80,11,44.39,224.51,4.52,16.71,0.49,1,-1,-1
80,13,99.33,226.72,4.64,14.64,0.77,1,-1,-1
81,1,270.52,214.98,56.08,158.81,0.85,1,-1,-1
81,8,149.92,215.83,20.58,71.32,0.89,1,-1,-1
81,9,116.29,220.08,25.04,68.77,0.91,1,-1,-1
81,10,229.32,220.60,52.37,150.47,0.89,1,-1,-1
81,11,44.62,224.68,4.45,16.51,0.50,1,-1,-1
81,13,99.58,226.72,4.75,14.98,0.79,1,-1,-1
82,1,267.34,215.15,57.52,158.30,0.83,1,-1,-1
82,8,152.71,217.70,20.44,72.68,0.89,1,-1,-1
82,9,118.47,219.91,25.68,70.47,0.92,1,-1,-1
82,10,231.30,221.28,50.11,149.11,0.83,1,-1,-1
82,11,44.27,224.46,4.92,18.79,0.26,1,-1,-1
82,13,99.67,226.55,4.99,15.32,0.77,1,-1,-1
83,1,259.36,216.85,62.48,156.26,0.82,1,-1,-1
83,8,156.69,217.19,20.09,72.17,0.88,1,-1,-1
83,9,121.69,220.26,25.85,71.49,0.91,1,-1,-1
83,10,237.41,220.94,42.81,148.43,0.83,1,-1,-1
83,13,100.09,226.72,5.16,15.49,0.78,1,-1,-1
84,1,246.04,217.53,74.04,155.57,0.85,1,-1,-1
84,8,159.66,215.83,20.68,74.55,0.91,1,-1,-1
84,9,123.96,219.23,22.68,72.17,0.92,1,-1,-1
84,10,240.64,220.26,39.23,148.77,0.77,1,-1,-1
84,13,100.61,226.55,5.14,14.81,0.76,1,-1,-1
85,1,245.08,218.21,73.58,155.23,0.84,1,-1,-1
85,8,162.40,216.17,23.66,75.40,0.90,1,-1,-1
85,9,126.71,220.77,24.81,71.83,0.93,1,-1,-1
85,10,241.30,220.94,38.08,148.09,0.76,1,-1,-1
85,13,100.93,226.72,5.25,14.98,0.80,1,-1,-1
86,1,248.49,218.89,69.80,154.21,0.79,1,-1,-1
86,8,163.32,217.19,25.66,78.30,0.91,1,-1,-1
86,9,129.06,221.45,24.09,73.19,0.92,1,-1,-1
86,10,240.67,221.45,37.65,147.58,0.79,1,-1,-1
86,13,101.10,226.55,5.26,15.15,0.81,1,-1,-1
87,1,257.35,219.57,60.88,153.53,0.83,1,-1,-1
87,8,165.01,217.19,25.84,77.11,0.91,1,-1,-1
87,9,131.85,221.11,23.24,74.21,0.91,1,-1,-1
87,10,239.50,220.60,38.30,149.79,0.83,1,-1,-1
87,13,101.52,226.38,5.26,15.32,0.81,1,-1,-1
88,1,250.49,220.43,67.33,152.68,0.86,1,-1,-1
88,8,170.47,216.34,22.79,77.96,0.90,1,-1,-1
88,9,134.99,219.06,23.15,75.91,0.91,1,-1,-1
88,10,239.83,220.94,38.30,149.45,0.81,1,-1,-1
88,13,101.86,226.21,5.02,15.32,0.81,1,-1,-1
89,1,249.51,220.26,68.77,152.85,0.88,1,-1,-1
89,8,175.25,215.66,22.22,78.98,0.91,1,-1,-1
89,9,137.82,218.89,27.92,77.11,0.93,1,-1,-1
89,10,240.47,220.94,37.36,149.45,0.81,1,-1,-1
89,13,102.13,226.21,5.15,15.15,0.80,1,-1,-1
90,1,248.84,220.60,69.94,152.51,0.86,1,-1,-1
90,8,177.47,216.51,23.71,81.87,0.88,1,-1,-1
90,9,141.10,220.26,28.39,78.47,0.92,1,-1,-1
90,10,240.40,220.94,38.53,149.11,0.79,1,-1,-1
90,13,102.37,226.55,5.09,15.32,0.80,1,-1,-1
91,1,248.51,220.60,70.95,152.51,0.83,1,-1,-1
91,8,180.67,217.87,22.72,80.51,0.92,1,-1,-1
91,9,144.33,220.43,29.40,79.49,0.92,1,-1,-1
91,10,240.18,220.94,38.79,149.11,0.77,1,-1,-1
91,13,102.65,226.55,5.47,15.32,0.79,1,-1,-1
92,1,249.97,220.43,70.23,152.68,0.82,1,-1,-1
92,8,184.39,216.85,21.89,82.55,0.90,1,-1,-1
92,9,148.04,218.21,28.24,81.53,0.93,1,-1,-1
92,10,239.86,220.60,39.59,149.45,0.79,1,-1,-1
92,13,103.14,226.04,5.67,15.66,0.78,1,-1,-1
93,1,250.67,220.60,69.85,152.51,0.82,1,-1,-1
93,8,187.29,215.66,22.54,83.74,0.90,1,-1,-1
93,9,150.85,219.74,27.63,81.19,0.93,1,-1,-1
93,10,239.32,220.94,39.34,149.11,0.79,1,-1,-1
93,11,51.05,223.32,5.45,23.32,0.56,1,-1,-1
93,13,103.72,226.04,5.37,15.49,0.77,1,-1,-1
94,1,247.58,219.07,73.49,154.04,0.80,1,-1,-1
94,8,189.50,216.34,24.05,84.09,0.93,1,-1,-1
94,9,153.23,221.11,29.80,81.87,0.92,1,-1,-1
94,10,238.83,221.79,36.58,148.26,0.76,1,-1,-1
94,11,51.26,222.47,5.88,25.70,0.58,1,-1,-1
94,13,103.76,226.21,5.88,15.32,0.78,1,-1,-1
95,1,252.78,218.89,69.19,154.55,0.76,1,-1,-1
95,8,190.54,217.70,29.09,86.30,0.92,1,-1,-1
95,9,157.94,220.09,25.81,84.26,0.93,1,-1,-1
95,10,239.02,221.96,37.04,147.41,0.76,1,-1,-1
95,11,51.45,223.32,6.33,24.18,0.62,1,-1,-1
95,13,104.07,226.38,6.02,15.83,0.81,1,-1,-1
96,1,265.97,218.89,56.53,154.89,0.78,1,-1,-1
96,8,191.86,217.70,28.82,86.30,0.92,1,-1,-1
96,9,161.19,217.87,27.28,85.96,0.93,1,-1,-1
96,10,238.66,222.30,40.48,148.08,0.76,1,-1,-1
96,11,51.44,224.00,6.66,25.70,0.66,1,-1,-1
96,13,104.24,226.38,6.10,16.00,0.80,1,-1,-1
97,1,270.41,216.34,52.23,158.81,0.87,1,-1,-1
97,8,196.77,216.68,28.15,86.81,0.92,1,-1,-1
97,9,165.78,218.38,30.99,87.49,0.94,1,-1,-1
97,10,237.55,222.81,42.87,147.23,0.81,1,-1,-1
97,11,51.62,224.17,8.54,26.72,0.75,1,-1,-1
97,13,104.40,225.70,6.28,16.68,0.77,1,-1,-1
98,1,276.50,215.66,47.34,159.49,0.86,1,-1,-1
98,8,205.21,215.49,24.82,90.21,0.91,1,-1,-1
98,9,171.28,220.26,33.45,88.68,0.93,1,-1,-1
98,10,228.02,223.32,54.14,151.49,0.86,1,-1,-1
98,11,52.15,221.96,8.41,29.27,0.76,1,-1,-1
98,13,105.40,225.53,5.81,16.51,0.76,1,-1,-1
99,1,277.96,214.81,47.97,163.06,0.90,1,-1,-1
99,8,210.16,216.00,24.59,91.06,0.89,1,-1,-1
99,9,175.92,218.72,31.89,90.38,0.93,1,-1,-1
99,10,224.52,222.98,50.96,152.85,0.88,1,-1,-1
99,11,51.84,222.13,10.30,29.62,0.81,1,-1,-1
99,13,105.69,225.70,6.16,16.85,0.78,1,-1,-1
100,1,275.47,213.79,53.97,164.77,0.91,1,-1,-1
100,8,211.91,217.53,26.69,87.83,0.88,1,-1,-1
100,9,179.12,217.53,27.19,92.26,0.92,1,-1,-1
100,10,223.17,219.75,49.77,158.13,0.87,1,-1,-1
100,11,51.97,222.47,10.64,29.11,0.81,1,-1,-1
100,13,105.84,225.70,6.11,17.02,0.80,1,-1,-1
101,1,276.63,213.45,56.91,165.79,0.92,1,-1,-1
101,8,216.83,215.49,22.61,88.17,0.75,1,-1,-1
101,9,182.25,219.57,33.63,91.40,0.92,1,-1,-1
101,10,219.04,218.55,52.61,159.32,0.86,1,-1,-1
101,11,53.07,222.81,10.27,29.62,0.78,1,-1,-1
101,13,106.19,225.70,6.02,16.68,0.80,1,-1,-1
102,1,278.65,211.74,58.30,167.15,0.93,1,-1,-1
102,8,220.88,215.32,22.13,95.44,0.41,1,-1,-1
102,9,185.91,220.60,32.58,93.11,0.89,1,-1,-1
102,10,220.98,218.38,50.25,159.49,0.88,1,-1,-1
102,11,53.61,222.13,9.94,30.47,0.78,1,-1,-1
102,13,106.44,225.53,6.19,17.36,0.80,1,-1,-1
103,1,279.15,210.72,57.81,168.85,0.94,1,-1,-1
103,9,189.64,219.92,31.22,93.79,0.90,1,-1,-1
103,10,216.65,219.91,51.29,157.28,0.86,1,-1,-1
103,11,53.96,221.62,10.38,30.30,0.78,1,-1,-1
103,13,106.78,225.70,6.18,17.02,0.78,1,-1,-1
104,1,281.17,210.38,54.95,169.19,0.92,1,-1,-1
104,9,197.44,217.36,29.87,96.51,0.91,1,-1,-1
104,10,208.90,221.62,58.13,156.26,0.89,1,-1,-1
104,11,54.49,221.96,11.14,29.62,0.79,1,-1,-1
104,13,107.13,226.04,6.33,16.51,0.81,1,-1,-1
104,14,234.58,217.36,20.00,31.32,0.75,1,-1,-1
105,1,282.87,210.04,53.41,169.87,0.92,1,-1,-1
105,9,202.44,218.55,32.24,96.17,0.85,1,-1,-1
105,10,210.45,222.98,61.64,157.62,0.82,1,-1,-1
105,11,55.17,222.64,11.06,29.62,0.81,1,-1,-1
105,13,107.21,226.04,6.52,16.68,0.82,1,-1,-1
105,14,239.66,217.70,26.78,30.64,0.79,1,-1,-1
106,1,284.57,211.06,52.05,168.51,0.92,1,-1,-1
106,9,206.62,220.60,33.38,98.38,0.89,1,-1,-1
106,10,218.06,223.49,57.44,158.47,0.87,1,-1,-1
106,11,55.84,222.81,11.06,29.79,0.80,1,-1,-1
106,13,107.63,225.87,6.77,16.85,0.81,1,-1,-1
106,14,249.16,216.51,24.53,37.26,0.47,1,-1,-1
107,1,286.60,209.70,51.20,169.53,0.92,1,-1,-1
107,9,211.98,220.26,30.28,97.36,0.86,1,-1,-1
107,10,216.16,222.98,62.09,160.34,0.89,1,-1,-1
107,11,57.07,221.45,10.22,31.32,0.83,1,-1,-1
107,13,108.29,225.53,6.39,17.19,0.82,1,-1,-1
107,14,256.28,215.32,20.15,43.06,0.64,1,-1,-1
108,1,288.48,209.70,51.35,169.19,0.91,1,-1,-1
108,9,216.86,217.53,29.68,102.12,0.80,1,-1,-1
108,10,221.65,219.92,60.59,162.72,0.88,1,-1,-1
108,11,57.06,221.28,10.92,30.64,0.84,1,-1,-1
108,13,108.81,225.70,6.28,17.02,0.79,1,-1,-1
108,14,265.07,215.49,16.97,46.64,0.61,1,-1,-1
109,1,288.65,210.04,52.19,168.51,0.91,1,-1,-1
109,9,219.82,218.55,29.67,103.15,0.86,1,-1,-1
109,10,229.48,217.53,61.20,165.11,0.83,1,-1,-1
109,11,57.72,221.96,11.14,30.81,0.85,1,-1,-1
109,13,109.16,226.04,6.34,16.68,0.77,1,-1,-1
109,14,268.41,216.54,17.95,50.58,0.34,1,-1,-1
110,1,287.49,210.38,54.69,168.17,0.90,1,-1,-1
110,9,223.63,220.76,29.36,100.44,0.64,1,-1,-1
110,10,223.85,218.55,70.95,169.53,0.82,1,-1,-1
110,11,57.81,222.64,12.17,31.32,0.86,1,-1,-1
110,13,109.65,226.21,6.12,16.51,0.76,1,-1,-1
110,15,634.92,250.72,3.39,9.87,0.71,1,-1,-1
111,1,296.37,210.21,46.76,167.66,0.91,1,-1,-1
111,10,228.14,218.89,65.58,168.17,0.82,1,-1,-1
111,11,58.20,221.96,11.90,32.17,0.84,1,-1,-1
111,13,109.92,226.04,6.34,16.68,0.77,1,-1,-1
111,15,634.90,250.72,3.09,9.70,0.61,1,-1,-1
112,1,295.27,211.06,47.59,166.81,0.88,1,-1,-1
112,10,238.09,217.19,53.49,170.55,0.87,1,-1,-1
112,11,58.95,220.60,12.82,33.53,0.85,1,-1,-1
112,13,110.35,225.70,6.84,17.36,0.80,1,-1,-1
112,15,634.60,250.72,3.01,9.19,0.49,1,-1,-1
113,1,284.51,211.40,58.26,167.15,0.90,1,-1,-1
113,8,279.43,217.02,30.45,105.70,0.56,1,-1,-1
113,10,238.29,217.53,51.22,170.21,0.92,1,-1,-1
113,11,58.74,220.77,13.49,33.53,0.86,1,-1,-1
113,13,110.92,225.87,6.47,17.36,0.80,1,-1,-1
113,15,634.22,250.38,3.09,10.04,0.67,1,-1,-1
114,1,283.90,210.04,58.14,167.15,0.89,1,-1,-1
114,10,234.78,216.68,56.37,171.06,0.92,1,-1,-1
114,11,58.57,222.47,15.11,31.66,0.86,1,-1,-1
114,13,111.19,226.04,6.52,17.36,0.82,1,-1,-1
114,15,634.24,250.38,3.04,9.70,0.63,1,-1,-1
115,1,282.56,211.06,59.13,166.13,0.91,1,-1,-1
115,10,234.09,216.00,59.96,171.74,0.92,1,-1,-1
115,11,58.40,222.98,15.75,31.83,0.88,1,-1,-1
115,13,111.61,226.21,6.53,17.53,0.81,1,-1,-1
115,15,633.93,250.55,3.32,9.53,0.67,1,-1,-1
116,1,291.57,210.72,49.74,166.47,0.89,1,-1,-1
116,9,270.90,216.51,31.74,120.68,0.59,1,-1,-1
116,10,233.38,214.13,59.35,174.30,0.91,1,-1,-1
116,11,60.16,221.28,14.05,34.21,0.87,1,-1,-1
116,13,111.88,226.04,6.84,17.53,0.81,1,-1,-1
116,15,633.57,250.55,3.38,9.53,0.64,1,-1,-1
117,1,289.51,210.38,51.83,168.85,0.89,1,-1,-1
117,9,274.84,215.49,28.81,121.19,0.69,1,-1,-1
117,10,231.18,214.47,58.32,173.62,0.91,1,-1,-1
117,11,61.33,220.77,12.71,34.04,0.87,1,-1,-1
117,13,112.28,225.53,6.88,18.04,0.79,1,-1,-1
117,15,633.52,250.38,3.13,9.70,0.63,1,-1,-1
118,1,287.03,209.70,57.29,167.49,0.80,1,-1,-1
118,8,320.47,216.34,32.44,118.47,0.69,1,-1,-1
118,10,228.85,215.15,62.64,172.94,0.92,1,-1,-1
118,11,61.66,221.45,13.32,34.04,0.87,1,-1,-1
118,13,112.97,225.53,6.87,18.04,0.78,1,-1,-1
118,15,633.23,250.21,3.37,10.21,0.67,1,-1,-1
119,1,287.05,210.55,54.56,169.70,0.86,1,-1,-1
119,8,322.59,216.51,34.99,121.19,0.83,1,-1,-1
119,10,229.65,215.32,60.88,172.77,0.91,1,-1,-1
119,11,61.91,222.13,13.55,33.87,0.86,1,-1,-1
119,13,113.23,225.87,6.85,17.53,0.78,1,-1,-1
119,15,633.23,250.38,3.37,9.87,0.65,1,-1,-1
120,1,286.11,210.21,54.90,169.70,0.88,1,-1,-1
120,8,331.29,216.85,32.16,120.00,0.85,1,-1,-1
120,10,231.35,215.15,59.34,172.60,0.93,1,-1,-1
120,11,62.21,221.96,14.35,34.21,0.89,1,-1,-1
120,13,113.64,225.87,6.86,17.53,0.77,1,-1,-1
120,15,632.88,250.21,3.40,10.04,0.47,1,-1,-1
121,1,290.42,210.38,50.35,167.49,0.85,1,-1,-1
121,8,340.52,212.94,34.38,123.91,0.89,1,-1,-1
121,10,232.04,215.15,59.82,172.26,0.93,1,-1,-1
121,11,63.00,220.09,14.35,36.08,0.88,1,-1,-1
121,13,114.07,226.04,6.94,17.36,0.79,1,-1,-1
121,15,632.54,250.38,3.39,10.04,0.44,1,-1,-1
122,1,288.96,210.21,53.78,166.98,0.71,1,-1,-1
122,8,340.85,214.81,48.46,126.47,0.81,1,-1,-1
122,9,319.12,217.36,36.31,130.55,0.64,1,-1,-1
122,10,232.38,215.15,60.84,172.26,0.93,1,-1,-1
122,11,63.61,220.26,14.35,35.06,0.87,1,-1,-1
122,13,114.41,225.87,7.11,17.70,0.77,1,-1,-1
122,15,632.53,250.38,3.40,10.21,0.54,1,-1,-1
123,1,285.13,210.72,55.67,168.85,0.81,1,-1,-1
123,8,343.52,216.51,53.64,134.12,0.76,1,-1,-1
123,9,318.90,219.40,44.09,131.92,0.59,1,-1,-1
123,10,232.38,214.98,62.35,172.43,0.92,1,-1,-1
123,11,63.56,221.79,13.95,34.55,0.87,1,-1,-1
123,13,114.82,225.70,7.05,17.87,0.78,1,-1,-1
123,15,632.22,250.08,3.47,10.63,0.24,1,-1,-1
124,1,288.24,211.06,52.16,167.83,0.86,1,-1,-1
124,8,344.79,216.00,56.86,133.96,0.88,1,-1,-1
124,9,328.34,218.55,44.50,131.07,0.74,1,-1,-1
124,10,232.54,215.32,62.71,172.77,0.90,1,-1,-1
124,11,63.73,222.64,14.14,34.21,0.87,1,-1,-1
124,13,115.34,226.21,6.94,17.36,0.78,1,-1,-1
125,1,288.64,211.23,51.71,167.66,0.87,1,-1,-1
125,8,363.78,213.62,45.31,132.26,0.85,1,-1,-1
125,9,336.72,216.17,41.31,135.83,0.88,1,-1,-1
125,10,232.71,215.15,62.71,172.94,0.92,1,-1,-1
125,11,63.94,222.13,14.41,35.23,0.89,1,-1,-1
125,13,115.93,226.04,7.04,17.70,0.80,1,-1,-1
126,1,288.47,211.91,50.53,166.30,0.89,1,-1,-1
126,8,374.58,212.43,42.70,138.89,0.75,1,-1,-1
126,9,343.15,218.21,53.70,136.17,0.91,1,-1,-1
126,10,232.73,215.15,64.71,172.60,0.91,1,-1,-1
126,11,64.77,220.60,13.86,37.28,0.88,1,-1,-1
126,13,116.35,225.70,7.04,18.04,0.80,1,-1,-1
127,1,287.63,211.06,50.85,167.83,0.90,1,-1,-1
127,8,381.11,212.94,48.97,143.15,0.86,1,-1,-1
127,9,345.81,220.26,60.93,137.19,0.92,1,-1,-1
127,10,232.53,215.15,63.24,172.60,0.91,1,-1,-1
127,11,65.60,220.43,13.30,35.24,0.85,1,-1,-1
127,13,116.86,225.36,7.05,18.38,0.78,1,-1,-1
128,1,287.12,211.74,50.85,167.83,0.89,1,-1,-1
128,8,387.24,214.98,55.34,141.45,0.87,1,-1,-1
128,9,353.07,218.89,55.22,140.60,0.86,1,-1,-1
128,10,232.36,215.15,61.89,172.94,0.91,1,-1,-1
128,11,66.09,221.62,12.83,36.60,0.87,1,-1,-1
128,13,117.37,225.53,6.78,17.70,0.79,1,-1,-1
129,1,286.44,211.23,50.85,168.34,0.87,1,-1,-1
129,8,389.83,214.30,56.62,145.53,0.87,1,-1,-1
129,9,367.77,216.85,47.50,143.32,0.81,1,-1,-1
129,10,232.54,215.15,61.70,172.94,0.92,1,-1,-1
129,11,66.36,222.81,12.62,35.75,0.88,1,-1,-1
129,13,117.38,225.53,7.20,18.55,0.79,1,-1,-1
130,1,285.77,210.72,51.01,168.51,0.81,1,-1,-1
130,8,415.97,212.60,41.94,143.15,0.86,1,-1,-1
130,9,380.61,215.66,45.88,145.87,0.85,1,-1,-1
130,10,232.39,214.98,63.18,173.11,0.89,1,-1,-1
130,11,67.12,222.98,12.76,36.60,0.88,1,-1,-1
130,13,117.71,225.87,7.11,18.21,0.79,1,-1,-1
131,1,277.65,210.72,58.61,168.51,0.85,1,-1,-1
131,8,430.29,211.75,39.74,143.32,0.70,1,-1,-1
131,9,389.28,216.51,57.04,152.17,0.89,1,-1,-1
131,10,232.36,215.15,62.23,172.94,0.88,1,-1,-1
131,11,68.10,221.79,13.46,37.79,0.86,1,-1,-1
131,13,118.22,225.70,7.11,18.04,0.81,1,-1,-1
132,1,279.30,210.04,57.17,168.85,0.88,1,-1,-1
132,8,423.79,213.11,71.75,154.55,0.88,1,-1,-1
132,9,391.68,219.06,59.36,147.92,0.81,1,-1,-1
132,10,232.40,214.98,63.85,173.11,0.88,1,-1,-1
132,11,68.13,221.11,15.73,38.47,0.87,1,-1,-1
132,13,118.47,225.36,7.21,18.55,0.81,1,-1,-1
133,1,281.47,209.70,54.85,168.85,0.86,1,-1,-1
133,8,415.10,215.49,88.79,155.58,0.83,1,-1,-1
133,9,413.07,215.51,59.49,156.22,0.52,1,-1,-1
133,10,232.01,215.15,61.92,172.94,0.88,1,-1,-1
133,11,68.30,222.47,17.09,37.11,0.87,1,-1,-1
133,13,119.07,225.19,7.20,18.55,0.79,1,-1,-1
134,1,278.01,209.02,58.05,169.87,0.88,1,-1,-1
134,8,453.17,214.30,61.44,147.92,0.83,1,-1,-1
134,9,425.72,216.17,49.24,155.92,0.93,1,-1,-1
134,10,232.11,214.98,65.78,172.77,0.87,1,-1,-1
134,11,68.33,224.00,16.22,36.77,0.85,1,-1,-1
134,13,119.25,225.53,7.51,18.55,0.78,1,-1,-1
135,1,279.78,209.19,56.21,171.06,0.85,1,-1,-1
135,8,473.37,214.30,55.27,158.46,0.78,1,-1,-1
135,9,431.71,216.85,71.14,156.94,0.91,1,-1,-1
135,10,231.64,214.98,62.65,173.11,0.88,1,-1,-1
135,11,68.51,223.66,16.75,38.64,0.84,1,-1,-1
135,13,119.74,226.04,7.13,17.87,0.79,1,-1,-1
136,1,278.34,209.70,57.38,169.53,0.85,1,-1,-1
136,8,485.79,214.47,56.88,161.70,0.73,1,-1,-1
136,9,433.33,221.28,76.73,154.89,0.88,1,-1,-1
136,10,231.61,213.45,58.65,174.64,0.87,1,-1,-1
136,11,70.15,221.96,15.05,40.85,0.85,1,-1,-1
136,13,120.08,225.70,7.22,18.55,0.78,1,-1,-1
137,1,281.30,210.04,54.18,168.51,0.86,1,-1,-1
137,8,490.29,218.04,68.57,158.81,0.90,1,-1,-1
137,9,448.08,215.32,76.72,159.15,0.84,1,-1,-1
137,10,231.38,214.81,60.63,173.28,0.90,1,-1,-1
137,11,71.62,222.64,15.24,40.34,0.87,1,-1,-1
137,13,120.69,225.36,7.52,18.72,0.79,1,-1,-1
138,1,281.34,210.04,53.58,168.51,0.86,1,-1,-1
138,8,506.10,217.02,68.80,159.15,0.67,1,-1,-1
138,9,477.03,212.09,60.49,166.80,0.73,1,-1,-1
138,10,231.19,214.81,61.34,173.28,0.91,1,-1,-1
138,11,72.64,224.00,16.32,40.34,0.88,1,-1,-1
138,13,121.43,225.19,7.23,18.72,0.79,1,-1,-1
138,16,479.32,212.77,80.68,165.79,0.83,1,-1,-1
139,1,281.02,209.87,53.56,168.68,0.88,1,-1,-1
139,8,532.78,217.36,57.75,152.72,0.53,1,-1,-1
139,9,489.06,212.08,54.77,168.85,0.88,1,-1,-1
139,10,231.50,213.96,59.37,173.79,0.90,1,-1,-1
139,11,73.85,224.85,15.66,40.34,0.88,1,-1,-1
139,13,121.95,225.53,7.12,18.55,0.79,1,-1,-1
140,1,281.35,210.21,53.23,168.34,0.89,1,-1,-1
140,8,543.32,216.68,58.45,157.78,0.73,1,-1,-1
140,9,489.61,215.83,76.36,166.13,0.93,1,-1,-1
140,10,231.20,215.15,60.30,172.60,0.89,1,-1,-1
140,11,76.00,223.15,15.29,42.04,0.87,1,-1,-1
140,13,122.45,225.70,6.88,18.38,0.78,1,-1,-1
141,1,282.69,210.55,52.07,168.34,0.88,1,-1,-1
141,8,566.79,218.54,52.10,155.25,0.50,1,-1,-1
141,9,503.21,213.11,86.42,169.53,0.70,1,-1,-1
141,10,231.38,215.32,61.31,172.43,0.87,1,-1,-1
141,11,76.61,222.64,15.43,42.72,0.86,1,-1,-1
141,13,122.62,225.70,6.87,18.55,0.77,1,-1,-1
141,16,543.00,215.15,74.35,169.19,0.84,1,-1,-1
142,1,282.89,210.72,52.20,167.83,0.88,1,-1,-1
142,9,529.88,210.73,68.01,173.61,0.71,1,-1,-1
142,10,231.53,215.15,61.36,172.60,0.88,1,-1,-1
142,11,77.05,224.51,15.48,41.02,0.85,1,-1,-1
142,13,122.82,225.53,7.49,18.89,0.78,1,-1,-1
142,16,541.38,208.00,77.59,175.32,0.83,1,-1,-1
143,1,283.06,211.40,52.53,167.49,0.88,1,-1,-1
143,8,574.81,217.36,64.97,159.49,0.68,1,-1,-1
143,9,543.90,209.70,65.43,176.00,0.78,1,-1,-1
143,10,231.90,215.15,63.65,172.26,0.88,1,-1,-1
143,11,77.75,225.70,16.79,40.34,0.85,1,-1,-1
143,13,123.39,225.36,7.62,19.06,0.77,1,-1,-1
144,1,283.22,211.40,52.55,167.83,0.88,1,-1,-1
144,8,594.41,217.36,48.47,163.90,0.54,1,-1,-1
144,9,544.94,213.45,81.65,171.92,0.90,1,-1,-1
144,10,232.02,215.32,62.07,172.43,0.90,1,-1,-1
144,11,78.62,223.83,16.58,43.57,0.87,1,-1,-1
144,13,123.99,225.70,7.62,18.89,0.80,1,-1,-1
145,1,282.56,210.72,53.53,168.17,0.88,1,-1,-1
145,8,597.73,226.68,42.28,158.67,0.50,1,-1,-1
145,9,551.83,212.26,77.71,174.13,0.92,1,-1,-1
145,10,232.19,215.32,60.20,172.77,0.91,1,-1,-1
145,11,79.70,222.98,16.33,44.26,0.88,1,-1,-1
145,13,124.32,225.70,7.64,19.23,0.78,1,-1,-1
146,1,284.05,210.72,52.58,168.51,0.88,1,-1,-1
146,9,583.21,206.64,54.94,178.72,0.92,1,-1,-1
146,10,232.37,215.32,60.17,172.77,0.91,1,-1,-1
146,11,81.05,223.32,15.91,44.60,0.87,1,-1,-1
146,13,124.75,225.87,7.53,18.72,0.79,1,-1,-1
147,1,286.42,211.06,50.89,167.83,0.88,1,-1,-1
147,9,600.78,210.72,38.44,174.98,0.82,1,-1,-1
147,10,232.37,215.15,59.84,173.28,0.92,1,-1,-1
147,11,83.02,224.51,17.05,44.43,0.89,1,-1,-1
147,13,125.65,225.36,7.42,19.40,0.75,1,-1,-1
148,1,286.61,211.74,51.02,168.17,0.89,1,-1,-1
148,9,601.50,203.44,37.80,182.61,0.50,1,-1,-1
148,10,232.71,215.32,59.66,172.77,0.91,1,-1,-1
148,11,84.61,223.32,17.26,45.79,0.88,1,-1,-1
148,13,126.29,225.53,7.60,19.23,0.75,1,-1,-1
148,15,626.10,249.70,3.05,9.70,0.76,1,-1,-1
149,1,286.95,211.06,51.18,167.83,0.89,1,-1,-1
149,10,232.88,214.98,60.00,173.11,0.90,1,-1,-1
149,11,86.10,221.96,17.80,47.32,0.89,1,-1,-1
149,13,127.04,225.87,7.62,19.06,0.73,1,-1,-1
149,15,625.77,249.53,3.37,10.04,0.79,1,-1,-1
150,1,286.95,210.72,51.36,168.51,0.88,1,-1,-1
150,10,233.05,214.98,60.33,173.11,0.90,1,-1,-1
150,11,86.95,223.32,17.20,45.62,0.86,1,-1,-1
150,13,127.61,226.04,7.15,18.89,0.80,1,-1,-1
150,15,625.45,249.53,3.69,9.87,0.76,1,-1,-1
151,1,287.29,211.06,51.35,167.83,0.88,1,-1,-1
151,10,233.39,215.15,60.50,172.60,0.90,1,-1,-1
151,11,87.31,224.34,18.59,44.94,0.88,1,-1,-1
151,13,128.05,225.87,7.21,19.23,0.78,1,-1,-1
151,15,625.09,249.53,3.72,9.87,0.72,1,-1,-1
152,1,287.12,211.06,51.52,167.49,0.88,1,-1,-1
152,10,233.56,215.15,60.84,172.26,0.91,1,-1,-1
152,11,87.72,224.68,19.23,45.96,0.88,1,-1,-1
152,13,128.49,225.87,7.51,19.23,0.78,1,-1,-1
152,15,624.41,249.70,3.72,9.70,0.68,1,-1,-1
153,1,286.78,211.06,51.85,167.49,0.89,1,-1,-1
153,10,234.07,214.98,61.19,173.11,0.92,1,-1,-1
153,11,90.88,222.64,17.90,47.83,0.85,1,-1,-1
153,13,129.31,226.21,7.05,18.72,0.81,1,-1,-1
153,15,624.40,249.53,3.73,9.87,0.74,1,-1,-1
154,1,286.45,211.23,52.19,167.32,0.89,1,-1,-1
154,10,234.74,214.81,60.86,173.28,0.90,1,-1,-1
154,11,93.37,222.30,16.90,48.51,0.89,1,-1,-1
154,13,129.76,226.38,7.35,18.72,0.81,1,-1,-1
154,15,624.07,249.53,3.73,10.04,0.79,1,-1,-1
155,1,286.78,211.40,51.87,167.15,0.88,1,-1,-1
155,10,235.09,213.79,61.68,173.96,0.89,1,-1,-1
155,11,94.92,222.81,17.44,48.17,0.90,1,-1,-1
155,13,129.99,226.21,7.31,19.40,0.82,1,-1,-1
155,15,624.06,249.70,3.41,9.70,0.80,1,-1,-1
156,1,286.95,211.40,51.70,167.15,0.88,1,-1,-1
156,10,235.44,213.96,62.85,173.79,0.89,1,-1,-1
156,11,95.43,223.32,17.62,47.66,0.89,1,-1,-1
156,13,130.16,226.04,7.21,19.57,0.82,1,-1,-1
156,15,624.07,249.87,3.39,9.70,0.79,1,-1,-1
157,1,286.95,211.40,51.70,167.15,0.88,1,-1,-1
157,10,235.42,213.96,62.88,173.79,0.89,1,-1,-1
157,11,95.42,223.32,17.63,47.66,0.89,1,-1,-1
157,13,130.17,226.04,7.20,19.57,0.82,1,-1,-1
157,15,624.07,249.87,3.39,9.70,0.79,1,-1,-1
158,1,286.95,211.40,51.69,167.15,0.88,1,-1,-1
158,10,235.42,213.96,62.88,173.79,0.89,1,-1,-1
158,11,95.42,223.32,17.63,47.66,0.89,1,-1,-1
158,13,130.17,226.04,7.20,19.57,0.82,1,-1,-1
158,15,624.07,249.87,3.39,9.70,0.79,1,-1,-1
159,1,287.27,211.91,50.71,166.64,0.87,1,-1,-1
159,10,235.48,213.96,64.64,174.13,0.83,1,-1,-1
159,11,102.38,221.45,19.72,51.06,0.89,1,-1,-1
159,13,132.45,226.21,6.80,19.06,0.80,1,-1,-1
159,15,623.06,249.53,3.38,9.53,0.73,1,-1,-1
160,1,286.96,212.43,51.00,166.13,0.89,1,-1,-1
160,10,235.43,214.13,64.90,173.96,0.86,1,-1,-1
160,11,102.91,222.81,22.15,49.70,0.91,1,-1,-1
160,13,132.71,226.04,6.87,19.74,0.83,1,-1,-1
160,15,623.05,249.70,3.39,9.53,0.76,1,-1,-1
161,1,287.11,212.09,50.69,166.81,0.89,1,-1,-1
161,10,235.43,213.96,65.08,174.13,0.88,1,-1,-1
161,11,103.81,223.32,22.55,51.06,0.89,1,-1,-1
161,13,133.05,225.87,6.95,20.08,0.83,1,-1,-1
161,15,622.71,249.70,3.39,9.53,0.75,1,-1,-1
162,1,287.12,212.26,50.68,166.98,0.89,1,-1,-1
162,10,235.43,214.13,65.08,173.62,0.89,1,-1,-1
162,11,107.59,220.77,21.09,53.79,0.89,1,-1,-1
162,13,133.64,226.04,6.62,19.57,0.80,1,-1,-1
162,15,622.05,249.53,3.70,9.87,0.72,1,-1,-1
163,1,287.12,212.26,50.84,166.64,0.90,1,-1,-1
163,10,235.25,213.79,65.25,173.96,0.90,1,-1,-1
163,11,111.08,220.26,19.96,55.15,0.89,1,-1,-1
163,13,134.08,226.38,6.83,19.06,0.80,1,-1,-1
163,15,622.03,249.53,3.73,10.04,0.71,1,-1,-1
164,1,287.12,212.09,51.01,166.81,0.90,1,-1,-1
164,10,235.09,213.79,65.75,173.62,0.90,1,-1,-1
164,11,114.01,222.30,22.15,53.28,0.91,1,-1,-1
164,13,134.98,226.21,6.64,19.57,0.79,1,-1,-1
164,15,621.70,249.53,3.72,9.87,0.72,1,-1,-1
165,1,287.12,211.91,51.19,167.32,0.89,1,-1,-1
165,10,235.09,213.45,66.43,174.30,0.90,1,-1,-1
165,11,115.83,222.47,20.88,54.30,0.91,1,-1,-1
165,13,135.43,226.04,6.77,19.74,0.81,1,-1,-1
165,15,621.68,249.70,3.42,9.70,0.74,1,-1,-1
166,1,287.12,211.91,51.18,166.98,0.89,1,-1,-1
166,10,234.74,213.45,66.28,174.30,0.89,1,-1,-1
166,11,117.54,221.96,21.27,55.15,0.91,1,-1,-1
166,13,136.50,225.87,6.15,18.89,0.73,1,-1,-1
166,15,621.35,249.53,3.40,9.87,0.78,1,-1,-1
167,1,287.13,211.91,51.68,166.30,0.90,1,-1,-1
167,10,234.19,213.45,63.16,174.30,0.88,1,-1,-1
167,11,121.83,219.58,19.89,57.53,0.89,1,-1,-1
167,13,137.29,225.72,6.44,21.35,0.36,1,-1,-1
167,15,621.02,249.36,3.71,10.21,0.81,1,-1,-1
168,1,287.29,211.74,52.03,166.47,0.90,1,-1,-1
168,10,234.54,214.64,60.07,173.79,0.90,1,-1,-1
168,11,123.50,220.43,21.73,56.68,0.90,1,-1,-1
168,15,620.68,249.53,3.72,9.87,0.80,1,-1,-1
169,1,287.46,211.74,52.53,166.47,0.90,1,-1,-1
169,10,234.25,213.45,61.50,174.30,0.90,1,-1,-1
169,11,123.75,222.13,24.02,55.83,0.91,1,-1,-1
169,15,620.67,249.70,3.41,9.70,0.78,1,-1,-1
170,1,288.97,211.40,51.22,166.81,0.90,1,-1,-1
170,10,234.57,214.13,59.85,173.62,0.93,1,-1,-1
170,11,126.83,222.30,23.03,57.36,0.87,1,-1,-1
170,15,620.34,249.53,3.39,9.70,0.78,1,-1,-1
171,1,290.00,211.74,50.52,166.13,0.91,1,-1,-1
171,10,234.40,214.13,59.33,173.62,0.94,1,-1,-1
171,11,129.64,219.23,22.33,60.25,0.90,1,-1,-1
171,15,620.00,249.19,3.72,10.38,0.80,1,-1,-1
172,1,289.84,211.06,51.18,166.81,0.90,1,-1,-1
172,10,234.41,214.13,59.15,173.62,0.94,1,-1,-1
172,11,133.53,218.72,20.31,61.79,0.90,1,-1,-1
172,15,619.66,249.19,3.73,10.38,0.77,1,-1,-1
173,1,291.02,211.40,50.68,164.77,0.91,1,-1,-1
173,10,234.41,214.13,59.32,173.62,0.94,1,-1,-1
173,11,136.72,220.08,22.92,60.60,0.92,1,-1,-1
173,15,619.65,249.36,3.41,10.04,0.75,1,-1,-1
174,1,293.24,211.23,53.18,166.98,0.90,1,-1,-1
174,10,234.41,213.79,59.99,173.96,0.93,1,-1,-1
174,11,138.39,220.94,23.89,61.96,0.92,1,-1,-1
174,15,619.00,249.19,3.69,10.21,0.69,1,-1,-1
175,1,294.91,210.38,53.57,170.21,0.90,1,-1,-1
175,10,234.24,213.11,60.84,174.64,0.92,1,-1,-1
175,11,142.36,218.72,24.09,64.34,0.88,1,-1,-1
175,15,618.64,249.02,3.74,10.55,0.76,1,-1,-1
176,1,295.43,211.40,53.72,169.19,0.92,1,-1,-1
176,10,234.23,212.77,59.68,175.32,0.93,1,-1,-1
176,11,146.43,217.19,23.42,66.21,0.90,1,-1,-1
176,15,618.65,249.19,3.72,10.38,0.78,1,-1,-1
177,1,294.77,211.74,57.76,169.53,0.93,1,-1,-1
177,10,234.58,213.11,59.32,174.64,0.93,1,-1,-1
177,11,147.47,218.72,24.55,67.91,0.85,1,-1,-1
177,13,144.51,226.04,6.48,18.55,0.53,1,-1,-1
177,15,618.31,249.19,3.72,10.21,0.79,1,-1,-1
178,1,294.60,211.57,61.99,169.02,0.93,1,-1,-1
178,10,234.75,213.11,59.32,174.64,0.94,1,-1,-1
178,11,150.44,221.11,24.46,65.36,0.88,1,-1,-1
178,13,144.91,226.21,6.79,19.57,0.54,1,-1,-1
178,15,617.97,249.36,3.72,10.04,0.76,1,-1,-1
179,1,294.60,210.38,65.04,170.21,0.91,1,-1,-1
179,10,235.26,214.81,59.15,172.94,0.94,1,-1,-1
179,11,150.36,221.45,28.09,65.02,0.92,1,-1,-1
179,13,145.59,226.04,6.70,19.57,0.80,1,-1,-1
179,15,617.61,249.02,3.76,10.72,0.73,1,-1,-1
180,1,294.93,210.04,67.09,170.55,0.92,1,-1,-1
180,10,234.92,213.79,60.33,173.96,0.94,1,-1,-1
180,11,153.04,218.89,27.31,68.08,0.92,1,-1,-1
180,13,146.52,225.70,6.46,19.57,0.83,1,-1,-1
180,15,617.29,249.02,3.72,10.21,0.79,1,-1,-1
181,1,299.97,209.70,63.44,170.55,0.92,1,-1,-1
181,10,234.75,213.79,60.84,173.96,0.94,1,-1,-1
181,11,158.80,218.21,24.60,69.11,0.94,1,-1,-1
181,13,147.21,225.53,6.35,19.06,0.82,1,-1,-1
181,15,617.27,248.85,3.42,10.38,0.79,1,-1,-1
182,1,303.53,210.38,60.22,169.87,0.91,1,-1,-1
182,10,234.58,213.11,61.19,174.64,0.94,1,-1,-1
182,11,163.42,220.08,27.91,68.60,0.91,1,-1,-1
182,13,147.71,225.87,6.43,19.06,0.81,1,-1,-1
182,15,616.96,249.02,3.70,10.21,0.79,1,-1,-1
183,1,301.37,209.19,62.69,171.06,0.93,1,-1,-1
183,10,234.58,213.45,61.02,174.30,0.94,1,-1,-1
183,11,164.76,222.30,30.32,68.77,0.93,1,-1,-1
183,13,148.23,226.21,6.76,18.72,0.84,1,-1,-1
183,15,616.60,248.85,3.74,10.55,0.75,1,-1,-1
184,1,302.03,208.34,62.38,171.91,0.93,1,-1,-1
184,10,234.58,213.45,60.85,174.64,0.94,1,-1,-1
184,11,167.45,221.62,29.84,69.62,0.94,1,-1,-1
184,13,148.56,225.87,7.11,19.40,0.84,1,-1,-1
184,15,616.27,248.85,3.73,10.55,0.75,1,-1,-1
185,1,300.86,208.34,64.22,171.91,0.93,1,-1,-1
185,10,234.58,213.45,61.18,174.30,0.94,1,-1,-1
185,11,175.74,219.57,27.67,71.49,0.92,1,-1,-1
185,13,149.57,225.70,6.88,19.40,0.82,1,-1,-1
185,15,615.93,248.68,3.73,10.72,0.77,1,-1,-1
186,1,301.52,208.51,63.56,171.40,0.93,1,-1,-1
186,10,234.24,214.13,61.02,173.62,0.94,1,-1,-1
186,11,176.31,219.91,32.98,73.36,0.92,1,-1,-1
186,13,150.34,225.53,7.02,19.40,0.83,1,-1,-1
186,15,615.59,248.51,3.73,10.72,0.78,1,-1,-1
187,1,301.19,208.51,64.23,171.74,0.93,1,-1,-1
187,10,233.90,214.13,60.34,173.62,0.94,1,-1,-1
187,11,176.80,221.28,35.05,71.49,0.93,1,-1,-1
187,13,150.59,225.53,7.20,19.74,0.83,1,-1,-1
187,15,615.25,248.68,3.73,10.72,0.77,1,-1,-1
188,1,300.18,208.85,65.24,171.40,0.93,1,-1,-1
188,10,233.56,214.30,59.83,173.45,0.94,1,-1,-1
188,11,179.83,223.15,37.28,73.53,0.94,1,-1,-1
188,13,151.86,225.70,6.71,19.06,0.84,1,-1,-1
188,15,614.91,248.85,3.40,10.21,0.79,1,-1,-1
189,1,300.34,208.68,65.42,171.23,0.93,1,-1,-1
189,10,233.05,214.13,60.17,173.96,0.94,1,-1,-1
189,11,185.74,221.11,33.95,75.74,0.93,1,-1,-1
189,13,152.28,225.70,6.87,19.91,0.84,1,-1,-1
189,15,614.59,248.85,3.70,10.21,0.79,1,-1,-1
190,1,300.34,209.70,65.42,170.21,0.93,1,-1,-1
190,10,233.05,214.13,60.00,173.96,0.94,1,-1,-1
190,11,195.69,218.55,27.27,78.64,0.91,1,-1,-1
190,13,152.81,225.53,7.01,19.57,0.81,1,-1,-1
190,15,614.24,248.51,3.73,10.21,0.78,1,-1,-1
191,1,301.01,209.36,64.75,170.55,0.93,1,-1,-1
191,10,232.88,214.13,60.00,173.96,0.93,1,-1,-1
191,11,201.06,220.43,32.79,79.32,0.91,1,-1,-1
191,13,153.49,225.70,7.18,18.89,0.82,1,-1,-1
191,15,613.89,248.68,3.74,10.55,0.74,1,-1,-1
192,1,301.02,210.04,64.74,169.87,0.93,1,-1,-1
192,10,232.71,214.47,60.17,173.62,0.93,1,-1,-1
192,11,202.21,222.30,34.38,78.98,0.92,1,-1,-1
192,13,154.24,225.87,7.28,18.72,0.82,1,-1,-1
192,15,613.58,248.68,4.02,10.38,0.72,1,-1,-1
193,1,300.68,209.36,64.75,170.21,0.93,1,-1,-1
193,10,233.05,215.49,59.66,172.60,0.93,1,-1,-1
193,11,204.24,222.30,34.41,79.83,0.92,1,-1,-1
193,13,154.75,226.04,7.29,18.72,0.83,1,-1,-1
193,15,613.53,248.34,3.79,11.06,0.75,1,-1,-1
194,1,301.02,210.38,64.41,169.87,0.93,1,-1,-1
194,10,233.22,214.47,59.33,173.28,0.93,1,-1,-1
194,11,216.17,218.72,27.32,83.06,0.90,1,-1,-1
194,13,155.34,225.53,7.79,19.57,0.84,1,-1,-1
194,15,612.91,248.17,4.36,11.06,0.80,1,-1,-1
195,1,301.69,209.70,63.74,169.87,0.93,1,-1,-1
195,10,226.15,214.13,66.69,173.62,0.93,1,-1,-1
195,11,221.20,219.40,24.56,50.65,0.63,1,-1,-1
195,13,156.60,225.36,7.32,19.57,0.83,1,-1,-1
195,15,612.53,248.17,4.09,10.89,0.78,1,-1,-1
196,1,300.68,210.04,64.40,169.53,0.93,1,-1,-1
196,10,226.77,214.30,65.95,173.45,0.91,1,-1,-1
196,11,219.97,221.96,31.25,80.33,0.83,1,-1,-1
196,13,157.45,225.19,7.05,19.40,0.83,1,-1,-1
196,15,612.21,248.17,4.06,10.72,0.78,1,-1,-1
197,1,298.65,209.70,66.42,169.87,0.93,1,-1,-1
197,10,227.12,213.79,65.77,173.96,0.92,1,-1,-1
197,11,222.97,223.49,28.97,78.65,0.79,1,-1,-1
197,13,157.72,225.53,7.19,19.23,0.82,1,-1,-1
197,15,611.86,248.17,4.07,10.72,0.78,1,-1,-1
198,1,300.83,209.70,64.27,170.21,0.93,1,-1,-1
198,10,232.01,213.45,61.06,174.64,0.94,1,-1,-1
198,13,158.24,225.70,7.60,19.06,0.83,1,-1,-1
198,15,611.86,247.66,4.08,11.06,0.83,1,-1,-1
199,1,301.86,209.70,63.23,170.21,0.93,1,-1,-1
199,10,233.05,213.62,59.84,174.13,0.94,1,-1,-1
199,13,158.89,225.36,7.56,19.74,0.83,1,-1,-1
199,15,611.52,247.49,4.07,11.23,0.83,1,-1,-1
200,1,301.36,209.70,63.72,170.21,0.93,1,-1,-1
200,10,233.06,213.79,61.68,174.30,0.94,1,-1,-1
200,13,159.49,225.36,7.62,19.74,0.85,1,-1,-1
200,15,611.53,247.83,4.06,10.89,0.82,1,-1,-1
201,1,300.85,210.04,63.89,169.87,0.93,1,-1,-1
201,10,233.23,214.64,62.87,173.45,0.94,1,-1,-1
201,13,160.41,225.36,7.22,19.57,0.84,1,-1,-1
201,15,611.51,248.00,3.75,10.72,0.80,1,-1,-1
202,1,299.33,210.72,65.41,169.53,0.93,1,-1,-1
202,10,233.56,215.32,62.88,172.09,0.93,1,-1,-1
202,11,273.05,220.94,26.90,94.30,0.57,1,-1,-1
202,13,161.11,225.87,7.36,19.57,0.84,1,-1,-1
202,15,611.20,247.83,4.05,10.89,0.80,1,-1,-1
203,1,300.50,210.72,64.25,169.53,0.92,1,-1,-1
203,10,233.23,215.66,63.88,172.09,0.92,1,-1,-1
203,11,276.43,217.89,34.43,97.03,0.54,1,-1,-1
203,13,161.77,225.70,7.38,20.08,0.83,1,-1,-1
203,15,611.17,247.83,3.76,11.06,0.78,1,-1,-1
204,1,300.34,210.38,64.74,169.87,0.92,1,-1,-1
204,10,233.40,215.49,65.41,172.60,0.93,1,-1,-1
204,11,279.87,217.70,35.70,99.75,0.66,1,-1,-1
204,13,162.37,225.53,7.38,20.26,0.84,1,-1,-1
204,15,610.87,247.66,4.02,10.89,0.74,1,-1,-1
205,1,302.19,210.04,62.58,170.55,0.92,1,-1,-1
205,10,233.38,215.32,62.57,172.77,0.93,1,-1,-1
205,11,282.04,220.59,36.26,100.77,0.82,1,-1,-1
205,13,163.38,225.19,6.96,19.58,0.82,1,-1,-1
205,15,610.51,247.83,4.06,10.89,0.76,1,-1,-1
206,1,301.53,210.72,62.87,169.87,0.92,1,-1,-1
206,10,233.44,213.79,67.02,173.96,0.90,1,-1,-1
206,11,287.56,224.00,38.09,99.07,0.80,1,-1,-1
206,13,163.90,225.19,7.19,19.74,0.82,1,-1,-1
206,15,610.17,247.83,4.06,10.72,0.80,1,-1,-1
207,1,301.36,211.40,63.38,169.19,0.92,1,-1,-1
207,10,233.38,213.62,65.96,174.13,0.90,1,-1,-1
207,11,292.28,221.79,37.47,100.60,0.73,1,-1,-1
207,13,164.50,225.70,7.27,19.06,0.84,1,-1,-1
207,15,610.15,247.66,3.76,10.89,0.80,1,-1,-1
208,1,302.70,209.02,62.73,171.57,0.92,1,-1,-1
208,10,233.02,213.45,60.05,174.64,0.94,1,-1,-1
208,13,165.25,225.36,7.22,19.57,0.85,1,-1,-1
208,15,609.83,247.66,3.74,11.23,0.81,1,-1,-1
209,1,301.72,210.38,64.37,170.21,0.91,1,-1,-1
209,10,233.05,213.79,60.00,174.30,0.94,1,-1,-1
209,13,165.76,225.36,7.21,19.74,0.83,1,-1,-1
209,15,609.83,247.66,3.73,11.06,0.80,1,-1,-1
210,1,303.08,210.38,67.73,170.21,0.90,1,-1,-1
210,10,233.55,213.79,76.11,174.30,0.86,1,-1,-1
210,13,166.11,225.19,7.62,20.43,0.84,1,-1,-1
210,15,609.49,247.66,3.72,10.89,0.78,1,-1,-1
211,1,302.77,211.74,68.70,168.17,0.83,1,-1,-1
211,10,232.99,213.79,60.64,173.96,0.94,1,-1,-1
211,13,167.37,225.36,7.55,20.60,0.83,1,-1,-1
211,15,608.83,247.66,4.04,11.06,0.76,1,-1,-1
212,1,302.34,210.04,67.87,170.55,0.86,1,-1,-1
212,10,233.05,213.62,60.51,174.13,0.94,1,-1,-1
212,11,355.85,218.04,27.95,114.55,0.84,1,-1,-1
212,13,168.13,225.36,7.63,20.94,0.83,1,-1,-1
212,15,608.16,247.49,4.71,11.57,0.80,1,-1,-1
213,1,302.02,210.55,66.14,170.04,0.89,1,-1,-1
213,10,233.22,213.96,60.68,173.79,0.93,1,-1,-1
213,11,356.73,217.87,39.76,119.15,0.90,1,-1,-1
213,13,168.33,225.53,8.43,20.77,0.84,1,-1,-1
213,15,608.12,247.49,4.44,11.57,0.77,1,-1,-1
214,1,302.72,212.08,65.75,168.17,0.87,1,-1,-1
214,10,232.72,214.47,62.19,173.28,0.94,1,-1,-1
214,11,356.01,221.11,50.01,116.94,0.92,1,-1,-1
214,13,169.98,225.02,7.49,20.09,0.85,1,-1,-1
214,15,607.80,247.49,4.41,11.57,0.76,1,-1,-1
215,1,303.04,211.74,64.77,168.51,0.91,1,-1,-1
215,10,232.71,214.81,62.54,172.94,0.94,1,-1,-1
215,11,358.00,224.85,57.23,116.77,0.94,1,-1,-1
215,13,170.84,225.02,7.30,19.92,0.82,1,-1,-1
215,15,607.44,247.66,4.10,11.57,0.78,1,-1,-1
216,1,303.04,212.09,63.74,168.51,0.93,1,-1,-1
216,10,232.54,214.81,62.88,173.28,0.94,1,-1,-1
216,11,369.81,223.32,53.25,119.66,0.95,1,-1,-1
216,13,171.42,225.02,7.24,20.94,0.81,1,-1,-1
216,15,607.12,247.49,4.07,11.57,0.81,1,-1,-1
217,1,302.88,212.26,63.90,168.34,0.93,1,-1,-1
217,10,233.22,214.98,62.88,173.11,0.93,1,-1,-1
217,11,389.11,219.40,43.80,123.57,0.95,1,-1,-1
217,13,171.88,225.36,7.59,20.43,0.83,1,-1,-1
217,15,606.79,247.49,4.39,11.74,0.83,1,-1,-1
218,1,303.05,212.09,63.40,168.51,0.93,1,-1,-1
218,10,234.23,214.98,62.04,172.77,0.93,1,-1,-1
218,11,398.01,218.89,54.49,125.11,0.94,1,-1,-1
218,13,172.46,225.19,7.88,21.11,0.84,1,-1,-1
218,15,606.45,247.49,4.73,11.74,0.84,1,-1,-1
218,17,61.02,232.68,3.39,8.34,0.71,1,-1,-1
219,1,302.71,212.09,63.39,168.17,0.93,1,-1,-1
219,10,234.58,214.81,62.04,173.28,0.93,1,-1,-1
219,11,398.38,222.98,76.79,124.94,0.94,1,-1,-1
219,13,173.13,224.85,8.06,21.96,0.82,1,-1,-1
219,15,606.09,247.49,4.44,12.08,0.82,1,-1,-1
219,17,60.94,232.68,3.58,8.34,0.67,1,-1,-1
220,1,302.71,211.40,63.73,168.51,0.91,1,-1,-1
220,10,234.58,215.49,62.70,171.91,0.94,1,-1,-1
220,11,416.92,220.26,65.14,131.06,0.96,1,-1,-1
220,13,174.23,225.02,7.80,21.45,0.83,1,-1,-1
220,15,605.77,247.32,4.40,11.74,0.82,1,-1,-1
221,1,300.35,211.06,66.41,169.19,0.93,1,-1,-1
221,10,235.78,214.13,66.92,173.62,0.94,1,-1,-1
221,11,443.00,216.34,50.61,135.32,0.95,1,-1,-1
221,13,174.75,225.19,8.29,22.13,0.83,1,-1,-1
221,15,605.76,247.32,4.41,11.74,0.82,1,-1,-1
222,1,295.29,210.72,71.11,169.19,0.91,1,-1,-1
222,10,235.93,215.15,65.44,172.26,0.93,1,-1,-1
222,11,453.90,218.04,52.87,138.72,0.95,1,-1,-1
222,13,175.42,225.19,8.30,22.13,0.83,1,-1,-1
222,15,605.43,247.49,4.73,12.08,0.80,1,-1,-1
223,1,288.85,210.72,74.85,169.53,0.91,1,-1,-1
223,10,236.60,215.15,76.28,172.60,0.88,1,-1,-1
223,11,455.00,224.00,74.08,136.17,0.94,1,-1,-1
223,13,176.27,225.19,8.14,21.96,0.82,1,-1,-1
223,15,605.08,247.83,4.43,11.75,0.77,1,-1,-1
224,1,285.43,211.06,75.92,170.21,0.92,1,-1,-1
224,10,237.18,216.00,60.39,172.43,0.92,1,-1,-1
224,11,461.00,225.02,70.54,138.21,0.95,1,-1,-1
224,13,176.78,224.85,8.13,21.79,0.83,1,-1,-1
224,15,604.74,247.66,4.41,11.74,0.78,1,-1,-1
225,1,287.72,211.40,66.59,168.51,0.91,1,-1,-1
225,10,240.77,216.85,64.57,169.87,0.87,1,-1,-1
225,11,490.77,218.04,56.43,145.87,0.94,1,-1,-1
225,13,177.62,224.85,8.14,22.13,0.83,1,-1,-1
225,15,604.42,247.49,4.72,11.91,0.78,1,-1,-1
226,1,285.12,211.91,62.81,170.04,0.83,1,-1,-1
226,10,243.80,217.19,58.85,171.23,0.74,1,-1,-1
226,11,509.13,215.32,52.59,148.94,0.94,1,-1,-1
226,13,178.31,225.19,8.13,21.79,0.81,1,-1,-1
226,15,604.40,247.49,4.75,12.08,0.80,1,-1,-1
227,1,282.82,212.77,60.98,170.21,0.82,1,-1,-1
227,10,248.56,216.51,56.60,171.91,0.68,1,-1,-1
227,11,509.58,220.60,78.80,143.66,0.95,1,-1,-1
227,13,179.13,225.19,7.66,21.96,0.81,1,-1,-1
227,15,604.07,247.66,4.75,12.26,0.80,1,-1,-1
227,17,61.39,231.83,3.74,9.36,0.66,1,-1,-1
228,1,282.37,212.94,58.82,172.76,0.77,1,-1,-1
228,10,251.96,216.17,57.76,171.24,0.72,1,-1,-1
228,11,511.20,224.00,84.72,147.06,0.95,1,-1,-1
228,13,179.66,225.02,7.96,22.47,0.84,1,-1,-1
228,15,603.73,247.66,4.74,11.92,0.80,1,-1,-1
228,17,61.53,232.17,3.47,8.68,0.69,1,-1,-1
229,1,283.04,215.83,57.31,169.19,0.82,1,-1,-1
229,10,251.26,215.66,47.35,170.72,0.69,1,-1,-1
229,11,528.14,229.62,83.05,143.83,0.94,1,-1,-1
229,13,180.51,224.85,8.14,22.98,0.82,1,-1,-1
229,17,61.57,232.17,3.39,8.51,0.70,1,-1,-1
230,1,282.05,215.83,57.76,169.19,0.80,1,-1,-1
230,10,252.27,214.98,45.11,172.42,0.80,1,-1,-1
230,11,563.19,225.36,62.76,149.11,0.91,1,-1,-1
230,13,181.02,225.02,7.96,22.30,0.83,1,-1,-1
230,17,61.52,232.00,3.36,8.68,0.71,1,-1,-1
231,1,282.18,216.00,57.16,168.68,0.79,1,-1,-1
231,10,252.89,214.81,45.06,171.58,0.72,1,-1,-1
231,11,572.54,216.17,65.44,159.32,0.94,1,-1,-1
231,13,181.70,225.36,8.13,22.47,0.83,1,-1,-1
231,17,61.52,232.00,3.35,8.68,0.72,1,-1,-1
232,1,283.43,216.51,54.50,166.47,0.74,1,-1,-1
232,10,253.48,214.81,48.78,173.27,0.63,1,-1,-1
232,11,587.98,212.43,51.17,161.02,0.90,1,-1,-1
232,13,182.54,225.36,8.31,23.15,0.82,1,-1,-1
232,15,603.04,247.83,4.09,11.57,0.73,1,-1,-1
232,17,61.48,231.66,3.40,9.02,0.72,1,-1,-1
233,1,283.03,217.19,54.44,167.15,0.74,1,-1,-1
233,10,253.07,215.15,48.44,171.24,0.70,1,-1,-1
233,11,598.50,219.68,43.09,153.44,0.40,1,-1,-1
233,13,183.22,225.02,8.48,23.66,0.82,1,-1,-1
233,15,602.71,247.66,4.08,11.74,0.77,1,-1,-1
233,17,61.49,231.83,3.38,8.85,0.73,1,-1,-1
234,1,282.21,216.17,55.06,168.51,0.74,1,-1,-1
234,10,253.21,215.15,48.33,171.23,0.69,1,-1,-1
234,13,184.39,224.68,8.00,24.17,0.83,1,-1,-1
234,15,602.05,247.49,4.71,11.74,0.83,1,-1,-1
234,17,61.48,231.83,3.39,8.85,0.71,1,-1,-1
235,1,282.07,216.00,55.68,168.68,0.72,1,-1,-1
235,10,254.01,214.81,53.33,171.57,0.69,1,-1,-1
235,13,184.92,224.68,8.12,24.00,0.83,1,-1,-1
235,15,602.03,247.49,4.75,11.91,0.82,1,-1,-1
235,17,61.48,231.66,3.47,9.02,0.70,1,-1,-1
236,1,282.55,216.51,55.75,168.51,0.76,1,-1,-1
236,10,254.07,214.98,55.60,171.74,0.72,1,-1,-1
236,13,185.44,225.19,8.43,22.81,0.83,1,-1,-1
236,15,601.69,247.66,4.76,12.26,0.81,1,-1,-1
236,17,61.51,231.49,3.41,9.19,0.69,1,-1,-1
237,1,282.25,216.17,56.34,168.51,0.71,1,-1,-1
237,10,253.81,214.81,54.76,171.91,0.68,1,-1,-1
237,13,186.26,225.19,8.16,23.32,0.83,1,-1,-1
237,15,601.36,247.83,4.74,12.09,0.81,1,-1,-1
237,17,61.57,231.49,3.39,9.19,0.69,1,-1,-1
238,1,282.87,216.51,55.96,167.83,0.73,1,-1,-1
238,10,253.80,214.81,53.76,171.91,0.68,1,-1,-1
238,13,186.94,225.02,8.31,24.34,0.85,1,-1,-1
238,15,601.02,247.49,4.75,12.26,0.84,1,-1,-1
238,17,61.61,231.49,3.39,9.19,0.69,1,-1,-1
239,1,281.93,215.66,57.16,168.68,0.73,1,-1,-1
239,10,253.37,214.98,50.39,171.07,0.65,1,-1,-1
239,13,187.46,224.68,8.63,24.51,0.84,1,-1,-1
239,15,600.68,247.49,4.75,12.26,0.83,1,-1,-1
239,17,61.66,231.66,3.30,8.85,0.68,1,-1,-1
240,1,281.42,213.45,58.68,171.57,0.65,1,-1,-1
240,10,253.09,215.15,45.19,171.57,0.64,1,-1,-1
240,13,188.48,224.68,8.81,24.85,0.82,1,-1,-1
240,15,600.68,247.49,4.74,12.09,0.81,1,-1,-1
240,17,61.65,231.66,3.30,8.85,0.69,1,-1,-1
241,1,282.12,213.96,59.48,171.07,0.68,1,-1,-1
241,10,252.51,215.15,43.12,170.90,0.66,1,-1,-1
241,13,189.01,225.02,9.28,24.51,0.81,1,-1,-1
241,15,600.34,247.66,4.75,12.09,0.81,1,-1,-1
241,17,61.68,231.49,3.29,9.19,0.70,1,-1,-1
242,1,285.36,213.28,58.93,172.42,0.76,1,-1,-1
242,10,251.40,215.32,72.04,173.10,0.62,1,-1,-1
242,13,189.50,225.19,9.65,24.68,0.84,1,-1,-1
242,15,600.00,247.83,4.75,12.09,0.81,1,-1,-1
242,17,61.69,231.32,3.31,9.36,0.70,1,-1,-1
243,1,285.19,213.11,65.89,170.89,0.88,1,-1,-1
243,10,243.10,213.45,70.47,175.65,0.63,1,-1,-1
243,13,190.83,224.68,9.19,25.02,0.84,1,-1,-1
243,15,599.66,247.49,4.75,12.26,0.81,1,-1,-1
243,17,61.70,231.32,3.33,9.19,0.71,1,-1,-1
244,1,283.97,210.72,76.63,174.64,0.91,1,-1,-1
244,10,242.55,213.11,71.52,178.04,0.77,1,-1,-1
244,13,192.51,224.17,8.37,25.53,0.83,1,-1,-1
244,15,599.33,247.49,5.06,12.26,0.81,1,-1,-1
244,17,61.74,231.32,3.35,9.19,0.70,1,-1,-1
245,1,284.92,210.38,77.11,174.98,0.90,1,-1,-1
245,10,243.95,214.13,74.29,176.68,0.74,1,-1,-1
245,13,193.42,224.17,8.42,23.15,0.83,1,-1,-1
245,15,599.00,247.66,5.40,12.26,0.80,1,-1,-1
245,17,61.78,231.49,3.34,9.02,0.69,1,-1,-1
246,1,284.42,210.72,79.29,174.64,0.93,1,-1,-1
246,10,244.41,214.81,73.21,173.62,0.81,1,-1,-1
246,13,194.06,224.51,8.15,22.98,0.82,1,-1,-1
246,15,598.96,247.83,4.79,12.09,0.81,1,-1,-1
246,17,61.90,231.49,3.31,9.02,0.68,1,-1,-1
247,1,297.92,209.87,69.59,175.83,0.94,1,-1,-1
247,10,241.80,213.45,71.32,175.32,0.84,1,-1,-1
247,13,195.27,224.68,9.29,25.02,0.82,1,-1,-1
247,15,598.65,247.49,5.07,12.43,0.82,1,-1,-1
247,17,62.29,231.32,3.31,9.02,0.70,1,-1,-1
248,1,307.13,210.04,61.50,175.32,0.87,1,-1,-1
248,10,241.60,214.47,62.57,174.30,0.90,1,-1,-1
248,13,195.62,224.51,10.29,25.70,0.83,1,-1,-1
248,15,598.63,247.49,4.77,12.43,0.82,1,-1,-1
248,17,62.29,231.15,3.42,9.19,0.73,1,-1,-1
249,1,312.10,210.04,55.81,176.00,0.87,1,-1,-1
249,10,241.73,214.47,66.20,175.32,0.90,1,-1,-1
249,13,196.75,224.17,9.54,26.04,0.83,1,-1,-1
249,15,598.30,247.49,4.75,12.43,0.80,1,-1,-1
249,17,62.41,231.15,3.39,9.19,0.74,1,-1,-1
250,1,315.39,212.77,52.78,173.62,0.88,1,-1,-1
250,10,241.60,217.87,76.98,173.62,0.93,1,-1,-1
250,13,197.63,224.17,9.48,25.53,0.82,1,-1,-1
250,15,597.97,247.49,4.74,12.26,0.81,1,-1,-1
250,17,62.50,231.15,3.35,9.19,0.74,1,-1,-1
251,1,318.34,212.09,47.90,173.96,0.84,1,-1,-1
251,10,241.61,218.89,95.08,176.34,0.93,1,-1,-1
251,13,198.32,224.68,10.14,25.53,0.85,1,-1,-1
251,15,597.63,247.32,4.75,12.26,0.82,1,-1,-1
251,17,62.54,231.32,3.30,9.02,0.72,1,-1,-1
252,1,304.80,213.11,59.05,174.30,0.86,1,-1,-1
252,10,242.70,218.89,94.10,182.13,0.94,1,-1,-1
252,13,198.98,225.02,10.00,25.19,0.85,1,-1,-1
252,15,597.28,246.98,4.75,12.60,0.83,1,-1,-1
252,17,62.55,231.32,3.34,9.02,0.72,1,-1,-1
253,1,303.83,215.48,58.80,181.42,0.55,1,-1,-1
253,10,254.84,214.13,84.89,188.59,0.83,1,-1,-1
253,13,199.81,224.68,9.69,25.70,0.83,1,-1,-1
253,15,596.96,246.98,5.06,12.43,0.82,1,-1,-1
253,17,62.58,231.15,3.39,9.19,0.72,1,-1,-1
254,10,282.10,210.55,78.33,193.19,0.90,1,-1,-1
254,13,201.16,224.17,9.03,26.04,0.83,1,-1,-1
254,15,596.62,247.15,5.40,12.26,0.82,1,-1,-1
254,17,62.58,230.98,3.43,9.36,0.74,1,-1,-1
255,10,291.51,208.00,76.98,197.11,0.93,1,-1,-1
255,13,202.02,224.17,8.67,25.87,0.82,1,-1,-1
255,15,596.27,247.15,5.42,12.26,0.83,1,-1,-1
255,17,62.66,230.98,3.36,9.36,0.72,1,-1,-1
256,10,308.10,209.02,79.04,206.98,0.88,1,-1,-1
256,13,202.74,224.17,9.44,25.87,0.82,1,-1,-1
256,15,595.93,246.64,5.44,12.77,0.83,1,-1,-1
256,17,62.75,231.15,3.30,9.19,0.70,1,-1,-1
257,1,285.38,206.13,67.71,179.58,0.77,1,-1,-1
257,10,314.07,208.34,118.97,215.83,0.93,1,-1,-1
257,13,203.57,224.68,9.65,25.87,0.82,1,-1,-1
257,15,595.59,246.47,5.43,12.94,0.84,1,-1,-1
257,17,62.95,231.15,3.12,9.02,0.64,1,-1,-1
257,18,58.81,230.81,3.31,8.68,0.71,1,-1,-1
258,1,285.74,205.62,63.77,180.09,0.93,1,-1,-1
258,10,338.01,206.64,110.58,219.57,0.90,1,-1,-1
258,13,205.06,224.34,9.20,26.21,0.80,1,-1,-1
258,15,594.92,246.47,5.74,12.94,0.83,1,-1,-1
258,17,62.99,230.98,3.38,9.19,0.62,1,-1,-1
258,18,58.89,230.64,3.28,9.02,0.69,1,-1,-1
259,1,281.70,204.60,65.42,181.79,0.96,1,-1,-1
259,10,352.33,205.96,88.57,219.58,0.85,1,-1,-1
259,13,205.93,224.17,9.16,26.38,0.83,1,-1,-1
259,15,594.89,246.47,5.13,12.94,0.81,1,-1,-1
259,17,63.02,230.81,3.50,9.36,0.60,1,-1,-1
259,18,59.01,230.64,3.20,9.02,0.63,1,-1,-1
260,1,278.47,203.91,64.92,182.81,0.95,1,-1,-1
260,10,368.77,206.81,87.20,219.75,0.83,1,-1,-1
260,13,206.78,224.34,8.98,25.87,0.81,1,-1,-1
260,15,594.58,246.30,5.08,12.77,0.81,1,-1,-1
260,17,63.09,230.64,3.48,9.36,0.54,1,-1,-1
260,18,59.11,230.64,3.18,9.02,0.63,1,-1,-1
261,1,275.94,203.74,66.43,182.64,0.93,1,-1,-1
261,10,370.49,204.94,119.69,227.06,0.90,1,-1,-1
261,13,207.66,224.34,10.11,26.38,0.82,1,-1,-1
261,15,594.23,245.96,5.09,13.11,0.82,1,-1,-1
261,17,63.51,230.81,3.32,9.02,0.53,1,-1,-1
261,18,59.07,230.98,3.05,8.68,0.56,1,-1,-1
262,1,272.23,204.60,70.29,184.17,0.92,1,-1,-1
262,10,376.94,203.23,123.06,234.21,0.89,1,-1,-1
262,13,208.15,224.51,10.64,26.55,0.82,1,-1,-1
262,15,593.91,245.79,5.40,12.94,0.82,1,-1,-1
262,17,63.59,230.81,3.28,9.02,0.55,1,-1,-1
262,18,59.07,230.98,3.05,8.68,0.58,1,-1,-1
263,1,270.52,205.28,72.34,182.81,0.92,1,-1,-1
263,10,412.05,200.51,115.21,237.96,0.88,1,-1,-1
263,13,208.64,224.17,10.68,27.06,0.87,1,-1,-1
263,15,593.56,245.79,5.43,13.28,0.82,1,-1,-1
263,17,63.65,230.81,3.25,8.85,0.59,1,-1,-1
263,18,59.03,230.98,3.08,8.68,0.55,1,-1,-1
264,1,270.33,204.94,70.69,182.13,0.94,1,-1,-1
264,10,442.18,196.77,103.77,243.06,0.89,1,-1,-1
264,13,209.82,224.51,10.03,26.89,0.85,1,-1,-1
264,15,593.55,245.96,5.11,13.28,0.81,1,-1,-1
264,17,63.61,230.64,3.34,9.02,0.62,1,-1,-1
264,18,59.02,230.81,3.11,8.85,0.54,1,-1,-1
265,1,271.18,205.28,69.50,181.79,0.94,1,-1,-1
265,10,461.08,198.64,107.67,240.51,0.89,1,-1,-1
265,13,211.51,224.00,9.69,27.23,0.82,1,-1,-1
265,15,593.22,245.62,5.09,13.45,0.81,1,-1,-1
265,17,63.68,230.64,3.31,9.02,0.65,1,-1,-1
265,18,59.04,230.81,3.36,9.19,0.64,1,-1,-1
266,1,273.05,204.60,68.82,181.79,0.93,1,-1,-1
266,10,461.93,198.64,123.27,247.32,0.87,1,-1,-1
266,13,212.23,224.17,10.46,26.89,0.83,1,-1,-1
266,15,592.89,245.45,5.40,13.45,0.82,1,-1,-1
266,17,63.77,230.64,3.26,8.85,0.66,1,-1,-1
266,18,59.16,230.64,3.47,9.36,0.68,1,-1,-1
267,1,274.92,205.62,68.31,180.43,0.94,1,-1,-1
267,10,485.13,193.36,131.09,257.02,0.88,1,-1,-1
267,13,213.22,224.00,10.67,27.23,0.84,1,-1,-1
267,15,592.87,245.62,5.11,13.45,0.79,1,-1,-1
267,17,63.82,230.81,3.32,8.68,0.69,1,-1,-1
267,18,59.22,230.81,3.69,9.36,0.68,1,-1,-1
268,1,278.64,207.66,64.59,177.02,0.94,1,-1,-1
268,10,531.97,191.49,100.10,259.58,0.84,1,-1,-1
268,13,213.57,224.17,11.00,27.40,0.85,1,-1,-1
268,17,63.99,230.81,3.38,8.68,0.72,1,-1,-1
268,18,59.58,230.81,3.56,9.02,0.66,1,-1,-1
269,1,283.53,208.34,58.87,176.34,0.93,1,-1,-1
269,10,544.32,190.81,94.76,258.90,0.87,1,-1,-1
269,13,215.21,224.00,9.93,27.74,0.81,1,-1,-1
269,17,64.40,230.81,3.33,8.85,0.69,1,-1,-1
269,18,59.66,230.81,3.48,8.85,0.56,1,-1,-1
270,1,284.06,209.02,57.64,175.32,0.93,1,-1,-1
270,10,544.69,190.98,93.01,261.45,0.85,1,-1,-1
270,13,216.44,223.66,9.84,27.91,0.82,1,-1,-1
270,15,591.52,245.45,4.75,13.11,0.77,1,-1,-1
270,17,64.50,230.64,3.30,8.68,0.67,1,-1,-1
270,18,59.98,230.64,3.38,8.85,0.56,1,-1,-1
271,1,286.27,209.70,56.78,173.96,0.94,1,-1,-1
271,10,557.99,208.50,81.32,251.07,0.81,1,-1,-1
271,13,218.48,224.00,10.15,28.09,0.83,1,-1,-1
271,15,591.20,245.45,5.07,13.28,0.81,1,-1,-1
271,17,64.61,230.64,3.32,9.02,0.72,1,-1,-1
271,18,60.34,230.64,3.42,8.85,0.60,1,-1,-1
272,1,286.45,209.36,58.63,173.62,0.94,1,-1,-1
272,13,219.34,224.34,11.32,27.74,0.88,1,-1,-1
272,15,590.86,245.45,5.40,13.45,0.81,1,-1,-1
272,17,64.78,230.64,3.31,9.19,0.75,1,-1,-1
272,18,60.39,230.81,3.50,8.85,0.61,1,-1,-1
273,1,285.77,210.72,60.15,171.91,0.94,1,-1,-1
273,13,219.82,224.34,11.03,27.91,0.87,1,-1,-1
273,15,590.51,245.62,5.42,13.45,0.80,1,-1,-1
273,17,64.87,230.47,3.28,9.36,0.74,1,-1,-1
273,18,60.47,230.81,3.47,8.68,0.61,1,-1,-1
274,1,287.11,209.70,59.16,172.26,0.94,1,-1,-1
274,13,222.04,224.17,11.18,27.91,0.84,1,-1,-1
274,15,590.50,245.62,5.10,13.28,0.81,1,-1,-1
274,17,64.91,230.47,3.23,9.36,0.74,1,-1,-1
274,18,60.51,230.64,3.51,8.68,0.62,1,-1,-1
275,1,284.76,209.36,61.66,171.57,0.93,1,-1,-1
275,13,224.20,223.83,10.08,28.26,0.83,1,-1,-1
275,15,590.16,245.28,5.09,13.62,0.82,1,-1,-1
275,17,64.96,230.30,3.31,9.70,0.74,1,-1,-1
275,18,60.51,230.64,3.48,8.68,0.61,1,-1,-1
276,1,287.10,208.17,59.53,173.79,0.93,1,-1,-1
276,13,225.41,224.17,9.19,27.74,0.85,1,-1,-1
276,15,589.83,245.28,5.09,13.62,0.82,1,-1,-1
276,17,64.96,230.30,3.42,9.87,0.74,1,-1,-1
276,18,60.60,230.64,3.51,8.68,0.61,1,-1,-1
277,1,282.90,209.70,63.01,174.98,0.93,1,-1,-1
277,13,226.12,224.68,9.80,27.57,0.84,1,-1,-1
277,15,589.50,245.45,5.40,13.45,0.82,1,-1,-1
277,17,65.00,230.30,3.47,9.87,0.73,1,-1,-1
277,18,60.71,230.64,3.45,8.68,0.58,1,-1,-1
278,1,282.54,209.36,62.72,176.68,0.94,1,-1,-1
278,13,226.78,224.51,10.16,28.26,0.86,1,-1,-1
278,15,589.14,245.62,5.10,13.28,0.81,1,-1,-1
278,17,65.05,230.47,3.51,9.87,0.75,1,-1,-1
278,18,60.79,230.64,3.45,8.85,0.56,1,-1,-1
279,1,281.85,208.85,61.38,176.85,0.91,1,-1,-1
279,13,228.30,224.17,10.18,28.77,0.84,1,-1,-1
279,15,588.80,245.28,4.78,13.45,0.81,1,-1,-1
279,17,65.21,230.30,3.52,10.04,0.72,1,-1,-1
279,18,61.16,230.47,3.36,9.02,0.54,1,-1,-1
280,1,280.99,206.64,59.04,179.40,0.91,1,-1,-1
280,13,230.33,224.17,9.85,28.77,0.84,1,-1,-1
280,15,588.48,245.11,4.74,13.28,0.81,1,-1,-1
280,17,65.55,230.30,3.48,10.04,0.70,1,-1,-1
280,18,61.40,230.13,3.51,9.36,0.68,1,-1,-1
281,1,276.16,205.45,63.62,180.60,0.89,1,-1,-1
281,13,231.22,224.17,11.79,28.77,0.87,1,-1,-1
281,15,588.14,245.28,4.75,13.28,0.82,1,-1,-1
281,17,65.76,230.47,3.40,9.87,0.64,1,-1,-1
281,18,61.48,230.13,3.57,9.70,0.67,1,-1,-1
282,1,279.96,205.62,59.07,180.43,0.91,1,-1,-1
282,13,232.03,224.51,11.53,28.77,0.88,1,-1,-1
282,15,587.81,245.28,5.07,13.45,0.82,1,-1,-1
282,17,65.84,230.30,3.37,10.04,0.62,1,-1,-1
282,18,61.53,230.13,3.64,9.87,0.67,1,-1,-1
283,1,282.51,205.28,55.49,180.77,0.91,1,-1,-1
283,13,232.54,224.51,11.36,28.77,0.88,1,-1,-1
283,15,587.46,245.28,5.08,13.11,0.82,1,-1,-1
283,17,65.94,230.47,3.37,9.87,0.62,1,-1,-1
283,18,61.65,230.13,3.48,9.53,0.61,1,-1,-1
284,1,281.86,205.28,55.60,181.45,0.90,1,-1,-1
284,13,234.55,224.34,10.40,29.11,0.84,1,-1,-1
284,15,587.11,244.77,5.10,13.79,0.83,1,-1,-1
284,17,65.94,230.47,3.38,9.70,0.62,1,-1,-1
284,18,61.70,230.13,3.43,9.36,0.60,1,-1,-1
285,1,283.19,204.60,53.45,181.79,0.89,1,-1,-1
285,13,236.60,224.00,9.86,28.94,0.83,1,-1,-1
285,15,586.79,244.60,5.40,13.79,0.82,1,-1,-1
285,17,66.18,230.47,3.45,10.04,0.61,1,-1,-1
285,18,61.89,230.13,3.42,9.70,0.62,1,-1,-1
286,1,282.89,205.28,53.72,181.11,0.89,1,-1,-1
286,13,237.62,224.17,9.68,29.28,0.84,1,-1,-1
286,15,586.14,244.94,6.03,13.11,0.81,1,-1,-1
286,17,66.27,230.30,3.44,10.21,0.66,1,-1,-1
286,18,61.97,230.13,3.30,9.70,0.61,1,-1,-1
287,1,280.04,205.11,56.02,181.28,0.87,1,-1,-1
287,13,239.34,224.68,10.63,29.11,0.86,1,-1,-1
287,15,585.73,245.11,5.15,13.45,0.82,1,-1,-1
287,17,66.45,230.47,3.46,10.04,0.72,1,-1,-1
287,18,62.06,230.13,3.25,9.87,0.64,1,-1,-1
288,1,277.15,205.28,58.41,180.77,0.90,1,-1,-1
288,13,240.84,224.51,10.36,29.45,0.85,1,-1,-1
288,15,585.08,244.77,5.09,13.45,0.83,1,-1,-1
288,17,66.62,230.30,3.42,9.70,0.74,1,-1,-1
288,18,62.13,230.13,3.25,9.70,0.61,1,-1,-1
289,1,276.11,205.45,58.81,180.60,0.91,1,-1,-1
289,13,243.03,224.00,9.87,29.79,0.83,1,-1,-1
289,15,584.75,244.43,5.42,14.13,0.84,1,-1,-1
289,17,66.61,230.30,3.56,10.21,0.77,1,-1,-1
289,18,62.25,230.13,3.29,9.70,0.61,1,-1,-1
290,1,275.59,205.28,58.48,180.77,0.92,1,-1,-1
290,13,244.41,224.00,10.15,29.62,0.85,1,-1,-1
290,15,584.07,244.60,5.42,14.13,0.85,1,-1,-1
290,17,66.74,230.30,3.52,10.04,0.77,1,-1,-1
290,18,62.44,230.30,3.39,9.53,0.59,1,-1,-1
291,1,276.26,206.30,57.14,180.09,0.91,1,-1,-1
291,13,245.97,224.17,12.80,29.79,0.88,1,-1,-1
291,15,583.40,244.77,5.73,13.79,0.83,1,-1,-1
291,17,66.95,230.47,3.43,9.70,0.75,1,-1,-1
291,18,62.65,230.13,3.72,9.87,0.63,1,-1,-1
292,1,278.95,206.64,54.14,178.72,0.89,1,-1,-1
292,13,246.94,224.34,12.39,30.13,0.88,1,-1,-1
292,15,582.69,244.26,5.46,14.30,0.81,1,-1,-1
292,17,67.16,230.30,3.40,9.70,0.71,1,-1,-1
292,18,62.92,230.13,3.61,9.70,0.59,1,-1,-1
293,1,285.70,206.64,47.91,178.72,0.91,1,-1,-1
293,13,250.12,223.83,10.27,30.64,0.86,1,-1,-1
293,15,582.38,244.43,5.41,13.79,0.79,1,-1,-1
293,17,67.28,230.13,3.44,10.04,0.70,1,-1,-1
293,18,63.09,230.13,3.57,9.70,0.58,1,-1,-1
294,1,285.78,206.47,49.46,179.23,0.90,1,-1,-1
294,13,252.86,224.00,9.37,29.96,0.81,1,-1,-1
294,15,581.37,244.60,6.07,13.96,0.84,1,-1,-1
294,17,67.38,230.30,3.54,10.04,0.71,1,-1,-1
294,18,63.51,230.13,3.49,9.70,0.63,1,-1,-1
295,1,283.26,205.96,52.46,179.74,0.89,1,-1,-1
295,13,254.08,224.51,10.31,30.13,0.87,1,-1,-1
295,15,580.99,244.43,5.48,14.13,0.81,1,-1,-1
295,17,67.50,230.13,3.48,10.04,0.71,1,-1,-1
295,18,63.48,229.96,3.59,9.87,0.66,1,-1,-1
296,1,281.71,205.62,54.20,179.74,0.90,1,-1,-1
296,13,255.09,224.68,11.00,30.30,0.88,1,-1,-1
296,15,580.02,243.92,6.07,14.47,0.82,1,-1,-1
296,17,67.54,230.13,3.48,10.04,0.73,1,-1,-1
296,18,63.47,229.96,3.65,10.04,0.69,1,-1,-1
297,1,280.53,207.32,57.07,178.72,0.92,1,-1,-1
297,13,258.10,224.51,9.74,30.47,0.84,1,-1,-1
297,15,579.65,243.91,5.45,14.13,0.83,1,-1,-1
297,17,67.67,230.30,3.39,9.87,0.73,1,-1,-1
297,18,63.48,229.96,3.63,9.87,0.68,1,-1,-1
298,1,279.51,206.30,59.80,179.74,0.93,1,-1,-1
298,13,260.50,224.34,9.51,30.64,0.85,1,-1,-1
298,15,579.32,243.91,5.44,14.64,0.83,1,-1,-1
298,17,67.71,230.30,3.39,9.87,0.74,1,-1,-1
298,18,63.39,229.79,3.69,10.04,0.68,1,-1,-1
299,1,280.17,205.62,60.34,180.09,0.94,1,-1,-1
299,13,261.41,224.51,11.75,30.98,0.84,1,-1,-1
299,15,578.99,243.91,5.42,14.30,0.83,1,-1,-1
299,17,67.72,230.30,3.38,9.70,0.72,1,-1,-1
299,18,63.39,229.79,3.64,9.87,0.65,1,-1,-1
300,1,281.02,205.28,62.03,181.11,0.95,1,-1,-1
300,13,262.07,225.02,13.33,30.47,0.87,1,-1,-1
300,15,578.65,243.57,5.42,14.13,0.81,1,-1,-1
300,17,67.71,230.13,3.52,10.21,0.72,1,-1,-1
300,18,63.27,229.79,3.76,10.04,0.63,1,-1,-1
