HOTA: tracking-pedestrian          HOTA      DetA      AssA      DetRe     DetPr     AssRe     AssPr     LocA      RHOTA     HOTA(0)   LocA(0)   HOTALocA(0)
seq17                              66.815    66.208    67.529    71.597    83.101    73.597    81.661    86.509    69.525    82.306    82.757    68.113    
seq2                               72.441    73.895    71.306    77.242    86.741    75.943    84.818    87.056    74.166    85.764    84.96     72.865    
seq22                              70.077    68.481    72.36     74.04     83.594    79.549    83.599    86.813    73.076    84.745    83.496    70.759    
seq47                              68.157    69.22     67.292    79.694    79.045    77.757    77.445    88.115    73.224    79.479    85.946    68.309    
seq54                              71.668    69.574    74.202    74.495    83.691    78.593    87.253    86.171    74.33     85.792    83.422    71.569    
seq66                              74.369    73.067    75.903    78.322    85.544    80.901    86.975    87.847    77.093    89.527    84.37     75.534    
COMBINED                           70.239    70.145    70.576    76.968    82.639    77.714    82.37     87.366    73.688    83.543    84.667    70.733    

CLEAR: tracking-pedestrian         MOTA      MOTP      MODA      CLR_Re    CLR_Pr    MTR       PTR       MLR       sMOTA     CLR_TP    CLR_FN    CLR_FP    IDSW      MT        PT        ML        Frag      
seq17                              78.68     84.22     79.264    82.71     96        57.143    28.571    14.286    65.628    1416      296       59        10        12        6         3         62        
seq2                               87.238    85.371    87.896    88.473    99.353    78.571    21.429    0         74.295    2149      280       14        16        11        3         0         60        
seq22                              81.524    84.461    81.524    85.048    96.022    60        33.333    6.6667    68.308    893       157       37        0         9         5         1         33        
seq47                              78.839    86.49     79.281    90.05     89.318    83.673    12.245    4.0816    66.673    4281      473       512       21        41        6         2         112       
seq54                              83.118    84.011    83.241    86.126    96.759    83.333    16.667    0         69.348    1403      226       47        2         10        2         0         29        
seq66                              88.119    86.533    88.423    89.99     98.288    86.667    13.333    0         76        1780      198       31        6         13        2         0         28        
COMBINED                           82.401    85.581    82.807    87.972    94.454    76.19     19.048    4.7619    69.717    11922     1630      700       55        96        24        6         324       

Identity: tracking-pedestrian      IDF1      IDR       IDP       IDTP      IDFN      IDFP      
seq17                              85.284    79.381    92.136    1359      353       116       
seq2                               90.2      85.261    95.747    2071      358       92        
seq22                              87.677    82.667    93.333    868       182       62        
seq47                              82.853    83.193    82.516    3955      799       838       
seq54                              86.716    81.952    92.069    1335      294       115       
seq66                              90.631    86.805    94.809    1717      261       94        
COMBINED                           86.383    83.419    89.566    11305     2247      1317      

Count: tracking-pedestrian         Dets      GT_Dets   IDs       GT_IDs    
seq17                              1475      1712      18        21        
seq2                               2163      2429      15        14        
seq22                              930       1050      13        15        
seq47                              4793      4754      50        49        
seq54                              1450      1629      14        12        
seq66                              1811      1978      15        15        
COMBINED                           12622     13552     125       126       


 HOTA = 70.239
 MOTA = 82.401
 IDF1 = 86.383