1,1,222.94,238.77,34.62,85.60,0.95,1,-1,-1
1,2,541.83,229.68,10.69,27.75,0.88,1,-1,-1
2,1,210.74,240.99,45.40,85.53,0.96,1,-1,-1
2,2,541.50,229.80,11.28,29.85,0.89,1,-1,-1
3,1,206.85,238.41,26.82,88.61,0.92,1,-1,-1
3,2,541.44,232.98,11.00,27.24,0.89,1,-1,-1
4,1,179.53,241.66,44.09,89.42,0.96,1,-1,-1
4,2,540.40,232.83,11.37,28.38,0.89,1,-1,-1
5,1,172.07,241.41,37.70,90.38,0.95,1,-1,-1
5,2,540.38,232.77,11.31,29.71,0.89,1,-1,-1
6,1,156.32,239.93,34.98,92.44,0.95,1,-1,-1
6,2,540.69,234.31,11.47,29.15,0.89,1,-1,-1
7,1,138.33,242.58,48.42,92.56,0.96,1,-1,-1
7,2,541.21,234.21,11.74,29.49,0.89,1,-1,-1
8,1,130.77,240.01,25.47,96.28,0.91,1,-1,-1
8,2,541.72,234.53,11.78,30.08,0.90,1,-1,-1
9,1,103.99,242.16,48.47,96.60,0.95,1,-1,-1
9,2,543.03,233.82,11.52,30.77,0.92,1,-1,-1
10,1,94.63,241.89,41.59,98.52,0.95,1,-1,-1
10,2,544.11,234.31,12.71,31.00,0.90,1,-1,-1
11,1,77.65,240.80,38.50,100.03,0.95,1,-1,-1
11,2,547.35,233.70,11.97,32.28,0.90,1,-1,-1
12,1,60.15,245.30,51.66,97.98,0.96,1,-1,-1
12,2,549.72,233.75,12.95,32.74,0.90,1,-1,-1
13,1,50.27,241.27,28.91,102.75,0.88,1,-1,-1
13,2,553.80,232.94,12.03,35.14,0.90,1,-1,-1
14,1,22.74,244.27,51.33,103.07,0.95,1,-1,-1
14,2,556.20,233.15,15.19,34.27,0.93,1,-1,-1
15,1,12.70,244.25,43.82,104.31,0.95,1,-1,-1
15,2,559.62,233.78,15.37,34.68,0.90,1,-1,-1
16,1,-0.04,243.57,35.43,105.23,0.94,1,-1,-1
16,2,566.21,233.79,13.50,35.23,0.92,1,-1,-1
17,1,-0.14,240.77,28.65,109.01,0.86,1,-1,-1
17,2,570.62,234.58,14.70,36.32,0.90,1,-1,-1
17,4,514.55,220.77,4.87,9.63,0.79,1,-1,-1
18,2,576.09,234.56,13.55,36.86,0.90,1,-1,-1
18,4,514.95,220.82,4.77,9.44,0.79,1,-1,-1
19,2,578.33,235.32,18.20,35.74,0.94,1,-1,-1
19,4,515.55,220.87,4.94,8.72,0.75,1,-1,-1
20,2,586.68,234.87,13.82,37.24,0.91,1,-1,-1
20,4,516.22,220.69,4.59,8.10,0.67,1,-1,-1
21,2,591.73,235.13,15.59,36.80,0.92,1,-1,-1
21,4,516.66,220.61,5.01,9.42,0.63,1,-1,-1
22,2,600.73,235.49,12.89,37.83,0.91,1,-1,-1
22,4,517.36,220.61,4.82,9.03,0.76,1,-1,-1
23,2,604.44,235.33,17.61,38.09,0.93,1,-1,-1
23,4,517.64,220.75,4.91,9.07,0.78,1,-1,-1
24,2,608.75,236.31,17.01,37.40,0.92,1,-1,-1
24,4,517.88,220.72,5.20,9.18,0.74,1,-1,-1
25,2,619.63,236.21,13.47,37.94,0.89,1,-1,-1
25,4,518.23,220.79,4.92,8.85,0.72,1,-1,-1
26,2,626.29,237.21,12.86,38.25,0.88,1,-1,-1
26,4,518.52,220.86,4.99,8.72,0.70,1,-1,-1
27,2,631.02,236.29,8.83,39.91,0.86,1,-1,-1
27,4,518.81,220.71,5.52,8.86,0.73,1,-1,-1
28,2,632.88,239.84,7.18,35.94,0.60,1,-1,-1
28,4,518.91,220.56,4.99,8.90,0.68,1,-1,-1
29,4,519.35,220.30,4.81,8.75,0.63,1,-1,-1
30,4,519.40,220.48,4.60,8.79,0.67,1,-1,-1
31,4,519.52,220.54,4.62,8.65,0.62,1,-1,-1
32,4,519.82,220.52,5.05,8.81,0.66,1,-1,-1
33,4,519.84,220.48,5.30,8.92,0.57,1,-1,-1
34,4,519.98,220.52,5.20,8.64,0.62,1,-1,-1
35,4,519.95,220.48,5.34,8.83,0.66,1,-1,-1
36,4,519.99,220.50,5.23,8.74,0.69,1,-1,-1
37,4,520.00,220.50,5.36,8.68,0.69,1,-1,-1
38,4,520.01,220.48,5.34,8.64,0.66,1,-1,-1
39,4,519.76,220.53,4.97,8.76,0.60,1,-1,-1
40,4,519.60,219.73,5.21,9.42,0.57,1,-1,-1
41,4,519.75,220.42,5.17,8.80,0.63,1,-1,-1
42,4,519.36,219.79,5.27,9.30,0.52,1,-1,-1
43,4,519.24,219.61,5.09,9.54,0.60,1,-1,-1
44,4,518.72,219.76,5.24,9.61,0.64,1,-1,-1
45,4,518.71,220.15,4.82,9.22,0.73,1,-1,-1
46,4,518.59,219.89,5.05,9.59,0.72,1,-1,-1
47,4,518.43,220.04,4.96,9.47,0.65,1,-1,-1
48,4,518.54,220.32,4.73,9.18,0.69,1,-1,-1
49,4,518.24,220.35,4.79,9.36,0.66,1,-1,-1
50,4,517.96,219.86,5.02,9.77,0.71,1,-1,-1
51,4,517.80,220.02,4.99,9.88,0.70,1,-1,-1
52,4,517.86,220.08,5.01,9.74,0.68,1,-1,-1
53,4,517.81,220.21,4.83,9.63,0.64,1,-1,-1
54,4,517.62,219.40,4.96,10.22,0.54,1,-1,-1
55,4,517.60,219.25,5.14,10.63,0.42,1,-1,-1
56,4,517.83,216.80,8.31,12.85,0.67,1,-1,-1
57,4,517.60,216.74,8.73,13.22,0.80,1,-1,-1
58,4,517.46,216.34,8.64,13.67,0.82,1,-1,-1
59,4,516.01,216.97,8.90,13.48,0.70,1,-1,-1
60,4,515.47,216.62,9.61,13.87,0.79,1,-1,-1
61,4,514.66,216.70,8.28,13.29,0.66,1,-1,-1
62,4,514.18,216.57,6.63,14.06,0.65,1,-1,-1
63,4,513.65,216.78,5.73,13.80,0.76,1,-1,-1
64,4,512.68,216.09,6.22,14.72,0.71,1,-1,-1
65,4,512.39,216.45,6.23,14.26,0.68,1,-1,-1
66,4,511.55,216.12,6.33,14.52,0.60,1,-1,-1
67,4,511.05,215.86,6.65,14.85,0.54,1,-1,-1
68,4,509.65,216.26,6.42,14.16,0.60,1,-1,-1
69,4,509.54,216.10,6.05,12.62,0.53,1,-1,-1
70,4,509.31,216.11,6.23,13.19,0.52,1,-1,-1
71,4,509.27,215.93,6.46,13.74,0.60,1,-1,-1
72,4,509.11,216.05,6.24,13.17,0.57,1,-1,-1
73,4,509.21,215.94,6.95,14.43,0.47,1,-1,-1
74,4,509.74,215.72,9.88,15.60,0.61,1,-1,-1
75,4,510.74,215.82,9.18,15.34,0.70,1,-1,-1
76,4,511.80,215.77,8.67,15.46,0.81,1,-1,-1
77,4,512.48,215.57,7.68,15.24,0.78,1,-1,-1
78,4,514.83,215.91,6.21,14.50,0.64,1,-1,-1
79,4,516.62,216.08,5.86,14.34,0.69,1,-1,-1
80,4,517.33,215.65,6.13,14.34,0.67,1,-1,-1
81,4,518.58,216.53,5.98,13.26,0.65,1,-1,-1
82,4,519.36,216.17,6.44,13.35,0.64,1,-1,-1
83,4,520.72,216.13,5.76,12.37,0.60,1,-1,-1
84,4,521.94,215.39,6.74,12.53,0.67,1,-1,-1
85,4,509.80,215.90,8.83,14.56,0.68,1,-1,-1
86,4,510.30,216.19,8.52,14.71,0.81,1,-1,-1
87,4,511.05,215.93,7.48,14.85,0.82,1,-1,-1
88,4,511.62,216.17,6.80,14.83,0.80,1,-1,-1
89,4,512.29,215.85,6.70,15.16,0.84,1,-1,-1
90,4,512.61,215.53,7.01,15.34,0.80,1,-1,-1
91,4,514.48,216.07,6.24,14.30,0.59,1,-1,-1
91,6,530.50,215.47,9.00,23.12,0.80,1,-1,-1
92,4,515.86,215.95,5.63,13.67,0.59,1,-1,-1
92,6,531.66,215.32,7.91,23.15,0.84,1,-1,-1
93,4,516.82,216.44,6.05,13.89,0.69,1,-1,-1
93,6,532.34,215.66,8.45,22.94,0.87,1,-1,-1
94,4,510.21,218.28,5.75,11.65,0.62,1,-1,-1
94,6,533.13,214.87,9.73,23.97,0.88,1,-1,-1
95,4,518.95,216.46,7.14,13.11,0.64,1,-1,-1
95,6,533.87,215.04,9.66,23.44,0.90,1,-1,-1
96,4,520.21,215.98,7.07,13.31,0.63,1,-1,-1
96,6,534.00,214.92,10.20,23.88,0.89,1,-1,-1
97,4,521.47,215.76,7.85,12.67,0.75,1,-1,-1
97,6,533.97,214.45,10.75,24.08,0.89,1,-1,-1
98,4,522.31,216.08,7.77,12.14,0.66,1,-1,-1
98,6,534.70,214.29,11.51,24.63,0.90,1,-1,-1
99,4,523.07,215.78,8.64,11.82,0.63,1,-1,-1
99,6,534.91,213.72,12.00,25.26,0.89,1,-1,-1
100,4,524.27,215.70,8.22,11.34,0.41,1,-1,-1
100,6,534.92,213.74,12.09,25.10,0.90,1,-1,-1
100,7,507.87,218.16,5.89,6.59,0.72,1,-1,-1
101,4,526.79,215.30,7.27,11.15,0.69,1,-1,-1
101,6,536.04,213.35,11.57,25.85,0.89,1,-1,-1
101,7,507.46,217.53,6.21,7.31,0.74,1,-1,-1
102,4,527.64,215.89,7.08,10.18,0.59,1,-1,-1
102,6,536.69,213.44,11.46,25.83,0.89,1,-1,-1
102,7,507.42,217.58,5.96,7.01,0.71,1,-1,-1
103,4,528.78,215.51,6.89,10.80,0.45,1,-1,-1
103,6,536.85,212.95,11.46,26.06,0.88,1,-1,-1
103,7,507.08,217.62,6.08,7.10,0.75,1,-1,-1
104,4,528.78,214.68,9.39,22.67,0.76,1,-1,-1
104,6,537.31,213.02,10.56,26.13,0.87,1,-1,-1
104,7,506.95,217.41,6.16,7.29,0.77,1,-1,-1
105,4,530.99,214.87,7.01,21.03,0.69,1,-1,-1
105,6,537.71,212.80,9.70,25.96,0.87,1,-1,-1
105,7,506.91,217.39,6.24,7.31,0.76,1,-1,-1
106,4,531.74,214.95,6.73,21.95,0.76,1,-1,-1
106,6,537.49,212.69,9.77,26.28,0.87,1,-1,-1
106,7,506.84,217.20,6.32,7.65,0.79,1,-1,-1
107,4,533.03,215.25,6.03,23.08,0.74,1,-1,-1
107,6,537.22,213.05,10.61,26.20,0.87,1,-1,-1
107,7,506.73,217.43,6.38,7.67,0.78,1,-1,-1
108,4,533.48,214.88,6.25,23.47,0.68,1,-1,-1
108,6,536.40,213.13,11.42,26.24,0.87,1,-1,-1
108,7,506.50,216.94,6.45,7.67,0.80,1,-1,-1
109,4,533.55,214.18,6.19,25.06,0.37,1,-1,-1
109,6,535.27,213.55,11.91,27.27,0.86,1,-1,-1
109,7,506.43,216.91,6.35,7.57,0.82,1,-1,-1
110,6,534.10,213.94,12.21,27.81,0.90,1,-1,-1
110,7,506.34,216.78,6.41,7.86,0.79,1,-1,-1
111,6,534.51,213.81,11.71,29.40,0.92,1,-1,-1
111,7,506.29,216.58,6.34,7.93,0.81,1,-1,-1
112,6,534.70,214.07,12.05,29.90,0.92,1,-1,-1
112,7,506.15,216.71,6.23,7.92,0.80,1,-1,-1
113,6,534.81,213.77,12.63,31.74,0.88,1,-1,-1
113,7,506.00,216.54,6.22,8.06,0.78,1,-1,-1
114,6,535.10,218.34,11.62,27.80,0.89,1,-1,-1
114,7,506.07,216.58,5.94,7.87,0.78,1,-1,-1
115,6,534.78,218.93,11.72,28.14,0.89,1,-1,-1
115,7,506.12,216.49,5.98,7.95,0.79,1,-1,-1
116,4,538.82,212.92,8.38,15.64,0.68,1,-1,-1
116,6,534.91,220.89,10.93,27.99,0.88,1,-1,-1
116,7,506.11,216.32,6.06,8.04,0.80,1,-1,-1
117,4,539.12,213.03,8.60,18.08,0.79,1,-1,-1
117,6,534.77,222.36,11.33,28.14,0.90,1,-1,-1
117,7,506.12,216.62,5.96,8.01,0.75,1,-1,-1
118,4,538.90,212.64,9.25,22.79,0.80,1,-1,-1
118,6,534.12,223.30,11.61,27.96,0.91,1,-1,-1
118,7,506.14,216.25,5.99,8.23,0.78,1,-1,-1
119,4,538.93,212.46,9.53,23.49,0.82,1,-1,-1
119,6,533.60,223.95,12.20,28.47,0.92,1,-1,-1
119,7,506.20,216.42,5.95,7.82,0.81,1,-1,-1
120,4,539.37,212.47,9.29,23.43,0.84,1,-1,-1
120,6,533.19,225.16,11.83,28.96,0.92,1,-1,-1
120,7,506.27,216.30,6.29,7.97,0.81,1,-1,-1
121,4,539.59,212.56,8.97,23.50,0.84,1,-1,-1
121,6,532.65,226.52,12.37,28.94,0.92,1,-1,-1
121,7,506.47,216.33,6.44,8.33,0.83,1,-1,-1
122,4,539.63,213.71,8.54,25.38,0.84,1,-1,-1
122,6,531.99,227.97,12.41,28.64,0.92,1,-1,-1
122,7,506.60,216.39,6.45,8.49,0.85,1,-1,-1
123,4,538.73,214.87,9.20,26.92,0.83,1,-1,-1
123,6,531.22,228.70,12.87,29.51,0.92,1,-1,-1
123,7,506.72,216.06,6.60,8.74,0.82,1,-1,-1
124,4,538.77,216.09,8.92,25.56,0.81,1,-1,-1
124,6,531.39,229.26,12.40,30.24,0.93,1,-1,-1
124,7,507.37,216.38,6.56,8.68,0.79,1,-1,-1
125,4,538.05,217.18,9.21,24.75,0.81,1,-1,-1
125,6,531.18,230.08,12.67,30.35,0.92,1,-1,-1
125,7,507.59,215.93,7.45,10.40,0.75,1,-1,-1
125,8,617.84,241.70,22.16,36.81,0.80,1,-1,-1
126,4,537.04,218.63,9.32,23.63,0.84,1,-1,-1
126,6,528.67,231.13,14.56,31.42,0.91,1,-1,-1
126,7,508.56,216.13,7.15,11.12,0.72,1,-1,-1
126,8,608.67,242.96,30.64,54.64,0.90,1,-1,-1
127,4,536.36,219.39,9.74,28.34,0.85,1,-1,-1
127,6,526.32,232.27,16.12,30.36,0.92,1,-1,-1
127,7,508.96,216.31,7.21,12.32,0.70,1,-1,-1
127,8,601.34,241.53,26.21,54.88,0.90,1,-1,-1
128,4,536.56,221.29,9.36,26.38,0.83,1,-1,-1
128,6,527.22,231.53,14.98,31.00,0.92,1,-1,-1
128,7,509.40,215.93,7.68,14.97,0.80,1,-1,-1
128,8,592.68,242.29,26.92,54.99,0.91,1,-1,-1
129,4,536.28,222.40,9.43,24.97,0.83,1,-1,-1
129,6,527.50,231.61,13.96,31.82,0.92,1,-1,-1
129,7,509.99,216.11,7.88,15.00,0.80,1,-1,-1
129,8,583.62,244.42,27.79,53.27,0.91,1,-1,-1
130,4,536.37,223.88,8.78,26.00,0.83,1,-1,-1
130,6,526.02,231.66,14.64,32.05,0.91,1,-1,-1
130,7,511.94,215.91,6.96,14.92,0.80,1,-1,-1
130,8,574.77,240.90,26.15,56.74,0.88,1,-1,-1
131,4,536.45,225.05,8.83,26.65,0.81,1,-1,-1
131,6,524.96,231.40,15.24,32.65,0.91,1,-1,-1
131,7,512.75,216.38,6.94,14.48,0.83,1,-1,-1
131,8,563.35,243.55,31.87,52.86,0.92,1,-1,-1
132,4,535.84,226.12,9.28,26.52,0.83,1,-1,-1
132,6,526.31,231.93,14.28,32.54,0.92,1,-1,-1
132,7,513.41,216.07,7.07,14.95,0.82,1,-1,-1
132,8,554.60,241.54,26.89,56.04,0.91,1,-1,-1
133,4,536.11,227.45,8.64,26.50,0.80,1,-1,-1
133,6,526.66,231.67,13.56,33.41,0.92,1,-1,-1
133,7,514.08,216.09,6.71,15.04,0.78,1,-1,-1
133,8,545.57,242.70,28.42,53.39,0.93,1,-1,-1
134,4,536.49,228.70,8.03,15.77,0.81,1,-1,-1
134,6,526.41,231.95,13.58,33.34,0.88,1,-1,-1
134,7,515.18,216.66,6.84,13.55,0.68,1,-1,-1
134,8,536.16,242.51,25.72,53.12,0.92,1,-1,-1
135,4,536.95,229.71,7.63,13.13,0.84,1,-1,-1
135,6,525.93,231.60,13.00,34.18,0.87,1,-1,-1
135,7,516.12,216.32,7.34,13.83,0.79,1,-1,-1
135,8,529.35,242.05,24.39,53.94,0.91,1,-1,-1
136,4,535.93,230.65,9.49,28.42,0.74,1,-1,-1
136,6,527.03,231.51,10.61,13.35,0.82,1,-1,-1
136,7,517.08,216.57,6.73,13.22,0.74,1,-1,-1
136,8,516.90,244.07,28.89,51.27,0.76,1,-1,-1
137,4,536.45,232.12,8.18,27.44,0.82,1,-1,-1
137,6,526.32,232.15,12.51,35.55,0.90,1,-1,-1
137,7,517.85,216.53,6.80,13.16,0.73,1,-1,-1
137,8,509.54,241.97,24.75,51.34,0.88,1,-1,-1
138,4,536.24,233.05,8.02,27.37,0.83,1,-1,-1
138,6,525.61,231.91,12.78,35.36,0.88,1,-1,-1
138,7,518.81,215.62,7.30,13.70,0.67,1,-1,-1
138,8,502.28,241.27,26.59,53.36,0.92,1,-1,-1
139,4,535.71,232.72,8.52,27.94,0.81,1,-1,-1
139,6,524.61,232.54,13.44,35.41,0.90,1,-1,-1
139,7,519.98,215.98,7.42,12.85,0.67,1,-1,-1
139,8,493.64,241.67,28.34,54.64,0.90,1,-1,-1
140,4,534.59,232.57,9.68,30.05,0.84,1,-1,-1
140,6,522.94,232.49,14.81,36.51,0.89,1,-1,-1
140,7,521.25,215.57,8.05,12.14,0.60,1,-1,-1
140,8,483.46,240.67,26.10,55.13,0.91,1,-1,-1
141,4,534.83,231.95,9.39,29.22,0.86,1,-1,-1
141,6,522.38,232.43,14.71,36.90,0.90,1,-1,-1
141,7,523.16,215.68,6.58,10.38,0.51,1,-1,-1
141,8,473.88,242.81,31.66,53.11,0.93,1,-1,-1
142,4,534.49,232.70,9.72,30.24,0.86,1,-1,-1
142,6,521.67,233.23,15.90,37.45,0.90,1,-1,-1
142,7,523.69,215.36,7.26,10.37,0.48,1,-1,-1
142,8,465.63,241.08,25.75,54.08,0.89,1,-1,-1
143,4,533.75,232.69,10.18,30.20,0.85,1,-1,-1
143,6,521.25,232.85,15.03,38.08,0.90,1,-1,-1
143,7,525.31,215.30,7.50,9.74,0.61,1,-1,-1
143,8,455.31,241.30,27.78,54.14,0.93,1,-1,-1
144,4,532.77,232.37,11.22,30.03,0.86,1,-1,-1
144,6,520.45,234.31,15.30,38.18,0.92,1,-1,-1
144,7,526.22,215.48,6.74,8.26,0.59,1,-1,-1
144,8,450.60,241.62,22.47,54.05,0.85,1,-1,-1
145,4,532.60,232.91,11.17,31.14,0.86,1,-1,-1
145,6,518.31,234.02,16.55,38.36,0.91,1,-1,-1
145,7,527.68,214.91,6.83,8.83,0.63,1,-1,-1
145,8,438.88,239.81,23.20,55.72,0.90,1,-1,-1
146,4,532.37,232.39,11.45,33.14,0.88,1,-1,-1
146,6,518.19,234.71,16.13,38.42,0.91,1,-1,-1
146,7,528.41,215.47,6.41,8.28,0.65,1,-1,-1
146,8,429.59,240.60,30.85,54.59,0.89,1,-1,-1
147,4,532.28,232.34,11.57,33.19,0.88,1,-1,-1
147,6,517.82,234.43,16.12,39.26,0.91,1,-1,-1
147,7,528.10,215.20,7.32,9.75,0.57,1,-1,-1
147,8,428.41,243.78,15.27,50.98,0.88,1,-1,-1
148,4,531.41,232.69,11.70,32.71,0.88,1,-1,-1
148,6,516.56,234.95,15.11,39.75,0.91,1,-1,-1
148,7,528.01,215.16,8.61,11.57,0.40,1,-1,-1
148,8,410.75,241.19,28.69,54.30,0.91,1,-1,-1
149,4,530.77,232.66,12.14,33.91,0.89,1,-1,-1
149,6,514.25,234.97,16.19,40.48,0.92,1,-1,-1
149,7,528.32,215.18,10.45,17.89,0.65,1,-1,-1
149,8,409.29,243.61,16.28,50.53,0.86,1,-1,-1
150,4,530.72,233.37,11.90,32.54,0.88,1,-1,-1
150,6,512.60,234.78,18.14,41.47,0.93,1,-1,-1
150,7,531.67,214.70,8.32,18.16,0.61,1,-1,-1
150,8,394.83,244.63,24.84,49.33,0.93,1,-1,-1
151,4,530.23,232.91,12.51,34.18,0.88,1,-1,-1
151,6,512.61,235.02,18.87,43.62,0.92,1,-1,-1
151,7,532.15,214.77,8.08,18.47,0.66,1,-1,-1
151,8,391.24,245.77,22.15,46.59,0.89,1,-1,-1
152,4,529.84,234.14,12.13,34.56,0.88,1,-1,-1
152,6,513.45,234.78,15.77,44.20,0.92,1,-1,-1
152,7,532.75,213.85,8.42,22.11,0.74,1,-1,-1
152,8,375.93,240.99,23.25,52.38,0.89,1,-1,-1
153,4,528.29,233.32,13.32,35.29,0.89,1,-1,-1
153,6,510.57,235.81,17.76,44.22,0.93,1,-1,-1
153,7,533.84,214.27,8.10,23.25,0.81,1,-1,-1
153,8,368.09,242.53,26.22,51.09,0.91,1,-1,-1
154,4,527.89,233.55,13.21,36.53,0.90,1,-1,-1
154,6,508.57,235.24,19.67,45.36,0.93,1,-1,-1
154,7,534.28,213.62,9.68,25.31,0.84,1,-1,-1
154,8,364.05,244.54,16.73,46.03,0.86,1,-1,-1
155,4,527.36,233.63,13.21,35.90,0.89,1,-1,-1
155,6,507.75,236.30,20.51,45.86,0.93,1,-1,-1
155,7,534.34,213.58,9.93,25.38,0.85,1,-1,-1
155,8,350.59,241.36,27.16,52.34,0.92,1,-1,-1
156,4,526.51,232.99,13.23,38.44,0.89,1,-1,-1
156,6,507.22,236.06,19.64,46.31,0.92,1,-1,-1
156,7,534.43,213.47,10.72,24.71,0.84,1,-1,-1
156,8,346.53,243.67,18.40,48.05,0.87,1,-1,-1
157,4,525.21,234.85,12.74,36.44,0.87,1,-1,-1
157,6,504.87,237.22,18.74,46.55,0.92,1,-1,-1
157,7,534.60,212.91,11.39,25.47,0.86,1,-1,-1
157,8,332.34,241.73,24.65,50.15,0.91,1,-1,-1
158,4,523.52,233.88,13.61,38.05,0.87,1,-1,-1
158,6,500.99,237.21,20.69,47.31,0.93,1,-1,-1
158,7,535.43,213.16,10.43,25.40,0.85,1,-1,-1
158,8,321.99,242.02,29.19,50.53,0.88,1,-1,-1
159,4,520.82,234.25,15.68,39.45,0.89,1,-1,-1
159,6,498.44,237.21,22.13,47.59,0.93,1,-1,-1
159,7,536.34,212.55,10.36,26.18,0.87,1,-1,-1
159,8,314.12,241.94,23.48,50.06,0.86,1,-1,-1
160,4,520.80,235.38,14.49,39.36,0.87,1,-1,-1
160,6,496.53,237.90,22.91,49.03,0.94,1,-1,-1
160,7,537.23,212.39,9.42,26.31,0.87,1,-1,-1
160,8,304.82,243.32,30.83,48.53,0.93,1,-1,-1
161,4,520.01,234.05,14.24,41.70,0.89,1,-1,-1
161,6,495.04,237.02,20.92,50.47,0.94,1,-1,-1
161,7,537.17,212.80,9.32,25.90,0.87,1,-1,-1
161,8,297.37,241.27,23.36,48.84,0.90,1,-1,-1
162,4,517.41,236.06,15.57,41.43,0.89,1,-1,-1
162,6,492.26,238.46,19.29,50.20,0.92,1,-1,-1
162,7,536.98,212.79,9.53,25.64,0.88,1,-1,-1
162,8,288.92,241.35,26.03,48.12,0.91,1,-1,-1
162,9,0.01,267.97,25.93,174.52,0.78,1,-1,-1
163,4,516.46,235.32,14.19,41.43,0.89,1,-1,-1
163,6,486.58,239.11,20.63,50.88,0.94,1,-1,-1
163,7,537.17,212.96,9.29,26.78,0.86,1,-1,-1
163,8,279.90,241.94,25.71,48.91,0.90,1,-1,-1
163,9,0.37,223.98,73.13,216.31,0.87,1,-1,-1
164,4,515.29,235.19,14.55,43.56,0.90,1,-1,-1
164,6,481.27,239.41,24.54,52.20,0.94,1,-1,-1
164,7,537.36,214.27,9.19,27.19,0.87,1,-1,-1
164,8,274.18,240.94,23.32,49.48,0.88,1,-1,-1
164,9,-0.10,216.63,96.96,295.34,0.82,1,-1,-1
165,4,514.09,236.46,14.44,42.68,0.89,1,-1,-1
165,6,477.11,240.81,26.21,52.84,0.94,1,-1,-1
165,7,537.43,214.84,9.47,26.78,0.87,1,-1,-1
165,8,264.19,242.39,31.18,47.17,0.91,1,-1,-1
165,9,19.84,232.72,109.26,239.59,0.83,1,-1,-1
166,4,512.06,235.18,15.36,45.14,0.90,1,-1,-1
166,6,476.64,240.34,21.27,53.60,0.94,1,-1,-1
166,7,536.97,216.28,9.76,27.88,0.87,1,-1,-1
166,8,255.90,240.87,29.75,48.43,0.86,1,-1,-1
166,9,55.66,239.60,88.06,251.16,0.83,1,-1,-1
167,4,509.80,236.65,16.25,44.70,0.87,1,-1,-1
167,6,471.39,242.12,21.75,53.70,0.94,1,-1,-1
167,7,536.97,217.10,9.53,27.66,0.87,1,-1,-1
167,8,247.61,242.44,26.84,46.80,0.91,1,-1,-1
167,9,92.25,225.95,90.05,249.67,0.90,1,-1,-1
168,4,508.25,235.73,14.64,46.40,0.90,1,-1,-1
168,6,464.64,241.72,25.44,54.32,0.94,1,-1,-1
168,7,537.00,218.39,9.70,27.53,0.88,1,-1,-1
168,8,241.72,241.21,25.64,47.26,0.88,1,-1,-1
168,9,128.55,236.65,90.41,222.37,0.87,1,-1,-1
169,4,506.16,236.39,15.17,47.13,0.91,1,-1,-1
169,6,458.92,242.65,28.75,54.82,0.95,1,-1,-1
169,7,536.95,218.78,9.85,28.21,0.87,1,-1,-1
169,8,236.47,240.87,25.04,47.46,0.88,1,-1,-1
169,9,145.99,242.97,95.35,212.83,0.92,1,-1,-1
169,10,141.09,227.03,46.82,182.90,0.78,1,-1,-1
170,4,503.59,237.98,16.00,44.19,0.90,1,-1,-1
170,6,455.34,241.78,28.21,56.96,0.95,1,-1,-1
170,7,536.34,220.37,10.01,28.06,0.88,1,-1,-1
170,9,197.18,234.08,63.23,206.11,0.93,1,-1,-1
170,10,159.60,235.50,69.40,175.88,0.84,1,-1,-1
170,11,618.45,236.60,21.32,56.26,0.85,1,-1,-1
171,4,500.45,238.65,16.04,46.89,0.92,1,-1,-1
171,6,451.93,241.87,23.44,57.58,0.94,1,-1,-1
171,7,536.09,221.29,9.57,28.97,0.88,1,-1,-1
171,9,221.66,244.28,65.78,195.93,0.88,1,-1,-1
171,10,179.51,229.70,66.35,171.05,0.92,1,-1,-1
171,11,615.53,235.15,18.74,58.49,0.87,1,-1,-1
172,4,496.51,240.09,16.88,47.68,0.92,1,-1,-1
172,6,446.64,241.61,23.11,59.72,0.94,1,-1,-1
172,7,536.09,223.26,9.75,27.50,0.89,1,-1,-1
172,9,256.34,241.94,52.19,175.96,0.95,1,-1,-1
172,10,209.49,231.22,51.78,166.60,0.95,1,-1,-1
172,11,598.34,235.58,26.64,57.30,0.94,1,-1,-1
173,4,492.88,238.83,16.39,49.49,0.91,1,-1,-1
173,6,439.60,241.40,27.13,59.88,0.95,1,-1,-1
173,7,535.57,224.27,10.01,28.31,0.89,1,-1,-1
173,8,209.48,239.94,20.90,44.58,0.87,1,-1,-1
173,9,264.39,246.03,75.44,170.04,0.95,1,-1,-1
173,10,227.74,234.46,56.91,161.49,0.94,1,-1,-1
173,11,591.86,236.47,26.45,56.39,0.94,1,-1,-1
174,4,489.30,239.73,16.51,50.38,0.92,1,-1,-1
174,6,434.04,241.35,28.95,63.74,0.95,1,-1,-1
174,7,534.90,225.88,10.35,27.33,0.90,1,-1,-1
174,8,205.08,241.56,22.72,42.80,0.88,1,-1,-1
174,9,298.54,242.72,52.37,160.06,0.94,1,-1,-1
174,10,246.66,232.42,53.24,150.75,0.95,1,-1,-1
174,11,586.14,235.11,14.73,57.30,0.89,1,-1,-1
175,4,483.89,240.14,17.85,51.69,0.92,1,-1,-1
175,6,427.59,240.51,25.19,64.78,0.94,1,-1,-1
175,7,534.91,227.40,10.19,27.24,0.89,1,-1,-1
175,8,200.77,240.33,21.22,44.96,0.84,1,-1,-1
175,9,318.28,246.72,50.67,156.45,0.95,1,-1,-1
175,10,261.14,235.53,65.69,144.07,0.93,1,-1,-1
175,11,568.69,236.87,29.70,56.58,0.94,1,-1,-1
176,4,478.37,240.45,19.47,52.27,0.93,1,-1,-1
176,6,419.75,241.08,27.92,66.58,0.94,1,-1,-1
176,7,534.72,228.46,10.41,28.21,0.90,1,-1,-1
176,8,195.94,241.47,21.50,42.59,0.86,1,-1,-1
176,9,334.61,245.77,45.42,144.30,0.95,1,-1,-1
176,10,275.44,237.09,53.96,138.39,0.95,1,-1,-1
176,11,564.45,235.46,17.66,58.06,0.87,1,-1,-1
177,4,473.57,241.32,20.81,53.29,0.93,1,-1,-1
177,6,409.81,240.47,27.55,66.52,0.95,1,-1,-1
177,7,534.08,228.87,10.38,29.39,0.90,1,-1,-1
177,8,189.01,241.66,21.21,38.30,0.80,1,-1,-1
177,9,347.61,243.48,50.57,141.04,0.94,1,-1,-1
177,10,295.67,233.62,55.19,137.17,0.95,1,-1,-1
177,11,546.04,237.21,29.84,56.06,0.94,1,-1,-1
178,4,468.60,239.85,18.84,55.37,0.93,1,-1,-1
178,6,403.84,242.28,28.40,68.54,0.93,1,-1,-1
178,7,532.95,230.03,10.67,29.31,0.90,1,-1,-1
178,8,187.26,244.92,17.30,39.92,0.86,1,-1,-1
178,9,356.09,245.92,53.94,132.59,0.94,1,-1,-1
178,10,309.43,237.74,55.57,132.38,0.96,1,-1,-1
178,11,541.98,237.36,22.24,54.29,0.92,1,-1,-1
179,4,464.14,241.63,18.49,55.63,0.93,1,-1,-1
179,7,532.34,230.29,10.64,28.98,0.82,1,-1,-1
179,8,177.88,242.60,19.25,41.07,0.82,1,-1,-1
179,9,376.64,240.98,47.56,133.48,0.92,1,-1,-1
179,10,323.64,234.48,44.01,124.78,0.96,1,-1,-1
179,11,529.08,233.43,21.21,58.53,0.90,1,-1,-1
180,4,457.02,240.61,20.22,56.56,0.93,1,-1,-1
180,6,380.19,242.19,25.17,71.72,0.68,1,-1,-1
180,7,532.39,231.90,10.24,29.80,0.87,1,-1,-1
180,8,172.04,242.72,18.02,40.68,0.87,1,-1,-1
180,9,380.82,246.66,49.66,126.27,0.94,1,-1,-1
180,10,333.04,238.23,51.49,120.47,0.95,1,-1,-1
180,11,516.26,238.32,29.08,54.30,0.94,1,-1,-1
181,4,449.93,242.10,22.39,57.12,0.93,1,-1,-1
181,6,378.12,241.10,24.48,71.86,0.78,1,-1,-1
181,7,531.84,231.21,10.76,31.36,0.89,1,-1,-1
181,8,166.64,244.21,20.20,35.71,0.82,1,-1,-1
181,9,399.69,244.11,37.97,117.34,0.95,1,-1,-1
181,10,349.75,237.23,43.68,115.40,0.94,1,-1,-1
181,11,508.61,236.71,16.45,55.71,0.88,1,-1,-1
182,4,445.86,240.45,20.50,59.38,0.93,1,-1,-1
182,7,530.72,231.87,10.74,30.53,0.91,1,-1,-1
182,8,161.54,243.55,20.70,35.68,0.88,1,-1,-1
182,9,403.97,246.41,42.69,115.17,0.93,1,-1,-1
182,10,358.83,237.03,49.08,114.35,0.95,1,-1,-1
182,11,491.24,238.79,32.80,53.99,0.94,1,-1,-1
183,4,441.74,241.19,17.24,58.04,0.79,1,-1,-1
183,6,350.13,241.06,27.15,77.98,0.93,1,-1,-1
183,7,529.07,231.62,11.15,31.66,0.90,1,-1,-1
183,8,155.04,244.61,20.85,37.65,0.88,1,-1,-1
183,9,420.43,242.54,36.28,108.30,0.94,1,-1,-1
183,10,371.49,237.20,43.59,108.58,0.94,1,-1,-1
183,11,484.12,237.50,17.61,54.83,0.87,1,-1,-1
183,14,0.00,263.46,49.99,238.08,0.78,1,-1,-1
184,4,432.31,242.70,10.28,21.36,0.81,1,-1,-1
184,6,335.26,241.21,36.45,79.62,0.95,1,-1,-1
184,7,528.00,231.27,11.55,32.65,0.90,1,-1,-1
184,8,151.85,243.55,18.59,38.15,0.79,1,-1,-1
184,9,428.14,244.05,35.99,106.12,0.94,1,-1,-1
184,10,380.79,235.56,38.28,105.32,0.95,1,-1,-1
184,11,465.00,238.85,33.22,53.19,0.95,1,-1,-1
184,14,0.38,227.81,61.43,273.41,0.66,1,-1,-1
185,4,423.89,242.10,22.31,61.18,0.89,1,-1,-1
185,6,329.59,242.29,37.38,80.60,0.95,1,-1,-1
185,7,527.85,232.08,11.46,31.81,0.90,1,-1,-1
185,8,150.29,246.06,13.44,33.84,0.83,1,-1,-1
185,9,435.53,244.61,31.59,99.29,0.92,1,-1,-1
185,10,386.77,237.99,40.54,102.48,0.94,1,-1,-1
185,11,462.59,238.79,22.45,53.77,0.88,1,-1,-1
185,14,0.66,217.38,92.26,278.39,0.86,1,-1,-1
185,15,622.64,239.94,17.32,59.00,0.87,1,-1,-1
186,6,316.27,240.58,35.35,82.66,0.96,1,-1,-1
186,7,527.68,231.29,11.46,32.63,0.89,1,-1,-1
186,8,146.20,244.44,16.28,34.38,0.78,1,-1,-1
186,9,441.80,243.40,30.90,97.50,0.94,1,-1,-1
186,10,399.32,236.81,42.37,98.19,0.92,1,-1,-1
186,14,2.64,224.83,123.55,269.65,0.86,1,-1,-1
186,15,620.27,238.34,15.76,60.28,0.83,1,-1,-1
187,6,302.62,242.35,41.65,84.76,0.96,1,-1,-1
187,7,527.29,231.92,11.28,32.42,0.88,1,-1,-1
187,8,141.00,246.15,13.79,34.83,0.81,1,-1,-1
187,9,444.81,244.45,39.09,94.02,0.93,1,-1,-1
187,10,406.74,236.87,37.26,97.39,0.94,1,-1,-1
187,11,438.18,237.52,14.86,42.88,0.78,1,-1,-1
187,14,46.59,227.47,85.37,246.22,0.87,1,-1,-1
187,15,601.31,238.70,30.27,60.21,0.92,1,-1,-1
188,4,398.26,243.15,24.49,65.20,0.89,1,-1,-1
188,6,297.84,240.56,34.60,86.27,0.96,1,-1,-1
188,7,526.24,231.85,11.57,32.32,0.88,1,-1,-1
188,9,455.65,241.74,32.72,91.86,0.96,1,-1,-1
188,10,411.73,237.24,36.41,90.03,0.92,1,-1,-1
188,14,76.51,233.49,113.20,235.70,0.91,1,-1,-1
188,15,600.43,238.00,24.52,61.32,0.91,1,-1,-1
189,4,388.93,243.43,24.00,66.63,0.92,1,-1,-1
189,6,280.70,242.25,42.22,86.89,0.95,1,-1,-1
189,7,525.19,231.50,12.00,31.64,0.89,1,-1,-1
189,9,459.47,244.58,33.64,88.37,0.95,1,-1,-1
189,10,416.88,237.31,33.90,90.08,0.94,1,-1,-1
189,14,103.97,231.82,93.48,229.99,0.89,1,-1,-1
189,15,589.69,237.07,21.50,62.27,0.90,1,-1,-1
190,4,369.75,243.39,34.54,67.83,0.95,1,-1,-1
190,6,272.74,243.14,40.26,88.99,0.93,1,-1,-1
190,7,524.94,232.47,11.74,32.81,0.90,1,-1,-1
190,9,467.52,242.58,29.26,84.87,0.95,1,-1,-1
190,10,424.44,239.46,32.67,87.88,0.95,1,-1,-1
190,11,401.74,236.39,20.25,55.94,0.93,1,-1,-1
190,14,140.16,232.90,84.36,210.05,0.95,1,-1,-1
190,15,576.68,238.90,31.79,60.34,0.94,1,-1,-1
190,17,517.71,220.24,6.43,9.30,0.81,1,-1,-1
191,4,361.62,244.44,36.30,68.53,0.96,1,-1,-1
191,6,257.81,241.62,37.95,91.75,0.95,1,-1,-1
191,7,524.02,231.42,12.17,33.88,0.89,1,-1,-1
191,8,122.82,246.43,13.15,19.93,0.82,1,-1,-1
191,9,471.34,243.72,27.76,84.05,0.93,1,-1,-1
191,10,433.75,236.99,32.78,85.32,0.96,1,-1,-1
191,11,388.31,238.47,27.24,54.83,0.93,1,-1,-1
191,14,147.89,236.77,102.20,207.89,0.94,1,-1,-1
191,15,575.59,237.14,18.10,62.48,0.89,1,-1,-1
191,17,517.41,219.96,5.89,10.07,0.73,1,-1,-1
192,4,352.79,242.53,25.84,70.99,0.94,1,-1,-1
192,6,244.38,244.48,43.70,89.46,0.89,1,-1,-1
192,7,523.06,232.51,11.76,33.60,0.90,1,-1,-1
192,8,119.50,247.21,10.83,18.32,0.67,1,-1,-1
192,9,477.14,242.85,29.82,79.42,0.95,1,-1,-1
192,10,438.17,238.02,34.16,83.16,0.95,1,-1,-1
192,11,378.95,237.69,22.13,53.94,0.92,1,-1,-1
192,14,191.35,234.78,71.76,187.86,0.88,1,-1,-1
192,15,556.86,238.87,29.74,60.15,0.94,1,-1,-1
192,17,517.15,220.43,5.33,9.30,0.73,1,-1,-1
193,4,337.88,243.72,34.32,73.31,0.96,1,-1,-1
193,7,521.02,232.50,12.59,33.89,0.90,1,-1,-1
193,8,116.14,246.56,11.03,20.11,0.80,1,-1,-1
193,9,477.90,242.51,33.74,78.84,0.95,1,-1,-1
193,10,442.28,237.72,33.55,81.91,0.95,1,-1,-1
193,11,361.41,238.51,27.90,53.64,0.94,1,-1,-1
193,14,214.12,237.10,81.23,183.27,0.90,1,-1,-1
193,15,553.25,238.47,27.44,60.57,0.94,1,-1,-1
193,17,516.25,220.54,5.54,9.41,0.63,1,-1,-1
194,4,324.86,243.24,29.96,74.20,0.94,1,-1,-1
194,6,203.80,243.06,49.95,98.83,0.95,1,-1,-1
194,7,519.88,231.86,12.60,35.68,0.91,1,-1,-1
194,8,112.14,247.96,9.99,18.48,0.54,1,-1,-1
194,9,482.43,243.72,33.59,75.09,0.95,1,-1,-1
194,10,449.34,237.29,28.86,78.90,0.95,1,-1,-1
194,11,353.40,237.79,24.70,53.82,0.94,1,-1,-1
194,14,231.68,236.70,69.68,178.77,0.93,1,-1,-1
194,15,543.75,237.91,19.98,61.00,0.90,1,-1,-1
194,17,515.46,220.70,5.14,7.92,0.74,1,-1,-1
195,4,314.56,245.03,33.77,73.74,0.91,1,-1,-1
195,6,194.76,241.43,40.69,100.69,0.94,1,-1,-1
195,7,518.97,233.07,12.58,35.09,0.90,1,-1,-1
195,8,109.32,246.61,9.64,20.43,0.82,1,-1,-1
195,9,493.58,242.44,23.00,74.20,0.93,1,-1,-1
195,10,453.70,239.51,29.76,76.38,0.95,1,-1,-1
195,11,343.24,236.61,19.67,54.00,0.91,1,-1,-1
195,14,260.13,235.23,61.11,171.47,0.87,1,-1,-1
195,15,529.63,240.38,33.38,58.87,0.94,1,-1,-1
195,17,514.87,220.66,5.24,9.72,0.73,1,-1,-1
196,6,177.05,241.68,43.07,101.72,0.95,1,-1,-1
196,7,517.91,232.24,12.79,35.27,0.88,1,-1,-1
196,8,106.40,246.97,9.98,20.33,0.90,1,-1,-1
196,9,494.49,243.86,25.13,72.36,0.94,1,-1,-1
196,10,461.96,238.37,31.00,74.50,0.95,1,-1,-1
196,11,333.06,238.33,26.39,52.09,0.91,1,-1,-1
196,14,259.94,239.04,80.88,164.94,0.94,1,-1,-1
196,15,527.89,238.81,22.40,59.99,0.90,1,-1,-1
196,17,514.27,220.38,5.35,10.17,0.64,1,-1,-1
197,4,285.39,243.92,29.87,81.41,0.67,1,-1,-1
197,6,161.71,242.52,47.25,103.86,0.95,1,-1,-1
197,8,101.94,247.80,9.93,19.59,0.88,1,-1,-1
197,9,502.49,242.39,26.53,69.96,0.92,1,-1,-1
197,10,466.87,238.82,30.25,72.85,0.95,1,-1,-1
197,14,286.94,237.95,66.98,158.25,0.94,1,-1,-1
197,15,519.88,239.63,19.53,59.95,0.88,1,-1,-1
197,17,513.64,220.53,5.39,10.46,0.65,1,-1,-1
198,4,271.19,245.35,39.08,79.38,0.94,1,-1,-1
198,6,142.39,240.46,42.76,106.40,0.95,1,-1,-1
198,7,516.53,232.87,11.33,21.83,0.68,1,-1,-1
198,8,98.76,245.17,9.65,22.36,0.89,1,-1,-1
198,9,502.17,244.47,31.98,67.26,0.93,1,-1,-1
198,10,472.54,238.79,27.28,69.70,0.94,1,-1,-1
198,11,305.85,238.63,21.59,50.08,0.77,1,-1,-1
198,14,314.14,236.69,58.46,150.70,0.94,1,-1,-1
198,17,513.08,220.41,5.25,10.79,0.59,1,-1,-1
199,4,255.37,243.54,34.62,81.67,0.95,1,-1,-1
199,6,120.52,243.34,57.83,105.97,0.96,1,-1,-1
199,7,514.42,232.71,12.74,22.29,0.82,1,-1,-1
199,8,95.59,246.39,10.24,21.69,0.82,1,-1,-1
199,9,509.76,243.32,24.70,64.66,0.92,1,-1,-1
199,10,478.89,238.20,26.75,69.23,0.93,1,-1,-1
199,11,300.96,236.54,16.32,52.97,0.88,1,-1,-1
199,14,323.94,240.81,60.83,143.05,0.94,1,-1,-1
199,15,498.49,237.32,15.86,59.43,0.71,1,-1,-1
199,17,512.09,220.38,5.15,10.47,0.67,1,-1,-1
200,4,235.16,246.06,49.60,81.80,0.96,1,-1,-1
200,6,102.71,240.96,43.51,108.83,0.93,1,-1,-1
200,7,513.18,233.59,13.48,29.74,0.80,1,-1,-1
200,8,92.31,245.68,9.79,26.49,0.84,1,-1,-1
200,9,515.92,242.59,21.54,65.34,0.91,1,-1,-1
200,10,482.79,238.99,27.25,67.67,0.91,1,-1,-1
200,11,286.40,239.07,26.80,49.73,0.95,1,-1,-1
200,14,351.02,237.29,47.90,136.56,0.96,1,-1,-1
200,17,511.79,220.31,5.07,10.62,0.50,1,-1,-1
201,4,222.10,244.27,35.00,85.21,0.95,1,-1,-1
201,6,78.49,244.46,56.77,109.16,0.96,1,-1,-1
201,7,512.87,232.75,13.74,36.90,0.88,1,-1,-1
201,9,520.80,241.97,22.88,62.73,0.93,1,-1,-1
201,10,491.08,237.93,25.68,66.77,0.93,1,-1,-1
201,11,280.36,237.85,15.79,49.98,0.89,1,-1,-1
201,14,351.73,241.58,64.55,132.77,0.97,1,-1,-1
201,15,478.51,239.84,18.42,58.95,0.77,1,-1,-1
202,4,204.09,245.83,44.47,86.14,0.94,1,-1,-1
202,6,63.60,242.61,45.16,111.94,0.92,1,-1,-1
202,7,512.13,233.63,14.28,37.63,0.80,1,-1,-1
202,8,85.88,245.31,9.63,18.59,0.75,1,-1,-1
202,9,524.69,241.46,23.49,63.32,0.95,1,-1,-1
202,10,493.42,239.65,27.19,64.76,0.93,1,-1,-1
202,11,264.23,238.43,27.05,49.41,0.95,1,-1,-1
202,14,367.52,241.14,57.69,126.30,0.95,1,-1,-1
202,15,462.46,239.32,26.26,59.06,0.93,1,-1,-1
203,4,184.80,246.26,38.24,86.83,0.95,1,-1,-1
203,6,34.03,245.10,60.38,109.49,0.95,1,-1,-1
203,7,511.93,233.28,12.66,27.81,0.75,1,-1,-1
203,8,78.90,244.47,13.39,27.98,0.64,1,-1,-1
203,9,524.82,242.74,25.14,60.87,0.95,1,-1,-1
203,10,497.55,238.22,24.71,63.48,0.94,1,-1,-1
203,11,259.64,238.22,19.64,49.25,0.92,1,-1,-1
203,14,393.38,239.90,47.16,120.63,0.95,1,-1,-1
203,15,455.82,240.56,24.39,57.17,0.90,1,-1,-1
204,4,165.86,246.26,46.59,87.87,0.96,1,-1,-1
204,6,22.75,245.06,54.72,111.53,0.93,1,-1,-1
204,8,76.54,243.46,13.74,22.82,0.70,1,-1,-1
204,9,530.94,241.39,19.89,60.02,0.94,1,-1,-1
204,10,500.55,239.75,24.34,61.09,0.94,1,-1,-1
204,11,251.86,237.67,17.01,49.72,0.91,1,-1,-1
204,14,399.23,241.69,44.10,117.93,0.94,1,-1,-1
204,15,449.38,237.77,18.74,59.50,0.89,1,-1,-1
205,4,152.00,247.96,52.13,88.87,0.96,1,-1,-1
205,6,4.94,244.32,43.05,113.36,0.94,1,-1,-1
205,8,73.76,243.59,11.03,22.86,0.81,1,-1,-1
205,9,533.61,242.89,19.17,58.26,0.93,1,-1,-1
205,10,504.40,240.60,23.92,59.12,0.93,1,-1,-1
205,11,241.87,238.94,23.49,46.99,0.94,1,-1,-1
205,14,415.26,238.16,37.01,112.40,0.95,1,-1,-1
205,15,441.79,240.12,23.33,56.47,0.89,1,-1,-1
206,4,134.48,245.66,39.83,92.27,0.95,1,-1,-1
206,6,0.04,246.26,41.83,114.15,0.94,1,-1,-1
206,8,71.24,244.42,12.65,22.19,0.86,1,-1,-1
206,9,536.81,241.56,21.60,56.85,0.94,1,-1,-1
206,10,507.85,238.61,23.53,59.90,0.93,1,-1,-1
206,11,236.01,236.59,13.94,49.17,0.89,1,-1,-1
206,14,410.66,240.77,50.85,107.85,0.95,1,-1,-1
207,4,116.53,247.73,52.30,94.47,0.96,1,-1,-1
207,6,-1.97,244.87,13.09,116.63,0.76,1,-1,-1
207,7,506.65,235.51,11.64,41.35,0.69,1,-1,-1
207,8,69.07,243.06,13.59,23.35,0.82,1,-1,-1
207,9,536.17,242.68,22.78,55.70,0.95,1,-1,-1
207,10,509.20,239.74,23.10,58.44,0.93,1,-1,-1
207,11,221.66,238.47,26.74,47.13,0.95,1,-1,-1
207,14,418.65,239.82,46.87,100.24,0.93,1,-1,-1
207,15,417.01,237.36,23.50,61.44,0.84,1,-1,-1
208,4,97.49,245.97,40.58,96.78,0.95,1,-1,-1
208,7,505.21,235.20,13.35,41.71,0.85,1,-1,-1
208,8,66.45,244.07,14.42,21.70,0.87,1,-1,-1
208,9,537.07,243.39,21.84,52.81,0.95,1,-1,-1
208,10,512.61,238.12,21.06,57.85,0.93,1,-1,-1
208,11,219.82,237.78,16.07,47.27,0.91,1,-1,-1
208,14,436.00,239.00,33.18,100.03,0.95,1,-1,-1
208,15,407.02,239.18,29.99,57.46,0.95,1,-1,-1
208,19,632.70,229.90,7.30,35.79,0.88,1,-1,-1
209,4,76.26,247.54,55.49,97.01,0.95,1,-1,-1
209,7,503.99,235.60,14.36,41.90,0.89,1,-1,-1
209,8,63.37,243.25,14.62,23.03,0.86,1,-1,-1
209,9,541.56,241.99,18.17,53.60,0.93,1,-1,-1
209,10,515.63,238.67,20.70,56.58,0.92,1,-1,-1
209,11,211.61,239.25,16.36,45.43,0.91,1,-1,-1
209,14,441.12,241.70,32.99,95.63,0.94,1,-1,-1
209,15,403.14,237.44,17.89,58.52,0.91,1,-1,-1
209,19,630.67,231.02,9.11,37.67,0.86,1,-1,-1
210,4,62.65,244.34,51.89,102.60,0.92,1,-1,-1
210,7,503.23,236.37,14.67,43.01,0.89,1,-1,-1
210,8,61.36,243.62,14.85,22.91,0.64,1,-1,-1
210,9,543.47,243.33,17.34,51.72,0.91,1,-1,-1
210,10,518.42,238.91,20.59,54.56,0.94,1,-1,-1
210,11,206.37,239.88,19.04,43.40,0.91,1,-1,-1
210,14,448.56,239.32,31.85,92.47,0.95,1,-1,-1
210,15,385.22,238.54,31.12,57.36,0.94,1,-1,-1
210,19,628.55,229.97,11.42,38.50,0.88,1,-1,-1
211,4,46.88,246.58,41.87,101.18,0.93,1,-1,-1
211,7,502.27,235.56,14.83,43.94,0.89,1,-1,-1
211,8,59.78,244.14,12.97,14.16,0.66,1,-1,-1
211,9,544.92,241.13,19.60,51.65,0.93,1,-1,-1
211,10,520.14,237.60,21.21,54.99,0.94,1,-1,-1
211,11,201.96,238.40,12.82,43.95,0.89,1,-1,-1
211,14,453.55,240.15,32.40,91.30,0.94,1,-1,-1
211,15,381.94,239.10,29.55,57.08,0.94,1,-1,-1
211,19,625.47,230.16,14.36,40.59,0.92,1,-1,-1
212,4,25.71,249.05,56.30,101.58,0.95,1,-1,-1
212,7,500.04,236.58,16.03,44.42,0.91,1,-1,-1
212,8,56.41,243.71,13.88,22.95,0.87,1,-1,-1
212,9,543.66,241.70,19.31,50.27,0.93,1,-1,-1
212,10,521.67,237.97,19.94,54.64,0.94,1,-1,-1
212,11,192.01,239.45,20.55,44.22,0.93,1,-1,-1
212,14,458.79,240.71,32.28,84.05,0.95,1,-1,-1
212,15,376.92,237.70,18.10,57.10,0.90,1,-1,-1
212,19,622.09,230.48,16.64,40.57,0.91,1,-1,-1
213,4,5.51,245.94,40.78,104.71,0.94,1,-1,-1
213,7,497.74,235.79,15.91,46.25,0.89,1,-1,-1
213,8,54.21,244.29,13.52,22.01,0.87,1,-1,-1
213,9,545.45,240.50,17.34,48.58,0.93,1,-1,-1
213,10,523.82,236.31,19.59,53.31,0.93,1,-1,-1
213,11,188.34,239.17,14.99,44.59,0.91,1,-1,-1
213,14,463.72,238.69,28.11,85.72,0.94,1,-1,-1
213,15,362.70,239.16,27.74,56.21,0.95,1,-1,-1
213,19,619.54,229.65,14.96,39.57,0.89,1,-1,-1
214,4,0.17,253.93,43.49,97.11,0.96,1,-1,-1
214,7,496.04,236.34,15.70,45.69,0.90,1,-1,-1
214,8,51.42,243.25,13.79,23.53,0.90,1,-1,-1
214,9,548.36,241.00,16.35,47.95,0.92,1,-1,-1
214,10,526.05,237.23,19.64,51.95,0.93,1,-1,-1
214,11,182.12,240.03,15.82,43.65,0.92,1,-1,-1
214,14,467.96,240.83,28.05,82.50,0.93,1,-1,-1
214,15,360.24,237.92,16.31,56.67,0.89,1,-1,-1
214,19,616.58,230.55,15.17,41.30,0.92,1,-1,-1
215,4,-0.73,249.52,16.38,102.27,0.85,1,-1,-1
215,7,496.03,237.11,15.29,49.78,0.86,1,-1,-1
215,8,49.45,243.82,13.34,23.00,0.90,1,-1,-1
215,9,549.69,240.20,16.88,46.82,0.91,1,-1,-1
215,10,528.37,237.35,18.60,50.71,0.92,1,-1,-1
215,11,177.16,241.72,14.94,41.93,0.87,1,-1,-1
215,14,475.72,238.52,29.02,80.19,0.91,1,-1,-1
215,15,341.82,238.92,29.48,55.14,0.95,1,-1,-1
215,19,613.15,229.58,16.36,43.24,0.91,1,-1,-1
216,7,497.29,236.74,12.21,26.47,0.64,1,-1,-1
216,8,46.82,243.57,13.51,23.07,0.87,1,-1,-1
216,9,549.26,239.29,16.84,46.96,0.93,1,-1,-1
216,10,530.08,236.10,17.08,50.24,0.92,1,-1,-1
216,11,170.23,241.34,14.94,42.37,0.87,1,-1,-1
216,14,481.41,240.16,27.51,78.66,0.92,1,-1,-1
216,15,338.68,239.05,26.67,55.22,0.94,1,-1,-1
216,19,610.79,230.53,17.77,42.00,0.92,1,-1,-1
217,8,45.03,244.17,12.90,22.37,0.89,1,-1,-1
217,9,548.61,239.49,15.96,45.18,0.93,1,-1,-1
217,10,530.34,236.56,16.63,49.31,0.92,1,-1,-1
217,11,162.39,242.32,20.47,41.47,0.91,1,-1,-1
217,14,486.88,239.19,26.34,75.82,0.93,1,-1,-1
217,15,335.82,238.13,16.77,55.72,0.92,1,-1,-1
217,19,608.74,230.71,17.80,45.94,0.90,1,-1,-1
218,7,488.00,237.32,12.22,47.63,0.79,1,-1,-1
218,8,42.09,242.49,13.39,24.52,0.90,1,-1,-1
218,9,549.08,238.81,16.48,45.18,0.92,1,-1,-1
218,10,530.33,235.31,17.34,48.73,0.92,1,-1,-1
218,11,157.72,241.52,11.30,41.32,0.85,1,-1,-1
218,14,492.92,238.26,24.01,75.48,0.93,1,-1,-1
218,15,321.32,239.33,26.39,55.02,0.94,1,-1,-1
218,19,605.48,230.16,17.23,44.23,0.90,1,-1,-1
219,7,485.37,238.00,16.25,49.66,0.88,1,-1,-1
219,8,40.68,242.86,12.87,23.94,0.90,1,-1,-1
219,9,550.53,238.99,15.87,43.95,0.92,1,-1,-1
219,10,530.79,236.33,18.52,47.00,0.93,1,-1,-1
219,11,151.10,242.71,16.37,39.59,0.90,1,-1,-1
219,14,495.57,240.64,25.05,72.73,0.94,1,-1,-1
219,15,319.45,239.24,17.05,54.01,0.89,1,-1,-1
219,19,602.33,230.77,18.07,45.95,0.87,1,-1,-1
220,7,482.92,239.52,16.43,51.37,0.91,1,-1,-1
220,8,38.67,242.37,12.63,24.43,0.87,1,-1,-1
220,9,551.66,238.60,15.73,43.79,0.91,1,-1,-1
220,10,532.25,236.48,17.67,46.56,0.91,1,-1,-1
220,11,147.13,241.61,11.64,38.57,0.89,1,-1,-1
220,14,503.33,239.18,24.41,70.81,0.93,1,-1,-1
220,15,305.00,238.94,24.92,54.08,0.93,1,-1,-1
220,19,600.33,230.77,17.89,43.02,0.88,1,-1,-1
221,7,478.29,239.39,17.48,51.73,0.91,1,-1,-1
221,8,36.55,242.77,13.12,23.76,0.86,1,-1,-1
221,9,550.08,238.61,15.11,42.73,0.91,1,-1,-1
221,10,532.55,235.68,17.04,45.27,0.92,1,-1,-1
221,11,141.35,242.37,14.88,39.47,0.90,1,-1,-1
221,14,505.88,241.04,23.44,68.54,0.94,1,-1,-1
221,15,299.43,239.47,26.87,52.71,0.94,1,-1,-1
221,19,597.39,231.51,20.77,45.66,0.92,1,-1,-1
222,7,472.31,240.89,19.97,51.71,0.94,1,-1,-1
222,8,34.84,243.82,12.88,22.91,0.82,1,-1,-1
222,9,549.57,238.86,14.69,40.80,0.91,1,-1,-1
222,10,532.54,236.09,16.45,45.16,0.91,1,-1,-1
222,11,136.17,241.46,11.97,25.25,0.77,1,-1,-1
222,14,508.38,240.51,22.27,65.53,0.93,1,-1,-1
222,15,297.87,242.34,13.38,49.60,0.82,1,-1,-1
222,19,601.34,231.63,15.50,44.65,0.64,1,-1,-1
222,20,593.69,234.36,16.88,42.41,0.78,1,-1,-1
223,7,469.42,240.14,17.58,53.91,0.92,1,-1,-1
223,8,32.22,243.40,12.01,23.41,0.86,1,-1,-1
223,9,550.44,237.62,14.40,41.58,0.91,1,-1,-1
223,10,532.41,234.98,16.53,43.74,0.91,1,-1,-1
223,11,130.93,240.69,11.36,25.68,0.89,1,-1,-1
223,14,510.17,239.50,21.22,66.31,0.93,1,-1,-1
223,15,283.39,242.04,24.67,49.77,0.92,1,-1,-1
223,19,599.83,230.56,13.72,44.22,0.83,1,-1,-1
223,20,589.50,235.46,18.71,42.27,0.86,1,-1,-1
224,7,465.16,240.31,17.33,53.99,0.93,1,-1,-1
224,8,30.89,244.28,11.38,22.27,0.79,1,-1,-1
224,9,551.69,238.08,14.67,40.08,0.92,1,-1,-1
224,10,532.67,236.11,17.21,43.78,0.92,1,-1,-1
224,11,126.57,242.16,10.93,24.26,0.90,1,-1,-1
224,14,511.89,240.97,18.26,63.65,0.92,1,-1,-1
224,15,283.10,241.71,16.77,49.06,0.91,1,-1,-1
224,19,598.50,231.15,12.45,23.92,0.80,1,-1,-1
224,21,566.17,243.53,55.48,94.50,0.87,1,-1,-1
225,7,460.37,240.82,17.19,55.38,0.91,1,-1,-1
225,8,29.21,243.76,11.52,21.55,0.84,1,-1,-1
225,9,552.54,236.56,11.93,22.79,0.64,1,-1,-1
225,10,533.70,234.94,14.44,41.20,0.83,1,-1,-1
225,11,121.36,240.62,11.92,25.94,0.90,1,-1,-1
225,14,513.00,238.76,20.59,63.55,0.91,1,-1,-1
225,15,270.31,240.95,21.09,49.60,0.93,1,-1,-1
225,19,594.81,229.89,14.50,46.18,0.88,1,-1,-1
225,20,581.92,235.86,16.71,44.37,0.85,1,-1,-1
225,21,530.73,249.36,53.92,92.39,0.86,1,-1,-1
226,7,450.07,240.62,23.12,55.86,0.93,1,-1,-1
226,8,27.69,244.22,11.47,22.16,0.82,1,-1,-1
226,9,551.05,237.03,13.40,39.78,0.91,1,-1,-1
226,10,533.93,235.10,14.74,40.98,0.91,1,-1,-1
226,11,116.09,241.65,11.86,24.76,0.86,1,-1,-1
226,15,263.65,241.61,24.83,49.10,0.94,1,-1,-1
226,19,592.09,231.34,16.35,45.03,0.90,1,-1,-1
226,20,576.02,236.21,18.57,44.15,0.92,1,-1,-1
226,21,479.05,243.44,66.19,100.83,0.83,1,-1,-1
227,7,448.63,240.73,17.68,51.35,0.72,1,-1,-1
227,8,26.65,244.30,10.61,21.51,0.85,1,-1,-1
227,9,550.41,236.81,13.37,39.44,0.90,1,-1,-1
227,10,533.54,234.59,14.69,42.46,0.90,1,-1,-1
227,11,112.58,240.42,10.45,26.13,0.87,1,-1,-1
227,14,511.98,240.12,19.30,58.38,0.93,1,-1,-1
227,15,260.27,238.95,17.17,51.16,0.87,1,-1,-1
227,19,589.60,230.72,15.25,47.42,0.91,1,-1,-1
227,20,571.51,236.36,21.67,44.91,0.92,1,-1,-1
227,21,442.62,243.91,65.79,98.65,0.85,1,-1,-1
228,7,442.14,238.31,19.08,37.58,0.81,1,-1,-1
228,8,24.68,243.41,11.17,21.60,0.85,1,-1,-1
228,9,550.64,235.99,14.58,39.20,0.91,1,-1,-1
228,10,532.94,233.34,15.54,41.12,0.92,1,-1,-1
228,11,108.32,241.09,10.60,25.82,0.91,1,-1,-1
228,14,511.07,239.18,19.46,59.37,0.93,1,-1,-1
228,15,251.93,239.46,20.13,50.55,0.92,1,-1,-1
228,19,581.63,230.20,18.70,48.43,0.93,1,-1,-1
228,20,566.60,235.48,18.34,45.45,0.91,1,-1,-1
228,21,392.64,245.22,70.73,106.01,0.94,1,-1,-1
229,7,435.47,240.33,19.38,59.31,0.93,1,-1,-1
229,8,22.57,243.44,11.36,22.22,0.88,1,-1,-1
229,9,551.14,236.62,14.30,37.91,0.90,1,-1,-1
229,10,533.49,233.85,16.46,39.44,0.91,1,-1,-1
229,11,103.70,241.07,10.66,26.30,0.91,1,-1,-1
229,14,511.88,241.27,17.87,56.99,0.92,1,-1,-1
229,15,248.63,240.06,16.29,48.96,0.90,1,-1,-1
229,19,579.30,231.34,18.23,47.82,0.93,1,-1,-1
229,20,562.88,235.65,17.32,47.19,0.90,1,-1,-1
229,21,337.55,245.08,74.66,112.00,0.94,1,-1,-1
230,7,430.40,239.95,18.93,61.31,0.92,1,-1,-1
230,8,21.11,243.40,11.09,22.63,0.85,1,-1,-1
230,9,550.74,235.54,12.02,38.34,0.86,1,-1,-1
230,10,534.75,232.86,15.14,40.29,0.92,1,-1,-1
230,11,100.20,240.45,10.50,27.21,0.89,1,-1,-1
230,14,511.26,239.12,18.99,56.93,0.92,1,-1,-1
230,15,243.27,239.00,15.22,49.72,0.88,1,-1,-1
230,19,577.37,230.13,15.74,49.21,0.91,1,-1,-1
230,20,558.49,235.62,17.59,47.49,0.91,1,-1,-1
230,21,291.18,244.46,75.08,112.42,0.95,1,-1,-1
231,7,415.47,240.06,28.33,61.72,0.95,1,-1,-1
231,8,19.91,243.86,10.47,21.18,0.82,1,-1,-1
231,9,548.72,236.21,11.13,36.47,0.80,1,-1,-1
231,10,535.00,233.07,13.66,39.74,0.91,1,-1,-1
231,11,94.94,241.41,11.13,34.08,0.86,1,-1,-1
231,14,509.77,240.63,16.17,54.38,0.92,1,-1,-1
231,15,233.49,238.47,20.52,48.80,0.82,1,-1,-1
231,19,573.67,231.78,18.17,48.46,0.93,1,-1,-1
231,20,554.54,237.47,17.68,46.50,0.91,1,-1,-1
231,21,233.69,243.77,73.68,112.82,0.92,1,-1,-1
232,7,412.01,240.30,26.27,63.13,0.94,1,-1,-1
232,8,17.34,243.08,11.54,22.18,0.82,1,-1,-1
232,9,548.12,235.89,11.38,39.04,0.61,1,-1,-1
232,10,533.84,232.33,14.16,39.82,0.90,1,-1,-1
232,11,91.41,240.27,10.25,34.49,0.86,1,-1,-1
232,14,508.54,240.11,16.84,52.73,0.92,1,-1,-1
232,19,570.23,231.15,16.58,50.02,0.91,1,-1,-1
232,20,553.02,236.82,15.02,47.66,0.87,1,-1,-1
232,21,184.34,244.28,72.68,107.32,0.93,1,-1,-1
233,7,408.47,239.54,20.68,65.17,0.94,1,-1,-1
233,8,15.72,244.29,11.66,21.41,0.75,1,-1,-1
233,10,533.58,232.16,14.07,38.63,0.90,1,-1,-1
233,11,87.97,241.53,11.38,33.80,0.85,1,-1,-1
233,14,507.88,239.41,17.87,52.86,0.93,1,-1,-1
233,15,225.86,238.74,15.15,48.43,0.87,1,-1,-1
233,19,563.22,231.36,19.46,50.89,0.94,1,-1,-1
233,20,547.28,235.05,17.86,49.23,0.89,1,-1,-1
233,21,140.54,243.94,71.55,102.96,0.93,1,-1,-1
234,7,401.48,240.57,21.70,64.76,0.93,1,-1,-1
234,8,14.35,243.51,11.82,21.33,0.78,1,-1,-1
234,10,533.52,232.58,14.83,37.69,0.89,1,-1,-1
234,11,85.24,241.07,9.91,30.95,0.82,1,-1,-1
234,14,507.65,240.25,16.35,51.73,0.92,1,-1,-1
234,15,221.88,239.79,17.25,47.29,0.91,1,-1,-1
234,19,561.18,232.09,19.01,50.76,0.93,1,-1,-1
234,20,545.93,235.77,16.44,51.53,0.87,1,-1,-1
234,21,100.97,243.78,70.12,109.31,0.91,1,-1,-1
235,7,396.40,239.66,20.50,66.77,0.93,1,-1,-1
235,8,12.98,243.47,11.10,21.86,0.75,1,-1,-1
235,10,533.85,231.93,12.53,37.58,0.85,1,-1,-1
235,14,507.72,238.22,16.23,50.82,0.91,1,-1,-1
235,15,217.26,239.04,15.52,46.34,0.91,1,-1,-1
235,19,558.54,231.03,16.26,51.78,0.92,1,-1,-1
235,20,542.46,237.30,16.05,49.22,0.87,1,-1,-1
235,21,55.89,249.62,74.66,103.95,0.88,1,-1,-1
236,7,383.05,240.00,28.28,66.96,0.95,1,-1,-1
236,10,533.57,232.34,13.17,20.71,0.65,1,-1,-1
236,11,76.54,242.00,8.23,24.34,0.85,1,-1,-1
236,14,507.86,238.79,16.16,49.86,0.91,1,-1,-1
236,15,206.53,240.08,22.57,46.01,0.93,1,-1,-1
236,19,554.04,232.42,19.32,50.54,0.90,1,-1,-1
236,20,534.70,238.62,23.02,49.27,0.87,1,-1,-1
236,21,8.95,247.98,65.70,101.79,0.91,1,-1,-1
237,7,377.62,240.21,27.85,68.53,0.95,1,-1,-1
237,10,535.92,231.68,10.90,16.90,0.62,1,-1,-1
237,11,73.01,241.47,9.73,24.90,0.79,1,-1,-1
237,14,507.64,238.33,15.84,48.21,0.91,1,-1,-1
237,15,205.71,239.12,18.35,46.89,0.88,1,-1,-1
237,19,547.53,231.17,19.11,53.51,0.90,1,-1,-1
237,20,529.62,238.74,17.91,49.36,0.84,1,-1,-1
237,21,-0.28,255.46,30.20,99.87,0.91,1,-1,-1
237,22,625.81,242.25,14.19,70.98,0.87,1,-1,-1
238,7,371.77,239.10,22.55,70.96,0.94,1,-1,-1
238,10,534.16,231.46,12.63,34.88,0.83,1,-1,-1
238,11,69.30,242.87,9.12,23.31,0.82,1,-1,-1
238,14,508.19,237.42,15.43,48.08,0.89,1,-1,-1
238,15,201.58,239.10,13.18,46.22,0.88,1,-1,-1
238,19,541.03,232.30,20.23,53.13,0.93,1,-1,-1
238,20,522.67,238.92,21.92,50.29,0.92,1,-1,-1
238,22,600.62,243.61,38.98,70.61,0.96,1,-1,-1
239,7,362.79,239.96,24.80,71.80,0.94,1,-1,-1
239,9,549.60,234.89,10.68,30.94,0.82,1,-1,-1
239,11,66.40,242.19,9.39,24.12,0.82,1,-1,-1
239,14,509.87,238.48,13.61,46.13,0.80,1,-1,-1
239,15,194.59,240.67,18.28,44.75,0.91,1,-1,-1
239,19,534.57,232.59,25.44,53.72,0.91,1,-1,-1
239,20,518.73,239.54,17.37,50.41,0.87,1,-1,-1
239,22,598.07,241.69,28.38,72.56,0.94,1,-1,-1
240,7,356.50,239.15,23.97,73.73,0.93,1,-1,-1
240,9,547.96,233.96,11.11,33.59,0.89,1,-1,-1
240,10,537.19,231.11,10.91,33.81,0.77,1,-1,-1
240,11,62.27,243.29,10.45,23.55,0.90,1,-1,-1
240,15,191.39,239.64,14.00,45.28,0.88,1,-1,-1
240,19,527.70,232.66,17.58,54.07,0.88,1,-1,-1
240,20,503.68,237.23,26.23,53.32,0.90,1,-1,-1
240,22,578.49,241.88,34.64,72.27,0.95,1,-1,-1
241,7,340.39,239.60,33.93,73.78,0.95,1,-1,-1
241,9,547.53,234.42,10.68,31.96,0.88,1,-1,-1
241,10,535.66,231.66,12.52,34.57,0.88,1,-1,-1
241,11,59.44,242.67,8.56,24.13,0.85,1,-1,-1
241,15,182.69,240.50,18.45,44.46,0.92,1,-1,-1
241,19,519.47,234.39,23.13,53.09,0.88,1,-1,-1
241,20,498.15,239.68,26.86,51.97,0.92,1,-1,-1
241,22,566.98,244.05,40.40,70.25,0.96,1,-1,-1
242,7,336.58,241.01,32.25,74.16,0.95,1,-1,-1
242,9,547.17,233.70,10.93,32.78,0.87,1,-1,-1
242,10,534.96,231.35,12.79,35.14,0.90,1,-1,-1
242,11,56.89,242.57,8.49,24.10,0.86,1,-1,-1
242,15,181.85,241.28,16.91,43.56,0.90,1,-1,-1
242,19,510.70,234.14,23.58,54.51,0.90,1,-1,-1
242,20,491.10,239.75,23.08,51.89,0.91,1,-1,-1
242,22,561.48,242.11,28.67,71.80,0.93,1,-1,-1
243,7,331.53,239.50,25.26,76.76,0.94,1,-1,-1
243,9,547.87,233.71,10.70,30.56,0.80,1,-1,-1
243,10,535.00,231.05,12.30,33.76,0.90,1,-1,-1
243,11,53.75,243.04,8.47,23.83,0.86,1,-1,-1
243,14,518.34,235.24,12.32,43.77,0.84,1,-1,-1
243,15,178.17,240.37,13.11,44.60,0.90,1,-1,-1
243,19,500.72,234.80,22.89,53.77,0.89,1,-1,-1
243,20,482.80,240.40,26.84,53.74,0.92,1,-1,-1
243,22,538.74,244.67,39.46,69.86,0.95,1,-1,-1
244,7,319.92,241.30,27.61,78.52,0.93,1,-1,-1
244,9,548.49,233.98,11.39,25.61,0.87,1,-1,-1
244,10,535.52,231.60,12.14,31.99,0.88,1,-1,-1
244,11,51.51,241.91,8.27,25.08,0.86,1,-1,-1
244,14,518.57,236.09,13.77,43.64,0.89,1,-1,-1
244,15,174.78,241.50,12.97,42.71,0.87,1,-1,-1
244,19,489.68,235.83,28.89,53.81,0.94,1,-1,-1
244,20,474.03,240.39,21.48,53.41,0.92,1,-1,-1
244,22,534.38,246.15,32.09,69.57,0.93,1,-1,-1
245,7,312.40,240.12,26.87,80.94,0.93,1,-1,-1
245,9,547.96,233.27,11.26,31.75,0.89,1,-1,-1
245,10,536.06,230.94,11.81,27.29,0.90,1,-1,-1
245,11,47.86,242.74,10.41,24.46,0.87,1,-1,-1
245,14,520.76,235.26,13.49,40.02,0.83,1,-1,-1
245,15,170.45,241.59,11.78,38.00,0.87,1,-1,-1
245,19,477.73,234.91,26.15,54.26,0.92,1,-1,-1
245,20,462.62,241.09,29.77,52.83,0.95,1,-1,-1
245,22,516.31,243.92,30.37,71.86,0.92,1,-1,-1
246,7,291.27,240.71,39.26,80.83,0.95,1,-1,-1
246,9,547.65,233.77,10.86,30.76,0.88,1,-1,-1
246,10,535.64,231.37,11.96,32.51,0.89,1,-1,-1
246,11,45.03,242.10,8.12,24.77,0.86,1,-1,-1
246,14,521.81,235.80,14.31,28.10,0.87,1,-1,-1
246,15,162.44,241.33,16.50,42.96,0.90,1,-1,-1
246,19,466.86,236.14,28.26,53.76,0.91,1,-1,-1
246,20,452.76,239.91,23.20,53.70,0.88,1,-1,-1
246,22,500.16,244.27,43.09,71.32,0.95,1,-1,-1
247,7,287.71,241.17,36.69,81.60,0.95,1,-1,-1
247,9,547.36,233.38,11.41,30.58,0.89,1,-1,-1
247,10,535.24,230.85,11.82,32.51,0.89,1,-1,-1
247,11,42.76,242.79,8.36,23.85,0.81,1,-1,-1
247,14,523.36,235.50,14.26,40.46,0.88,1,-1,-1
247,15,160.91,241.75,16.79,42.27,0.88,1,-1,-1
247,19,456.48,235.07,26.76,55.62,0.90,1,-1,-1
247,20,442.64,240.68,28.69,54.19,0.94,1,-1,-1
247,22,495.49,241.67,23.30,73.27,0.90,1,-1,-1
248,7,280.37,239.69,28.74,84.40,0.94,1,-1,-1
248,9,548.80,233.67,10.81,29.66,0.90,1,-1,-1
248,10,535.65,231.22,11.60,31.60,0.89,1,-1,-1
248,11,40.25,241.98,8.21,20.53,0.82,1,-1,-1
248,14,525.20,234.69,12.53,41.18,0.89,1,-1,-1
248,15,157.27,241.22,12.25,42.75,0.90,1,-1,-1
248,19,441.00,235.21,33.14,59.13,0.90,1,-1,-1
248,20,431.10,240.75,24.25,53.69,0.85,1,-1,-1
248,22,470.01,243.49,42.16,71.80,0.96,1,-1,-1
249,7,264.67,241.38,34.88,85.47,0.95,1,-1,-1
249,9,548.95,233.41,10.95,29.85,0.89,1,-1,-1
249,10,536.37,231.03,11.46,32.39,0.89,1,-1,-1
249,11,38.21,241.83,8.11,21.57,0.80,1,-1,-1
249,14,527.15,235.50,11.56,39.40,0.86,1,-1,-1
249,15,153.92,242.66,12.64,40.79,0.88,1,-1,-1
249,19,434.71,234.21,25.13,56.44,0.90,1,-1,-1
249,20,419.84,241.19,31.60,53.54,0.94,1,-1,-1
249,22,463.79,243.53,35.38,71.36,0.94,1,-1,-1
250,7,258.75,239.89,30.19,87.48,0.94,1,-1,-1
250,9,548.71,233.33,9.86,29.78,0.89,1,-1,-1
250,10,537.40,230.62,11.09,31.86,0.89,1,-1,-1
250,11,33.91,242.45,9.98,21.08,0.60,1,-1,-1
250,14,527.56,234.45,14.09,39.99,0.89,1,-1,-1
250,15,151.01,241.78,11.92,40.80,0.87,1,-1,-1
250,19,424.62,234.31,26.45,56.08,0.90,1,-1,-1
250,20,410.57,241.29,26.12,53.29,0.90,1,-1,-1
250,22,454.88,242.20,28.08,72.49,0.93,1,-1,-1
251,7,234.92,240.62,43.64,88.10,0.96,1,-1,-1
251,9,547.78,233.10,10.69,29.96,0.88,1,-1,-1
251,10,537.13,230.42,11.22,31.95,0.85,1,-1,-1
251,11,33.25,241.35,8.11,17.67,0.68,1,-1,-1
251,14,526.83,235.08,15.27,38.76,0.91,1,-1,-1
251,15,145.91,242.05,13.52,40.99,0.89,1,-1,-1
251,19,412.06,235.93,27.62,55.56,0.90,1,-1,-1
251,20,399.31,240.78,29.46,53.59,0.92,1,-1,-1
251,22,434.66,244.03,42.23,71.19,0.96,1,-1,-1
251,23,0.09,245.35,8.08,26.13,0.72,1,-1,-1
252,7,224.77,241.66,48.77,88.96,0.96,1,-1,-1
252,9,548.28,232.58,10.88,29.23,0.88,1,-1,-1
252,10,536.72,229.10,11.70,27.69,0.86,1,-1,-1
252,11,31.07,242.44,7.23,18.11,0.58,1,-1,-1
252,14,527.29,234.73,15.99,38.01,0.89,1,-1,-1
252,15,143.13,243.37,14.85,37.81,0.89,1,-1,-1
252,19,401.52,234.00,27.83,58.06,0.92,1,-1,-1
252,20,389.95,241.44,25.47,53.29,0.89,1,-1,-1
252,22,429.79,242.19,27.66,71.70,0.91,1,-1,-1
252,23,1.29,244.40,8.36,25.98,0.77,1,-1,-1
253,7,221.45,240.60,33.60,91.54,0.94,1,-1,-1
253,9,548.56,231.47,10.66,28.17,0.88,1,-1,-1
253,10,537.23,228.93,11.26,24.93,0.83,1,-1,-1
253,11,30.02,241.97,8.55,20.70,0.82,1,-1,-1
253,14,530.29,234.05,13.04,37.95,0.87,1,-1,-1
253,15,140.17,242.66,11.93,30.25,0.89,1,-1,-1
253,19,391.23,236.10,30.51,57.33,0.83,1,-1,-1
253,20,380.67,241.31,26.51,53.34,0.91,1,-1,-1
253,22,410.09,242.23,36.04,71.87,0.95,1,-1,-1
253,23,2.81,244.77,8.98,25.89,0.81,1,-1,-1
254,7,203.42,237.51,37.95,96.80,0.94,1,-1,-1
254,9,547.85,230.33,10.30,29.10,0.88,1,-1,-1
254,10,536.87,227.33,12.21,27.17,0.83,1,-1,-1
254,11,28.36,242.00,7.95,22.37,0.80,1,-1,-1
254,14,532.41,234.65,11.90,36.99,0.87,1,-1,-1
254,15,136.51,243.01,11.43,23.47,0.90,1,-1,-1
254,19,380.08,234.76,27.49,58.76,0.87,1,-1,-1
254,20,369.93,241.45,29.37,53.88,0.88,1,-1,-1
254,22,402.35,244.29,37.98,69.39,0.95,1,-1,-1
254,23,5.01,244.62,8.67,26.97,0.75,1,-1,-1
255,7,192.50,241.47,38.21,95.31,0.95,1,-1,-1
255,9,547.58,229.69,10.59,27.97,0.89,1,-1,-1
255,10,537.29,225.70,11.77,28.35,0.80,1,-1,-1
255,11,25.95,243.00,7.82,19.00,0.81,1,-1,-1
255,14,533.74,234.90,11.42,35.39,0.86,1,-1,-1
255,15,133.25,242.86,11.52,23.65,0.90,1,-1,-1
255,19,369.63,234.90,29.07,57.03,0.88,1,-1,-1
255,20,360.26,241.22,24.33,53.31,0.91,1,-1,-1
255,22,394.64,241.59,26.12,71.42,0.91,1,-1,-1
255,23,7.41,243.86,8.56,28.65,0.81,1,-1,-1
256,7,180.97,239.92,36.13,96.81,0.94,1,-1,-1
256,9,547.91,229.00,10.35,27.48,0.88,1,-1,-1
256,10,537.58,225.49,11.23,28.48,0.82,1,-1,-1
256,11,24.43,242.35,7.55,16.64,0.64,1,-1,-1
256,14,533.27,234.00,12.80,35.89,0.88,1,-1,-1
256,15,129.53,241.99,12.11,24.48,0.88,1,-1,-1
256,20,350.24,241.06,30.39,53.79,0.89,1,-1,-1
256,22,378.14,242.98,34.76,69.97,0.94,1,-1,-1
256,23,8.36,243.37,12.22,30.35,0.80,1,-1,-1
257,7,154.87,241.57,52.12,96.21,0.95,1,-1,-1
257,9,548.74,227.16,9.75,27.55,0.89,1,-1,-1
257,10,537.01,223.35,11.20,16.20,0.83,1,-1,-1
257,11,22.61,242.44,7.30,19.32,0.63,1,-1,-1
257,14,532.33,234.13,14.89,35.48,0.91,1,-1,-1
257,15,123.86,242.68,13.98,23.39,0.83,1,-1,-1
257,19,350.57,234.38,26.15,56.53,0.82,1,-1,-1
257,20,341.81,240.58,21.12,53.36,0.83,1,-1,-1
257,22,372.51,243.93,30.96,67.66,0.94,1,-1,-1
257,23,10.89,242.54,11.74,32.54,0.73,1,-1,-1
258,7,152.10,241.67,44.41,98.09,0.95,1,-1,-1
258,9,548.45,226.79,10.51,27.21,0.90,1,-1,-1
258,10,536.53,221.87,11.65,18.37,0.85,1,-1,-1
258,11,22.12,243.42,6.87,19.36,0.57,1,-1,-1
258,14,532.84,233.76,14.79,35.62,0.90,1,-1,-1
258,15,122.38,242.87,12.13,23.51,0.87,1,-1,-1
258,19,342.25,234.88,25.06,56.96,0.81,1,-1,-1
258,20,333.71,241.02,27.44,53.08,0.93,1,-1,-1
258,22,364.17,242.28,25.87,68.37,0.92,1,-1,-1
258,23,12.50,244.41,9.93,30.85,0.71,1,-1,-1
259,7,141.13,239.81,37.14,101.34,0.94,1,-1,-1
259,9,548.49,225.01,10.01,28.69,0.87,1,-1,-1
259,10,537.22,221.50,11.64,17.37,0.85,1,-1,-1
259,14,535.32,233.39,12.21,35.26,0.90,1,-1,-1
259,15,119.86,241.49,11.84,24.73,0.85,1,-1,-1
259,19,333.41,235.33,25.45,56.49,0.78,1,-1,-1
259,20,325.55,241.27,24.25,52.00,0.82,1,-1,-1
259,22,345.33,244.68,39.39,65.68,0.95,1,-1,-1
259,23,14.84,242.91,13.35,30.48,0.80,1,-1,-1
260,7,118.31,242.02,48.47,101.31,0.95,1,-1,-1
260,9,548.89,224.62,9.82,26.95,0.87,1,-1,-1
260,10,537.58,219.45,10.93,19.10,0.85,1,-1,-1
260,14,537.20,233.15,11.16,35.15,0.89,1,-1,-1
260,15,116.59,242.43,9.86,23.98,0.84,1,-1,-1
260,20,312.75,240.78,29.07,52.05,0.88,1,-1,-1
260,22,339.27,243.96,32.20,65.23,0.91,1,-1,-1
260,23,17.56,242.33,11.97,29.40,0.79,1,-1,-1
260,24,51.99,244.91,10.67,21.51,0.73,1,-1,-1
261,7,106.36,239.58,38.69,105.04,0.93,1,-1,-1
261,9,549.84,222.84,10.02,26.05,0.89,1,-1,-1
261,10,538.60,217.41,10.99,20.26,0.87,1,-1,-1
261,14,538.52,230.34,11.91,37.22,0.89,1,-1,-1
261,19,309.94,235.59,21.40,57.72,0.73,1,-1,-1
261,20,302.62,240.74,23.54,50.83,0.54,1,-1,-1
261,22,325.39,243.35,27.68,65.42,0.94,1,-1,-1
261,23,21.14,242.77,11.39,28.43,0.81,1,-1,-1
261,24,55.33,245.99,9.84,19.53,0.49,1,-1,-1
262,7,79.92,241.52,51.36,104.32,0.96,1,-1,-1
262,9,550.19,220.79,9.06,27.51,0.88,1,-1,-1
262,10,538.17,216.81,10.97,20.95,0.86,1,-1,-1
262,14,538.24,232.64,13.74,34.72,0.91,1,-1,-1
262,15,109.45,241.69,10.84,22.95,0.64,1,-1,-1
262,19,301.67,235.28,19.09,44.21,0.21,1,-1,-1
262,20,295.89,238.71,24.76,54.40,0.85,1,-1,-1
262,22,316.44,244.74,31.12,63.69,0.94,1,-1,-1
262,23,22.64,242.20,12.62,27.56,0.78,1,-1,-1
262,24,56.36,245.72,10.22,20.04,0.62,1,-1,-1
263,7,73.19,242.99,45.68,104.83,0.95,1,-1,-1
263,9,550.29,220.60,9.16,25.48,0.86,1,-1,-1
263,10,537.59,214.71,11.35,23.27,0.87,1,-1,-1
263,11,13.82,242.11,7.41,14.93,0.64,1,-1,-1
263,14,539.03,233.18,13.48,33.20,0.92,1,-1,-1
263,15,105.71,242.74,10.50,24.47,0.84,1,-1,-1
263,19,293.14,236.46,19.56,55.43,0.72,1,-1,-1
263,20,285.71,241.68,18.61,48.60,0.58,1,-1,-1
263,22,308.07,242.91,23.27,63.29,0.91,1,-1,-1
263,23,23.96,242.82,13.79,24.59,0.84,1,-1,-1
263,24,59.84,245.64,9.96,20.55,0.56,1,-1,-1
264,7,55.41,243.15,42.44,106.13,0.93,1,-1,-1
264,9,551.06,218.52,8.87,25.34,0.88,1,-1,-1
264,10,537.19,212.33,12.04,26.86,0.89,1,-1,-1
264,11,12.47,242.03,7.86,14.90,0.22,1,-1,-1
264,14,542.34,232.03,11.01,34.09,0.91,1,-1,-1
264,15,102.03,241.61,10.97,25.76,0.91,1,-1,-1
264,20,274.18,240.70,26.70,51.06,0.91,1,-1,-1
264,22,290.48,244.93,34.62,61.66,0.91,1,-1,-1
264,23,27.60,242.34,12.37,25.31,0.85,1,-1,-1
265,7,37.17,247.09,52.25,103.29,0.95,1,-1,-1
265,9,550.03,217.61,10.07,26.30,0.89,1,-1,-1
265,10,537.44,211.30,11.82,28.16,0.89,1,-1,-1
265,14,543.88,232.77,10.45,32.82,0.91,1,-1,-1
265,15,99.61,242.59,10.58,24.77,0.89,1,-1,-1
265,20,268.51,241.43,23.84,50.71,0.87,1,-1,-1
265,22,275.50,235.17,40.54,69.10,0.90,1,-1,-1
265,23,30.21,244.06,10.00,23.75,0.81,1,-1,-1
266,7,23.54,245.21,39.45,106.19,0.93,1,-1,-1
266,9,549.59,216.32,9.44,22.26,0.85,1,-1,-1
266,10,536.98,212.31,11.08,26.75,0.88,1,-1,-1
266,14,545.33,232.26,10.74,32.63,0.91,1,-1,-1
266,15,96.21,242.08,10.17,26.05,0.87,1,-1,-1
266,20,259.66,240.56,21.60,50.74,0.86,1,-1,-1
266,22,278.15,243.50,22.65,60.35,0.90,1,-1,-1
266,24,66.82,245.26,11.59,20.90,0.73,1,-1,-1
267,7,0.43,245.75,51.75,106.19,0.96,1,-1,-1
267,9,550.11,215.82,9.47,20.95,0.87,1,-1,-1
267,10,536.72,211.83,11.06,27.21,0.88,1,-1,-1
267,14,544.41,232.38,12.93,32.34,0.93,1,-1,-1
267,15,92.71,241.24,11.51,35.90,0.78,1,-1,-1
267,20,253.14,241.46,19.92,48.82,0.84,1,-1,-1
267,22,256.63,235.70,40.27,67.95,0.87,1,-1,-1
267,23,32.31,243.01,15.59,24.93,0.85,1,-1,-1
267,24,68.94,245.71,11.39,20.07,0.71,1,-1,-1
268,7,-0.07,244.70,36.31,107.66,0.94,1,-1,-1
268,9,549.21,214.79,9.84,21.18,0.87,1,-1,-1
268,10,535.88,211.88,10.71,26.98,0.89,1,-1,-1
268,14,544.31,232.91,13.51,32.03,0.92,1,-1,-1
268,15,89.26,242.57,11.19,33.10,0.85,1,-1,-1
268,20,243.03,241.14,22.07,49.32,0.88,1,-1,-1
268,22,258.86,243.71,23.32,57.96,0.81,1,-1,-1
268,23,35.96,242.00,13.96,25.72,0.88,1,-1,-1
268,24,71.27,244.72,11.63,21.27,0.66,1,-1,-1
269,7,-0.38,247.57,16.30,105.23,0.87,1,-1,-1
269,9,547.61,214.30,9.36,22.13,0.87,1,-1,-1
269,10,534.48,212.47,10.51,26.64,0.90,1,-1,-1
269,14,546.62,232.14,11.08,32.19,0.90,1,-1,-1
269,15,86.97,241.94,10.16,34.12,0.80,1,-1,-1
269,20,237.18,241.54,18.69,48.08,0.85,1,-1,-1
269,22,244.53,235.66,32.75,66.09,0.90,1,-1,-1
269,23,38.59,242.53,14.03,25.12,0.88,1,-1,-1
269,24,74.45,246.49,10.09,19.92,0.80,1,-1,-1
270,9,546.31,213.61,9.03,22.34,0.88,1,-1,-1
270,10,533.95,212.12,9.14,26.98,0.86,1,-1,-1
270,14,548.04,232.53,10.02,31.04,0.91,1,-1,-1
270,15,85.88,243.28,9.59,32.80,0.58,1,-1,-1
270,19,231.86,236.56,14.44,51.88,0.68,1,-1,-1
270,22,235.77,235.15,33.58,65.61,0.89,1,-1,-1
270,23,41.43,242.40,14.34,25.85,0.89,1,-1,-1
270,24,76.55,249.39,8.18,17.03,0.73,1,-1,-1
271,9,545.92,213.85,8.91,23.90,0.87,1,-1,-1
271,10,532.23,212.52,10.40,26.33,0.88,1,-1,-1
271,14,548.85,232.62,10.17,30.88,0.90,1,-1,-1
271,19,223.35,237.77,21.85,50.37,0.72,1,-1,-1
271,22,231.37,240.29,24.39,60.07,0.79,1,-1,-1
271,23,43.41,242.16,14.89,25.71,0.86,1,-1,-1
272,9,545.62,214.25,11.39,23.67,0.88,1,-1,-1
272,10,531.50,212.97,11.20,26.26,0.87,1,-1,-1
272,14,548.84,231.70,11.50,31.64,0.91,1,-1,-1
272,19,217.59,235.90,18.77,51.28,0.49,1,-1,-1
272,22,218.94,236.09,32.30,63.82,0.86,1,-1,-1
272,23,44.10,242.88,17.29,24.49,0.89,1,-1,-1
273,9,545.39,214.59,11.62,23.67,0.87,1,-1,-1
273,10,530.43,212.49,9.93,26.34,0.86,1,-1,-1
273,14,548.46,232.43,12.07,30.38,0.92,1,-1,-1
273,15,76.59,244.88,7.68,21.48,0.80,1,-1,-1
273,22,210.07,235.82,31.50,61.57,0.87,1,-1,-1
273,23,48.55,242.58,14.95,25.20,0.88,1,-1,-1
273,24,86.83,249.23,7.28,18.17,0.69,1,-1,-1
274,9,543.46,214.55,8.98,23.99,0.87,1,-1,-1
274,10,528.48,212.99,10.32,25.39,0.83,1,-1,-1
274,14,548.99,231.53,11.60,29.09,0.90,1,-1,-1
274,15,73.59,244.76,9.53,21.81,0.81,1,-1,-1
274,22,206.84,237.22,27.34,61.08,0.80,1,-1,-1
274,23,51.52,243.27,14.69,24.06,0.89,1,-1,-1
274,24,87.39,247.62,9.22,19.34,0.61,1,-1,-1
275,9,542.39,215.34,8.33,23.44,0.89,1,-1,-1
275,10,527.55,212.76,9.49,23.20,0.84,1,-1,-1
275,14,551.12,230.80,9.46,28.80,0.90,1,-1,-1
275,15,69.94,244.36,9.32,21.32,0.79,1,-1,-1
275,22,199.04,236.54,31.67,61.42,0.94,1,-1,-1
275,23,54.75,243.33,14.67,23.51,0.86,1,-1,-1
275,24,88.08,248.53,11.21,20.67,0.49,1,-1,-1
276,9,540.03,214.89,9.60,23.99,0.88,1,-1,-1
276,10,526.82,213.56,8.35,12.13,0.78,1,-1,-1
276,14,552.09,227.61,9.14,29.60,0.88,1,-1,-1
276,15,68.17,246.34,9.68,20.20,0.78,1,-1,-1
276,22,195.08,237.45,24.77,50.70,0.63,1,-1,-1
276,23,56.01,243.43,16.02,23.21,0.85,1,-1,-1
276,24,90.01,247.88,13.00,29.60,0.49,1,-1,-1
277,9,539.30,215.23,10.94,23.51,0.89,1,-1,-1
277,10,525.59,213.97,8.62,12.50,0.75,1,-1,-1
277,14,552.49,225.88,9.63,28.44,0.89,1,-1,-1
277,19,194.28,237.98,20.08,49.25,0.63,1,-1,-1
277,22,187.14,237.68,22.32,58.72,0.83,1,-1,-1
277,23,58.49,243.21,16.74,23.24,0.86,1,-1,-1
277,24,92.31,247.30,14.01,33.41,0.20,1,-1,-1
278,9,537.67,215.25,10.92,23.56,0.87,1,-1,-1
278,10,524.63,213.55,8.57,12.27,0.74,1,-1,-1
278,14,550.65,224.94,11.77,29.50,0.90,1,-1,-1
278,19,187.80,237.22,22.82,48.62,0.67,1,-1,-1
278,22,181.18,236.84,22.56,59.12,0.85,1,-1,-1
278,23,62.23,243.02,16.58,23.55,0.85,1,-1,-1
278,24,95.16,249.00,11.80,18.92,0.54,1,-1,-1
279,9,536.28,215.16,8.28,23.43,0.88,1,-1,-1
279,10,522.69,214.46,8.66,13.12,0.73,1,-1,-1
279,14,550.01,225.43,12.43,28.56,0.91,1,-1,-1
279,15,59.40,244.03,8.89,22.48,0.80,1,-1,-1
279,19,180.44,237.60,21.81,49.82,0.77,1,-1,-1
279,22,174.44,243.15,18.89,52.76,0.76,1,-1,-1
279,23,65.99,243.72,14.93,22.79,0.87,1,-1,-1
279,24,97.10,248.45,12.78,18.63,0.57,1,-1,-1
280,9,534.12,215.80,8.27,22.61,0.86,1,-1,-1
280,10,520.02,214.21,9.95,14.31,0.80,1,-1,-1
280,14,552.41,222.40,9.57,26.99,0.89,1,-1,-1
280,15,56.01,243.26,8.99,23.54,0.83,1,-1,-1
280,19,172.92,238.03,22.07,48.41,0.82,1,-1,-1
280,22,162.24,238.94,26.56,55.86,0.90,1,-1,-1
280,23,68.57,243.10,14.75,23.22,0.87,1,-1,-1
280,24,104.11,248.78,9.19,18.33,0.65,1,-1,-1
281,9,532.92,215.52,8.64,23.34,0.86,1,-1,-1
281,10,519.25,213.97,9.23,14.64,0.82,1,-1,-1
281,14,552.91,221.57,9.80,27.47,0.90,1,-1,-1
281,15,54.12,243.27,8.90,23.49,0.84,1,-1,-1
281,19,167.58,238.00,22.34,49.91,0.89,1,-1,-1
281,22,161.15,245.20,22.44,49.24,0.90,1,-1,-1
281,23,68.57,244.01,15.94,22.51,0.87,1,-1,-1
281,24,106.30,247.70,11.49,19.31,0.74,1,-1,-1
282,9,531.68,215.50,9.88,22.70,0.86,1,-1,-1
282,10,517.88,214.08,9.17,15.31,0.84,1,-1,-1
282,14,553.28,221.44,10.62,27.46,0.90,1,-1,-1
282,15,51.77,243.49,8.73,23.40,0.86,1,-1,-1
282,19,165.41,241.96,18.53,43.70,0.83,1,-1,-1
282,22,155.19,238.29,17.53,55.53,0.83,1,-1,-1
282,23,74.11,243.60,13.13,23.40,0.77,1,-1,-1
282,24,104.99,247.72,13.78,19.28,0.66,1,-1,-1
283,9,528.98,215.08,9.58,22.02,0.72,1,-1,-1
283,10,516.22,214.28,9.15,15.79,0.82,1,-1,-1
283,14,554.20,217.75,9.18,26.70,0.89,1,-1,-1
283,15,49.57,242.76,8.51,23.79,0.86,1,-1,-1
283,22,146.54,243.49,24.71,50.93,0.81,1,-1,-1
283,23,78.28,244.26,14.40,31.07,0.73,1,-1,-1
283,24,108.01,248.85,13.34,17.85,0.77,1,-1,-1
284,9,528.03,215.61,8.84,21.81,0.57,1,-1,-1
284,10,514.62,214.81,8.29,15.68,0.79,1,-1,-1
284,14,553.48,216.89,9.30,27.21,0.89,1,-1,-1
284,15,47.59,244.56,9.30,22.48,0.86,1,-1,-1
284,19,150.04,239.69,18.98,45.90,0.91,1,-1,-1
284,22,141.85,244.18,15.74,50.37,0.86,1,-1,-1
284,23,85.32,245.68,9.62,31.79,0.82,1,-1,-1
284,24,110.35,249.45,13.06,17.62,0.75,1,-1,-1
285,10,512.75,215.02,8.58,15.90,0.85,1,-1,-1
285,14,553.57,216.70,8.69,27.15,0.88,1,-1,-1
285,15,45.12,244.35,8.46,22.77,0.82,1,-1,-1
285,19,143.06,238.66,19.91,54.34,0.86,1,-1,-1
285,22,135.05,245.44,17.78,47.78,0.70,1,-1,-1
285,23,86.13,246.06,12.53,37.86,0.88,1,-1,-1
285,24,113.40,248.51,13.80,17.95,0.73,1,-1,-1
286,10,511.72,214.62,8.51,16.70,0.86,1,-1,-1
286,14,552.66,214.58,9.46,26.18,0.88,1,-1,-1
286,15,43.25,244.46,8.26,22.77,0.74,1,-1,-1
286,19,137.97,239.35,20.46,44.32,0.91,1,-1,-1
286,23,88.58,245.60,13.67,38.67,0.79,1,-1,-1
286,24,116.41,249.14,13.54,17.34,0.21,1,-1,-1
287,10,510.33,215.15,9.60,15.91,0.84,1,-1,-1
287,14,552.20,212.53,9.83,26.85,0.89,1,-1,-1
287,15,41.14,245.29,8.31,21.07,0.71,1,-1,-1
287,19,131.45,239.38,20.15,43.93,0.88,1,-1,-1
287,23,92.71,244.09,17.12,40.83,0.77,1,-1,-1
288,10,509.20,214.67,8.77,16.65,0.86,1,-1,-1
288,14,552.22,212.20,10.36,27.00,0.90,1,-1,-1
288,15,39.16,245.03,8.45,19.07,0.71,1,-1,-1
288,19,126.23,238.99,19.05,27.65,0.89,1,-1,-1
288,22,116.01,245.61,13.69,20.71,0.85,1,-1,-1
288,23,98.83,243.54,14.26,24.20,0.76,1,-1,-1
289,9,519.78,216.82,6.35,12.46,0.72,1,-1,-1
289,10,508.06,215.02,8.24,15.40,0.80,1,-1,-1
289,14,552.74,212.63,10.37,26.60,0.89,1,-1,-1
289,15,36.96,245.23,9.51,20.98,0.69,1,-1,-1
289,19,120.20,239.79,16.20,26.68,0.87,1,-1,-1
289,22,110.84,244.61,11.87,22.11,0.60,1,-1,-1
289,23,101.66,246.37,11.19,21.03,0.77,1,-1,-1
290,9,517.74,216.48,6.77,13.20,0.60,1,-1,-1
290,10,506.52,214.55,7.82,10.82,0.83,1,-1,-1
290,14,553.68,212.41,9.64,27.02,0.89,1,-1,-1
290,15,33.67,243.40,8.60,23.44,0.74,1,-1,-1
290,19,112.28,238.69,19.78,27.97,0.83,1,-1,-1
290,22,104.80,245.13,10.78,22.11,0.66,1,-1,-1
290,24,133.96,247.44,17.26,19.28,0.66,1,-1,-1
291,9,516.59,216.52,7.48,13.16,0.70,1,-1,-1
291,10,505.96,214.25,8.16,12.27,0.79,1,-1,-1
291,14,553.73,212.53,9.59,26.50,0.89,1,-1,-1
291,15,31.99,243.11,8.70,23.51,0.76,1,-1,-1
291,19,107.35,239.90,19.90,26.91,0.78,1,-1,-1
291,22,100.23,244.82,13.05,22.04,0.66,1,-1,-1
291,24,137.12,249.45,20.05,37.04,0.72,1,-1,-1
292,9,515.23,216.79,7.12,13.81,0.69,1,-1,-1
292,10,505.94,214.78,7.30,10.65,0.74,1,-1,-1
292,14,552.85,212.82,9.20,26.20,0.88,1,-1,-1
292,15,31.06,243.88,7.33,20.61,0.79,1,-1,-1
292,19,99.94,238.93,17.88,28.67,0.86,1,-1,-1
292,22,94.16,243.77,13.50,28.22,0.78,1,-1,-1
292,23,117.20,245.98,12.53,20.53,0.80,1,-1,-1
292,24,144.90,249.93,17.10,40.49,0.84,1,-1,-1
293,9,514.42,216.76,6.71,14.33,0.63,1,-1,-1
293,10,505.61,214.69,7.23,10.63,0.78,1,-1,-1
293,14,551.29,212.49,9.94,26.75,0.89,1,-1,-1
293,15,29.34,244.13,7.87,20.84,0.79,1,-1,-1
293,19,96.14,239.51,18.38,28.16,0.87,1,-1,-1
293,22,90.25,241.42,14.72,46.77,0.63,1,-1,-1
293,23,116.88,244.10,18.39,22.46,0.84,1,-1,-1
293,24,148.27,249.22,17.37,38.53,0.77,1,-1,-1
294,9,513.81,216.84,6.66,13.91,0.66,1,-1,-1
294,10,505.57,215.16,6.42,10.08,0.75,1,-1,-1
294,14,550.27,213.11,10.41,26.29,0.91,1,-1,-1
294,15,28.01,243.79,7.98,22.22,0.79,1,-1,-1
294,19,86.75,239.97,25.29,51.25,0.37,1,-1,-1
294,22,86.85,239.67,14.29,51.46,0.64,1,-1,-1
294,23,118.43,243.63,21.48,22.99,0.84,1,-1,-1
294,24,153.62,250.12,18.78,38.71,0.82,1,-1,-1
295,9,512.63,216.73,6.97,14.04,0.63,1,-1,-1
295,10,505.10,215.11,6.42,10.19,0.40,1,-1,-1
295,14,549.76,213.32,9.66,26.16,0.89,1,-1,-1
295,15,26.73,245.91,7.36,18.98,0.67,1,-1,-1
295,19,84.98,238.42,17.72,52.64,0.89,1,-1,-1
295,23,128.12,246.23,14.68,20.10,0.77,1,-1,-1
295,24,160.55,247.63,17.20,41.91,0.86,1,-1,-1
296,9,512.23,217.00,6.91,13.82,0.46,1,-1,-1
296,10,504.74,215.25,6.20,9.92,0.21,1,-1,-1
296,14,548.31,213.22,8.84,25.83,0.89,1,-1,-1
296,15,23.78,245.13,8.81,20.80,0.71,1,-1,-1
296,19,85.13,242.75,12.78,42.17,0.75,1,-1,-1
296,23,132.89,244.18,18.21,22.39,0.77,1,-1,-1
296,24,165.35,247.37,21.55,42.29,0.87,1,-1,-1
297,9,511.64,216.81,6.48,13.91,0.51,1,-1,-1
297,10,505.21,215.60,5.80,9.43,0.41,1,-1,-1
297,14,546.79,213.82,9.33,25.25,0.90,1,-1,-1
297,15,22.75,244.16,8.72,22.07,0.61,1,-1,-1
297,19,75.87,239.06,16.20,27.86,0.86,1,-1,-1
297,23,134.80,242.13,23.63,43.44,0.85,1,-1,-1
297,24,168.39,247.03,22.63,43.68,0.84,1,-1,-1
298,9,510.72,216.73,6.19,13.54,0.26,1,-1,-1
298,10,504.94,215.70,5.51,8.77,0.21,1,-1,-1
298,14,544.95,213.48,8.71,25.71,0.88,1,-1,-1
298,15,22.19,245.92,9.19,19.18,0.53,1,-1,-1
298,19,69.08,239.47,15.45,27.44,0.84,1,-1,-1
298,23,137.99,243.75,24.67,48.81,0.90,1,-1,-1
298,24,176.40,244.85,19.27,48.30,0.76,1,-1,-1
299,9,510.33,216.87,5.91,12.75,0.32,1,-1,-1
299,14,543.13,213.75,10.26,25.38,0.89,1,-1,-1
299,15,20.04,243.70,8.37,21.96,0.57,1,-1,-1
299,19,64.34,238.37,12.28,29.11,0.72,1,-1,-1
299,22,73.62,243.39,10.27,23.10,0.61,1,-1,-1
299,23,146.84,242.77,22.20,49.16,0.91,1,-1,-1
299,24,181.00,247.29,19.04,43.79,0.87,1,-1,-1
300,9,509.96,216.77,5.45,11.60,0.29,1,-1,-1
300,10,514.55,218.81,5.87,11.70,0.61,1,-1,-1
300,14,542.13,213.94,10.20,25.11,0.90,1,-1,-1
300,15,18.35,243.26,8.95,23.77,0.52,1,-1,-1
300,19,60.26,239.42,11.93,28.12,0.63,1,-1,-1
300,22,67.11,243.68,12.91,23.45,0.65,1,-1,-1
300,23,152.26,243.33,23.75,49.42,0.93,1,-1,-1
300,24,187.07,247.29,17.73,45.27,0.87,1,-1,-1
