1,1,424.89,233.87,25.63,75.90,0.94,1,-1,-1
1,2,388.83,243.86,26.63,66.58,0.94,1,-1,-1
1,3,543.15,232.54,13.08,41.98,0.91,1,-1,-1
1,4,543.58,213.24,9.68,21.92,0.86,1,-1,-1
1,5,114.34,245.77,17.85,20.34,0.79,1,-1,-1
1,6,17.58,242.81,11.42,22.75,0.76,1,-1,-1
2,1,421.68,232.22,26.67,79.38,0.94,1,-1,-1
2,2,384.08,244.53,24.70,68.35,0.93,1,-1,-1
2,3,543.11,231.96,12.85,40.76,0.91,1,-1,-1
2,4,541.29,212.70,10.16,25.17,0.80,1,-1,-1
2,5,117.65,247.88,16.09,18.43,0.84,1,-1,-1
2,6,19.98,242.62,9.78,22.29,0.77,1,-1,-1
3,1,418.51,231.12,28.07,81.20,0.95,1,-1,-1
3,2,376.98,243.22,24.10,69.94,0.93,1,-1,-1
3,3,543.51,231.57,12.54,41.03,0.91,1,-1,-1
3,4,540.60,213.23,9.09,24.80,0.72,1,-1,-1
3,5,120.02,244.70,18.62,20.90,0.75,1,-1,-1
3,6,21.27,242.99,11.59,22.55,0.77,1,-1,-1
4,1,415.48,232.73,28.83,83.32,0.94,1,-1,-1
4,2,368.16,244.84,26.76,70.15,0.94,1,-1,-1
4,3,544.07,231.31,12.17,39.33,0.91,1,-1,-1
4,4,539.78,213.38,8.01,24.57,0.77,1,-1,-1
4,5,123.46,248.07,17.76,18.16,0.78,1,-1,-1
4,6,22.93,242.53,11.68,23.40,0.79,1,-1,-1
5,1,414.29,230.91,28.30,87.15,0.94,1,-1,-1
5,2,364.58,244.38,26.23,71.52,0.94,1,-1,-1
5,3,544.13,230.31,12.06,40.50,0.91,1,-1,-1
5,4,538.96,215.07,7.43,22.91,0.79,1,-1,-1
5,5,127.14,246.75,16.83,19.11,0.78,1,-1,-1
5,6,23.97,242.84,11.66,23.77,0.82,1,-1,-1
6,1,410.84,230.73,28.98,88.18,0.94,1,-1,-1
6,2,359.23,244.71,28.50,72.86,0.94,1,-1,-1
6,3,543.83,231.01,12.06,39.60,0.91,1,-1,-1
6,4,536.64,214.71,8.03,22.28,0.70,1,-1,-1
6,5,130.79,245.51,19.98,23.63,0.80,1,-1,-1
6,6,27.36,243.13,9.77,23.72,0.79,1,-1,-1
7,1,406.71,233.29,29.31,90.12,0.94,1,-1,-1
7,2,351.39,245.95,27.72,75.08,0.94,1,-1,-1
7,3,542.99,230.17,12.13,39.26,0.90,1,-1,-1
7,4,530.94,216.19,9.26,22.49,0.68,1,-1,-1
7,5,134.36,246.96,17.43,19.01,0.85,1,-1,-1
7,6,27.72,242.77,11.29,23.69,0.82,1,-1,-1
8,1,402.10,230.75,30.20,93.13,0.95,1,-1,-1
8,2,341.37,245.30,28.05,75.80,0.95,1,-1,-1
8,3,543.03,230.17,11.89,38.92,0.91,1,-1,-1
8,5,137.17,245.34,19.54,41.19,0.87,1,-1,-1
8,6,28.52,243.01,12.44,23.11,0.82,1,-1,-1
9,1,396.88,229.39,32.72,97.66,0.95,1,-1,-1
9,2,332.51,247.35,32.89,75.99,0.95,1,-1,-1
9,3,543.20,230.78,11.65,37.08,0.91,1,-1,-1
9,5,140.52,243.60,18.78,45.41,0.87,1,-1,-1
9,6,29.82,243.43,12.29,23.88,0.84,1,-1,-1
10,1,391.97,231.66,33.52,98.67,0.95,1,-1,-1
10,2,325.84,245.17,27.78,79.50,0.95,1,-1,-1
10,3,542.97,229.65,11.82,38.07,0.91,1,-1,-1
10,5,144.55,243.80,20.27,45.85,0.90,1,-1,-1
10,6,30.73,242.85,12.14,24.19,0.85,1,-1,-1
11,1,388.13,228.38,33.24,103.41,0.95,1,-1,-1
11,2,314.72,245.90,33.79,81.11,0.95,1,-1,-1
11,3,542.67,230.21,11.56,37.45,0.91,1,-1,-1
11,5,147.34,243.34,21.06,47.42,0.90,1,-1,-1
11,6,32.58,243.02,11.50,24.11,0.85,1,-1,-1
12,1,379.27,228.74,38.21,104.70,0.94,1,-1,-1
12,2,309.45,245.61,31.56,84.13,0.94,1,-1,-1
12,3,542.28,229.96,11.64,36.47,0.90,1,-1,-1
12,5,151.41,242.40,22.84,48.73,0.90,1,-1,-1
12,6,34.31,243.14,12.28,23.90,0.84,1,-1,-1
13,1,377.61,230.60,33.87,106.29,0.93,1,-1,-1
13,2,303.71,243.83,28.57,87.14,0.94,1,-1,-1
13,3,542.65,229.43,11.08,36.74,0.91,1,-1,-1
13,4,515.12,215.64,7.76,14.64,0.60,1,-1,-1
13,5,151.48,243.59,26.04,47.88,0.90,1,-1,-1
13,6,35.98,242.85,11.59,23.89,0.86,1,-1,-1
14,1,370.49,227.39,34.20,112.68,0.94,1,-1,-1
14,2,295.47,244.80,31.79,89.86,0.94,1,-1,-1
14,3,542.98,230.25,11.29,34.64,0.90,1,-1,-1
14,4,513.03,216.16,8.86,14.78,0.76,1,-1,-1
14,5,155.82,243.73,26.72,48.49,0.89,1,-1,-1
14,6,37.79,243.34,13.95,23.38,0.83,1,-1,-1
15,1,364.15,226.67,35.73,116.38,0.95,1,-1,-1
15,2,286.89,246.15,31.62,89.36,0.95,1,-1,-1
15,3,543.20,229.46,11.14,35.33,0.91,1,-1,-1
15,4,512.24,215.31,8.37,15.64,0.77,1,-1,-1
15,5,159.14,242.75,26.93,49.44,0.91,1,-1,-1
15,6,38.89,243.72,12.63,23.93,0.86,1,-1,-1
16,1,354.32,230.09,38.44,118.01,0.95,1,-1,-1
16,2,275.73,244.59,38.89,93.92,0.95,1,-1,-1
16,3,543.26,229.58,11.09,35.12,0.92,1,-1,-1
16,4,511.16,216.13,7.02,15.25,0.74,1,-1,-1
16,5,166.30,243.86,25.40,48.80,0.94,1,-1,-1
16,6,41.02,243.41,11.74,24.59,0.88,1,-1,-1
17,1,348.16,228.75,37.59,122.53,0.94,1,-1,-1
17,2,268.70,245.74,38.38,97.34,0.95,1,-1,-1
17,3,543.38,229.90,10.98,34.63,0.90,1,-1,-1
17,4,509.60,215.75,7.38,15.32,0.80,1,-1,-1
17,5,171.90,243.50,24.86,49.77,0.91,1,-1,-1
17,6,42.49,243.41,12.04,24.46,0.87,1,-1,-1
18,1,335.35,225.48,42.28,127.40,0.94,1,-1,-1
18,2,262.59,245.65,33.46,98.98,0.95,1,-1,-1
18,3,543.96,229.70,10.56,34.25,0.91,1,-1,-1
18,4,508.70,215.82,7.49,12.70,0.76,1,-1,-1
18,5,175.02,242.60,26.99,50.93,0.90,1,-1,-1
18,6,45.10,243.65,12.53,23.74,0.90,1,-1,-1
19,1,323.70,230.05,45.45,126.28,0.93,1,-1,-1
19,2,254.04,248.78,35.20,99.14,0.95,1,-1,-1
19,3,544.95,230.78,10.48,32.44,0.90,1,-1,-1
19,4,508.47,215.92,6.65,12.33,0.62,1,-1,-1
19,5,179.82,244.29,28.01,50.40,0.92,1,-1,-1
19,6,47.85,243.80,12.15,23.55,0.89,1,-1,-1
20,1,319.02,225.36,42.32,136.89,0.95,1,-1,-1
20,2,241.42,247.23,35.74,101.69,0.94,1,-1,-1
20,3,545.29,230.46,10.58,32.66,0.90,1,-1,-1
20,4,508.25,215.90,6.32,9.72,0.59,1,-1,-1
20,5,185.94,243.67,26.96,51.69,0.93,1,-1,-1
20,6,49.18,243.81,14.56,23.18,0.87,1,-1,-1
21,1,307.43,223.55,47.71,142.56,0.95,1,-1,-1
21,2,228.86,248.10,44.06,103.86,0.95,1,-1,-1
21,3,545.41,230.47,10.55,32.30,0.90,1,-1,-1
21,4,507.99,216.16,6.69,9.24,0.63,1,-1,-1
21,5,190.64,243.61,29.21,51.36,0.92,1,-1,-1
21,6,51.25,243.91,11.62,23.21,0.90,1,-1,-1
22,1,298.78,228.17,49.95,143.29,0.95,1,-1,-1
22,2,226.75,246.00,38.19,111.83,0.92,1,-1,-1
22,3,545.50,229.88,10.59,33.25,0.90,1,-1,-1
22,4,508.50,215.96,7.08,12.37,0.57,1,-1,-1
22,5,196.36,243.94,28.69,51.99,0.92,1,-1,-1
22,6,52.99,243.79,11.73,23.19,0.91,1,-1,-1
23,1,291.99,223.72,50.82,153.57,0.95,1,-1,-1
23,2,218.10,243.82,37.18,115.11,0.93,1,-1,-1
23,3,545.97,229.73,10.30,32.11,0.90,1,-1,-1
23,4,508.74,215.84,6.64,12.58,0.64,1,-1,-1
23,5,201.00,241.59,27.43,53.91,0.87,1,-1,-1
23,6,55.35,243.97,12.07,22.38,0.90,1,-1,-1
24,1,283.92,221.09,52.46,160.55,0.93,1,-1,-1
24,2,206.56,246.90,40.73,118.44,0.94,1,-1,-1
24,3,546.35,228.39,10.15,30.96,0.90,1,-1,-1
24,4,509.07,216.50,6.93,13.15,0.74,1,-1,-1
24,6,57.45,243.06,12.75,23.39,0.89,1,-1,-1
25,1,276.50,224.76,53.87,162.65,0.94,1,-1,-1
25,2,195.25,245.69,42.81,121.57,0.91,1,-1,-1
25,3,546.48,227.45,10.08,31.33,0.90,1,-1,-1
25,4,510.77,216.97,6.08,13.97,0.69,1,-1,-1
25,6,58.77,242.90,14.07,23.57,0.88,1,-1,-1
25,8,633.07,234.34,6.71,35.10,0.71,1,-1,-1
26,1,266.53,221.53,55.53,171.54,0.94,1,-1,-1
26,2,180.24,245.51,47.47,129.25,0.93,1,-1,-1
26,3,546.88,227.89,9.71,31.03,0.90,1,-1,-1
26,4,511.13,216.75,6.48,14.34,0.71,1,-1,-1
26,5,216.69,240.85,29.87,57.69,0.91,1,-1,-1
26,6,60.73,243.51,14.19,22.85,0.87,1,-1,-1
26,8,631.71,233.51,8.18,37.97,0.82,1,-1,-1
27,1,255.35,218.42,61.19,179.19,0.96,1,-1,-1
27,2,171.64,244.94,48.50,135.23,0.94,1,-1,-1
27,3,546.67,225.68,9.73,28.22,0.89,1,-1,-1
27,4,511.98,216.50,6.70,14.33,0.58,1,-1,-1
27,5,225.83,242.98,27.39,56.96,0.89,1,-1,-1
27,6,62.60,242.92,13.66,23.40,0.88,1,-1,-1
27,8,629.55,234.29,10.38,36.59,0.83,1,-1,-1
28,1,249.71,220.95,61.63,187.41,0.95,1,-1,-1
28,2,164.44,242.97,45.15,141.29,0.94,1,-1,-1
28,3,546.68,224.58,9.83,29.24,0.89,1,-1,-1
28,4,512.57,217.36,6.67,13.51,0.58,1,-1,-1
28,5,230.77,241.46,27.29,57.87,0.85,1,-1,-1
28,6,63.76,242.92,14.29,23.31,0.88,1,-1,-1
28,8,627.96,233.47,11.91,38.44,0.87,1,-1,-1
29,1,235.55,214.90,70.26,205.64,0.96,1,-1,-1
29,2,152.97,244.82,49.93,145.23,0.93,1,-1,-1
29,3,546.85,221.45,9.94,29.46,0.88,1,-1,-1
29,4,513.77,218.01,7.54,12.71,0.65,1,-1,-1
29,6,67.37,243.19,14.65,23.03,0.88,1,-1,-1
29,8,625.25,237.51,13.13,34.39,0.86,1,-1,-1
30,1,227.30,212.67,73.00,213.17,0.97,1,-1,-1
30,2,135.52,243.18,52.27,153.15,0.95,1,-1,-1
30,3,547.17,221.22,9.42,27.62,0.90,1,-1,-1
30,4,514.21,218.10,9.00,12.73,0.69,1,-1,-1
30,6,69.53,242.45,13.24,24.07,0.88,1,-1,-1
30,8,623.42,238.28,12.71,34.52,0.88,1,-1,-1
31,1,219.16,215.94,73.42,221.71,0.94,1,-1,-1
31,2,119.02,244.88,59.83,160.77,0.95,1,-1,-1
31,3,546.52,219.41,9.76,29.34,0.89,1,-1,-1
31,4,514.97,218.32,7.46,12.44,0.75,1,-1,-1
31,6,71.31,243.57,13.20,22.97,0.86,1,-1,-1
31,8,619.19,233.10,15.90,39.34,0.80,1,-1,-1
32,1,200.96,209.79,78.53,246.96,0.89,1,-1,-1
32,2,106.41,244.85,59.68,168.61,0.95,1,-1,-1
32,3,546.13,216.35,9.57,27.73,0.89,1,-1,-1
32,4,515.69,218.76,6.14,10.66,0.78,1,-1,-1
32,6,73.46,243.24,17.13,23.88,0.88,1,-1,-1
32,8,618.52,238.64,12.09,34.28,0.87,1,-1,-1
33,1,180.23,200.99,86.99,262.33,0.94,1,-1,-1
33,2,96.16,241.62,51.85,175.74,0.94,1,-1,-1
33,3,546.02,214.97,9.34,28.88,0.89,1,-1,-1
33,4,515.13,217.39,7.41,12.45,0.60,1,-1,-1
33,5,258.37,242.48,32.30,62.17,0.90,1,-1,-1
33,6,76.07,243.25,15.54,24.43,0.77,1,-1,-1
33,8,615.35,238.28,12.68,35.82,0.87,1,-1,-1
34,1,157.41,208.37,94.53,288.14,0.90,1,-1,-1
34,2,78.68,245.55,62.64,186.51,0.93,1,-1,-1
34,3,545.36,214.69,9.42,28.71,0.89,1,-1,-1
34,4,517.89,218.91,6.13,11.28,0.47,1,-1,-1
34,5,266.39,240.99,33.11,62.88,0.92,1,-1,-1
34,8,608.87,238.30,15.48,35.94,0.91,1,-1,-1
35,1,138.19,195.78,99.16,307.20,0.87,1,-1,-1
35,2,55.43,244.44,62.26,193.26,0.93,1,-1,-1
35,3,545.16,212.99,8.88,26.37,0.89,1,-1,-1
35,4,514.31,217.54,6.02,13.57,0.72,1,-1,-1
35,5,274.60,242.77,31.96,62.48,0.92,1,-1,-1
35,6,87.15,244.73,9.50,25.88,0.80,1,-1,-1
35,8,607.35,238.60,14.73,35.92,0.92,1,-1,-1
36,1,111.24,184.38,109.88,321.05,0.83,1,-1,-1
36,2,28.46,247.77,74.50,206.42,0.95,1,-1,-1
36,3,544.08,211.14,9.45,28.06,0.89,1,-1,-1
36,4,514.25,218.07,5.89,12.40,0.63,1,-1,-1
36,5,285.22,242.04,32.31,65.09,0.90,1,-1,-1
36,6,85.51,244.86,14.63,31.75,0.80,1,-1,-1
36,8,604.44,237.90,12.16,36.52,0.89,1,-1,-1
37,1,81.41,192.23,116.21,279.94,0.81,1,-1,-1
37,2,15.14,245.19,68.36,220.83,0.93,1,-1,-1
37,3,542.81,211.19,9.38,27.74,0.89,1,-1,-1
37,4,513.59,218.25,6.02,12.83,0.69,1,-1,-1
37,5,287.75,241.99,35.67,64.96,0.93,1,-1,-1
37,8,600.45,238.99,13.85,36.22,0.91,1,-1,-1
38,1,14.38,178.63,153.52,288.13,0.75,1,-1,-1
38,2,0.00,241.64,71.88,237.43,0.83,1,-1,-1
38,3,541.36,211.89,9.09,26.80,0.88,1,-1,-1
38,4,513.28,217.73,6.13,13.17,0.74,1,-1,-1
38,5,297.80,242.56,31.30,66.16,0.92,1,-1,-1
38,8,597.46,247.71,13.32,28.11,0.87,1,-1,-1
39,1,-1.95,180.31,150.49,327.00,0.68,1,-1,-1
39,3,540.24,210.31,8.81,16.22,0.87,1,-1,-1
39,4,513.35,218.38,5.56,12.48,0.73,1,-1,-1
39,5,307.89,240.32,30.30,68.55,0.90,1,-1,-1
39,6,93.39,246.58,13.14,17.25,0.65,1,-1,-1
39,9,551.46,240.51,88.22,248.33,0.86,1,-1,-1
40,1,-1.35,203.05,110.65,307.53,0.76,1,-1,-1
40,3,538.68,211.46,8.55,10.84,0.83,1,-1,-1
40,4,513.10,218.14,5.57,12.79,0.72,1,-1,-1
40,5,318.51,248.34,31.13,61.21,0.92,1,-1,-1
40,6,95.13,245.57,14.01,31.29,0.87,1,-1,-1
40,9,523.44,220.59,97.82,271.72,0.72,1,-1,-1
41,1,-6.99,205.57,55.15,305.38,0.64,1,-1,-1
41,3,537.30,211.34,8.66,13.26,0.74,1,-1,-1
41,4,512.66,218.22,5.63,10.31,0.69,1,-1,-1
41,5,326.10,247.59,31.26,63.08,0.91,1,-1,-1
41,6,99.14,245.22,13.23,22.05,0.88,1,-1,-1
41,8,586.99,238.34,14.98,38.73,0.83,1,-1,-1
41,9,504.45,225.77,90.31,232.36,0.72,1,-1,-1
42,3,535.22,211.38,9.14,14.72,0.71,1,-1,-1
42,5,334.58,248.68,29.95,62.36,0.84,1,-1,-1
42,6,101.33,245.78,14.09,21.64,0.88,1,-1,-1
42,8,583.78,240.05,14.43,37.04,0.91,1,-1,-1
42,9,498.37,253.32,66.38,205.92,0.89,1,-1,-1
43,3,533.89,212.44,8.95,23.62,0.85,1,-1,-1
43,5,341.37,242.30,37.90,69.49,0.92,1,-1,-1
43,6,104.48,245.31,13.04,21.69,0.89,1,-1,-1
43,8,580.71,239.14,14.34,39.70,0.92,1,-1,-1
43,9,446.65,230.79,98.10,226.30,0.81,1,-1,-1
44,3,531.80,211.71,8.45,26.97,0.84,1,-1,-1
44,4,511.65,218.53,5.62,12.30,0.74,1,-1,-1
44,5,356.20,240.07,33.71,72.13,0.90,1,-1,-1
44,6,107.44,245.56,13.02,21.78,0.91,1,-1,-1
44,8,572.25,239.30,18.19,39.22,0.93,1,-1,-1
44,9,433.48,247.71,91.99,194.93,0.83,1,-1,-1
45,3,527.61,212.63,11.16,24.98,0.82,1,-1,-1
45,4,511.61,217.77,5.54,12.65,0.75,1,-1,-1
45,5,368.68,250.74,32.82,62.39,0.94,1,-1,-1
45,6,111.15,246.06,13.19,20.96,0.88,1,-1,-1
45,8,571.16,240.03,15.67,39.39,0.92,1,-1,-1
45,9,398.49,262.96,77.57,176.20,0.76,1,-1,-1
46,3,528.55,212.70,8.88,25.03,0.78,1,-1,-1
46,4,511.34,218.37,5.76,12.22,0.78,1,-1,-1
46,5,374.56,250.32,35.63,61.83,0.92,1,-1,-1
46,6,114.86,245.82,12.82,20.85,0.87,1,-1,-1
46,8,567.36,239.69,14.14,40.10,0.92,1,-1,-1
46,9,373.60,255.65,88.42,181.62,0.90,1,-1,-1
47,3,527.97,213.05,7.87,24.16,0.58,1,-1,-1
47,4,511.05,218.46,5.85,12.18,0.76,1,-1,-1
47,6,118.42,245.96,13.51,20.52,0.83,1,-1,-1
47,8,557.46,235.08,22.48,45.74,0.90,1,-1,-1
47,9,367.86,253.34,54.04,171.35,0.86,1,-1,-1
48,3,527.00,213.35,6.54,12.01,0.62,1,-1,-1
48,4,510.87,217.74,5.72,12.24,0.73,1,-1,-1
48,5,396.46,249.57,40.76,65.66,0.94,1,-1,-1
48,6,121.13,244.27,15.23,22.07,0.81,1,-1,-1
48,8,553.18,234.31,21.32,47.34,0.90,1,-1,-1
48,9,325.33,251.44,80.03,171.71,0.94,1,-1,-1
48,10,0.04,255.45,43.35,215.10,0.79,1,-1,-1
49,3,524.74,212.86,7.24,12.51,0.69,1,-1,-1
49,4,511.17,218.38,5.15,11.40,0.74,1,-1,-1
49,5,410.20,247.91,31.33,67.81,0.93,1,-1,-1
49,6,125.16,246.40,13.59,19.94,0.81,1,-1,-1
49,8,548.12,235.08,21.30,46.27,0.90,1,-1,-1
49,9,312.30,245.69,82.72,175.35,0.85,1,-1,-1
49,10,-0.01,238.14,43.54,232.68,0.80,1,-1,-1
50,3,523.28,214.19,7.29,12.99,0.62,1,-1,-1
50,4,511.05,217.43,5.60,12.60,0.75,1,-1,-1
50,5,424.25,247.63,33.09,68.69,0.93,1,-1,-1
50,6,129.24,247.22,13.35,18.91,0.79,1,-1,-1
50,8,542.91,234.68,22.24,47.26,0.92,1,-1,-1
50,9,292.73,244.07,63.50,176.50,0.88,1,-1,-1
50,10,0.15,233.09,75.77,235.71,0.93,1,-1,-1
51,3,521.42,213.01,7.76,14.87,0.76,1,-1,-1
51,4,510.92,217.58,5.63,12.14,0.72,1,-1,-1
51,5,427.75,249.21,40.70,67.87,0.93,1,-1,-1
51,6,133.35,244.15,17.83,22.35,0.85,1,-1,-1
51,8,538.03,234.20,21.29,48.33,0.91,1,-1,-1
51,9,259.54,239.87,81.03,180.73,0.94,1,-1,-1
51,10,12.99,236.44,81.04,228.09,0.92,1,-1,-1
52,3,520.38,214.33,6.66,12.56,0.56,1,-1,-1
52,4,510.81,217.98,5.54,11.48,0.56,1,-1,-1
52,5,444.70,240.00,40.01,77.39,0.92,1,-1,-1
52,6,136.42,244.62,15.49,22.64,0.83,1,-1,-1
52,8,533.86,234.85,21.71,48.30,0.91,1,-1,-1
52,9,248.01,242.27,87.21,184.77,0.88,1,-1,-1
52,10,44.69,233.42,66.38,209.70,0.92,1,-1,-1
53,3,517.61,213.75,7.04,15.15,0.68,1,-1,-1
53,4,510.40,216.99,5.80,12.46,0.49,1,-1,-1
53,5,455.23,241.23,40.68,76.20,0.94,1,-1,-1
53,6,140.64,245.47,16.23,38.21,0.86,1,-1,-1
53,8,528.59,234.83,21.86,49.27,0.91,1,-1,-1
53,9,219.91,243.64,79.11,186.87,0.87,1,-1,-1
53,10,64.99,235.88,87.28,205.49,0.90,1,-1,-1
54,3,516.08,213.83,6.97,16.13,0.77,1,-1,-1
54,4,510.55,217.36,5.09,11.13,0.46,1,-1,-1
54,5,462.32,240.95,46.12,76.29,0.94,1,-1,-1
54,6,144.46,244.87,15.74,37.87,0.81,1,-1,-1
54,8,521.37,234.52,22.69,49.59,0.93,1,-1,-1
54,9,191.79,248.16,91.54,195.82,0.89,1,-1,-1
54,10,81.63,236.25,79.60,195.26,0.93,1,-1,-1
55,3,514.50,214.73,6.91,15.75,0.72,1,-1,-1
55,4,510.64,216.90,5.11,11.64,0.39,1,-1,-1
55,5,481.75,239.27,37.51,77.79,0.91,1,-1,-1
55,8,517.13,235.35,22.64,48.95,0.92,1,-1,-1
55,9,171.26,240.80,87.83,214.84,0.85,1,-1,-1
55,10,111.05,233.00,66.79,188.31,0.94,1,-1,-1
56,3,512.83,214.12,7.00,16.72,0.72,1,-1,-1
56,4,510.09,216.80,5.40,12.69,0.23,1,-1,-1
56,5,486.84,238.57,43.75,78.68,0.89,1,-1,-1
56,8,513.69,234.73,19.34,50.22,0.75,1,-1,-1
56,9,162.17,238.48,73.98,215.09,0.62,1,-1,-1
56,10,120.18,240.28,93.01,179.47,0.66,1,-1,-1
57,3,509.03,214.87,8.17,16.08,0.83,1,-1,-1
57,5,502.45,236.11,43.20,81.94,0.88,1,-1,-1
57,9,116.69,238.78,111.68,224.21,0.92,1,-1,-1
58,3,506.80,214.75,7.84,10.91,0.85,1,-1,-1
58,5,517.01,238.92,41.06,79.40,0.93,1,-1,-1
58,6,160.57,244.91,19.67,39.37,0.81,1,-1,-1
58,8,497.31,235.21,22.39,51.90,0.88,1,-1,-1
58,9,85.45,239.02,111.26,225.16,0.72,1,-1,-1
58,10,179.45,238.34,72.15,163.18,0.92,1,-1,-1
59,3,506.12,213.90,7.90,11.38,0.68,1,-1,-1
59,5,519.35,241.67,51.27,77.26,0.95,1,-1,-1
59,6,164.51,245.43,18.18,33.74,0.87,1,-1,-1
59,8,489.50,236.31,25.09,51.04,0.92,1,-1,-1
59,9,64.90,241.28,91.86,232.67,0.85,1,-1,-1
59,10,184.02,241.04,77.26,156.76,0.93,1,-1,-1
60,5,541.70,238.83,41.79,79.37,0.94,1,-1,-1
60,6,168.28,244.65,19.50,40.14,0.90,1,-1,-1
60,8,480.67,236.60,27.51,51.55,0.93,1,-1,-1
60,9,28.89,244.45,114.44,252.18,0.79,1,-1,-1
60,10,223.34,236.29,58.95,154.71,0.93,1,-1,-1
61,5,548.58,240.68,45.11,78.48,0.93,1,-1,-1
61,6,172.04,244.72,20.41,40.72,0.91,1,-1,-1
61,8,473.30,236.13,25.59,51.97,0.91,1,-1,-1
61,9,1.93,238.02,101.82,259.24,0.62,1,-1,-1
61,10,237.91,241.02,61.41,148.11,0.94,1,-1,-1
62,3,498.32,215.10,6.53,7.20,0.73,1,-1,-1
62,5,564.28,249.57,33.17,70.22,0.90,1,-1,-1
62,6,178.50,243.64,19.10,42.04,0.90,1,-1,-1
62,8,463.90,237.68,28.38,51.27,0.92,1,-1,-1
62,9,-0.75,232.78,90.16,271.91,0.77,1,-1,-1
62,10,269.86,239.04,57.63,140.32,0.94,1,-1,-1
63,3,496.79,214.45,6.96,7.79,0.56,1,-1,-1
63,5,576.38,250.34,28.78,69.64,0.90,1,-1,-1
63,6,181.67,243.00,19.09,42.65,0.89,1,-1,-1
63,8,457.53,236.97,25.63,52.49,0.91,1,-1,-1
63,9,-1.62,317.54,68.81,179.54,0.33,1,-1,-1
63,10,283.11,238.97,61.09,139.53,0.95,1,-1,-1
64,3,495.77,214.62,6.83,7.72,0.70,1,-1,-1
64,5,579.06,241.24,48.27,79.05,0.93,1,-1,-1
64,6,185.46,243.61,18.83,42.21,0.90,1,-1,-1
64,8,451.11,237.58,26.33,51.97,0.92,1,-1,-1
64,10,286.93,242.34,67.64,135.26,0.97,1,-1,-1
65,3,494.61,214.62,6.86,7.53,0.36,1,-1,-1
65,5,594.92,239.25,43.89,80.42,0.94,1,-1,-1
65,6,188.65,242.37,19.56,42.77,0.88,1,-1,-1
65,8,449.55,243.61,21.38,46.37,0.92,1,-1,-1
65,10,322.74,238.42,49.17,132.92,0.95,1,-1,-1
66,3,493.54,214.34,7.12,8.12,0.45,1,-1,-1
66,5,607.83,239.46,32.34,80.09,0.89,1,-1,-1
66,6,194.34,242.54,21.58,44.05,0.92,1,-1,-1
66,8,437.73,243.92,21.62,46.79,0.94,1,-1,-1
66,10,334.56,241.38,54.17,129.62,0.95,1,-1,-1
67,3,492.29,214.77,6.79,7.63,0.33,1,-1,-1
67,5,613.25,241.62,26.76,77.66,0.90,1,-1,-1
67,6,197.99,242.60,20.14,44.20,0.92,1,-1,-1
67,8,431.58,244.93,23.00,47.01,0.93,1,-1,-1
67,10,351.32,242.07,55.64,123.63,0.95,1,-1,-1
68,3,491.76,214.18,6.69,7.89,0.42,1,-1,-1
68,6,203.36,242.09,20.18,45.04,0.91,1,-1,-1
68,8,425.40,243.95,18.53,47.82,0.91,1,-1,-1
68,10,373.32,239.35,49.53,122.80,0.95,1,-1,-1
69,3,491.42,214.71,6.40,7.50,0.56,1,-1,-1
69,6,205.04,242.25,22.28,44.84,0.92,1,-1,-1
69,8,418.85,245.56,20.37,46.21,0.90,1,-1,-1
69,10,374.57,243.98,62.18,117.76,0.96,1,-1,-1
70,3,490.85,214.62,6.71,7.47,0.66,1,-1,-1
70,6,210.71,243.81,20.31,44.49,0.91,1,-1,-1
70,8,408.32,244.00,14.67,47.89,0.81,1,-1,-1
70,10,405.55,240.46,44.46,117.83,0.94,1,-1,-1
71,3,490.09,214.73,6.98,7.40,0.54,1,-1,-1
71,6,214.97,242.99,20.04,45.30,0.90,1,-1,-1
71,8,391.61,244.54,26.94,47.64,0.94,1,-1,-1
71,10,419.10,242.45,51.25,115.21,0.95,1,-1,-1
72,3,489.83,214.64,6.55,7.18,0.46,1,-1,-1
72,6,219.20,242.00,22.61,46.58,0.92,1,-1,-1
72,8,389.04,244.88,24.32,47.44,0.94,1,-1,-1
72,10,432.45,242.82,47.57,112.27,0.95,1,-1,-1
73,3,489.15,214.28,6.65,7.67,0.72,1,-1,-1
73,4,509.34,215.37,6.35,13.14,0.65,1,-1,-1
73,6,224.33,241.96,21.95,47.94,0.90,1,-1,-1
73,8,380.65,244.57,19.81,47.12,0.91,1,-1,-1
73,10,456.87,240.27,43.15,110.53,0.95,1,-1,-1
73,11,519.64,216.65,6.32,12.54,0.79,1,-1,-1
74,3,489.61,214.73,6.37,7.34,0.44,1,-1,-1
74,4,509.28,215.60,6.76,13.02,0.76,1,-1,-1
74,6,229.32,241.07,23.18,49.25,0.90,1,-1,-1
74,8,370.46,245.24,25.15,46.76,0.94,1,-1,-1
74,10,460.06,241.78,61.93,108.18,0.96,1,-1,-1
74,11,519.14,216.91,6.69,12.62,0.72,1,-1,-1
75,3,489.98,214.95,6.42,7.29,0.45,1,-1,-1
75,4,510.18,214.86,6.83,14.99,0.68,1,-1,-1
75,6,236.71,243.11,21.24,48.28,0.87,1,-1,-1
75,8,365.69,244.14,18.74,47.51,0.92,1,-1,-1
75,10,485.01,239.34,42.10,109.92,0.95,1,-1,-1
75,11,518.42,216.82,7.38,12.75,0.76,1,-1,-1
76,3,490.12,215.10,6.44,7.12,0.47,1,-1,-1
76,4,510.81,215.48,6.68,14.81,0.71,1,-1,-1
76,6,238.78,242.72,23.18,48.35,0.92,1,-1,-1
76,8,351.04,245.18,27.33,46.21,0.95,1,-1,-1
76,10,504.26,239.62,43.41,108.85,0.94,1,-1,-1
76,11,518.32,216.27,7.36,13.35,0.78,1,-1,-1
77,3,490.05,215.33,6.53,7.05,0.37,1,-1,-1
77,4,511.55,215.63,6.35,14.98,0.74,1,-1,-1
77,6,245.07,242.28,24.40,49.60,0.94,1,-1,-1
77,8,348.34,244.72,20.77,46.53,0.93,1,-1,-1
77,10,508.79,241.65,49.45,107.91,0.95,1,-1,-1
77,11,517.97,216.72,7.30,13.12,0.75,1,-1,-1
78,3,490.24,214.94,6.77,7.37,0.48,1,-1,-1
78,4,512.08,214.69,6.59,15.29,0.65,1,-1,-1
78,6,250.33,243.81,24.40,49.21,0.92,1,-1,-1
78,8,340.22,244.53,20.61,46.75,0.92,1,-1,-1
78,10,537.65,239.01,34.06,105.70,0.93,1,-1,-1
78,11,517.74,216.15,6.28,13.59,0.67,1,-1,-1
79,3,491.20,215.54,6.38,6.83,0.44,1,-1,-1
79,4,513.65,215.44,6.51,14.47,0.58,1,-1,-1
79,6,257.54,242.57,24.35,50.35,0.91,1,-1,-1
79,8,331.59,245.43,24.61,45.75,0.95,1,-1,-1
79,10,541.75,240.36,54.57,108.82,0.96,1,-1,-1
79,11,517.80,216.24,5.62,13.08,0.55,1,-1,-1
80,3,491.67,215.52,6.52,6.76,0.49,1,-1,-1
80,4,514.15,214.74,7.75,15.61,0.82,1,-1,-1
80,6,264.15,242.99,23.82,50.30,0.90,1,-1,-1
80,8,325.72,244.36,18.66,46.19,0.89,1,-1,-1
80,10,553.59,239.78,46.14,104.04,0.96,1,-1,-1
81,3,492.14,215.87,6.07,6.29,0.60,1,-1,-1
81,4,515.19,215.38,6.99,13.82,0.72,1,-1,-1
81,6,267.93,244.17,24.62,50.00,0.92,1,-1,-1
81,8,307.73,239.02,31.24,51.64,0.90,1,-1,-1
81,10,580.74,238.21,29.71,104.89,0.93,1,-1,-1
82,3,492.09,215.67,6.38,6.84,0.49,1,-1,-1
82,4,515.37,215.79,8.25,13.93,0.79,1,-1,-1
82,6,275.47,243.17,25.90,51.37,0.89,1,-1,-1
82,8,310.64,245.15,22.03,45.51,0.91,1,-1,-1
82,10,582.91,240.98,45.12,102.09,0.96,1,-1,-1
83,3,492.59,215.60,6.71,6.89,0.37,1,-1,-1
83,4,514.48,215.45,6.33,14.67,0.61,1,-1,-1
83,6,279.96,243.69,24.92,51.19,0.92,1,-1,-1
83,8,295.25,239.38,26.79,51.04,0.89,1,-1,-1
83,10,595.34,240.87,40.36,100.10,0.95,1,-1,-1
84,3,493.60,216.10,6.39,6.43,0.37,1,-1,-1
84,4,520.29,215.52,6.36,13.59,0.71,1,-1,-1
84,6,285.11,240.47,28.59,54.86,0.87,1,-1,-1
84,8,294.65,250.52,23.48,40.40,0.73,1,-1,-1
84,10,616.21,237.26,23.96,103.29,0.90,1,-1,-1
84,11,513.97,215.45,7.33,14.98,0.81,1,-1,-1
85,3,493.84,215.81,6.61,6.54,0.44,1,-1,-1
85,4,520.58,215.26,6.56,13.47,0.62,1,-1,-1
85,6,294.61,242.85,24.24,53.34,0.89,1,-1,-1
85,8,279.11,238.50,23.23,51.77,0.85,1,-1,-1
85,10,616.57,228.25,23.71,112.16,0.68,1,-1,-1
85,11,513.16,215.69,7.66,14.85,0.82,1,-1,-1
86,3,494.50,215.87,6.28,6.67,0.45,1,-1,-1
86,4,520.73,214.81,7.34,13.50,0.75,1,-1,-1
86,6,298.69,243.66,23.08,52.62,0.89,1,-1,-1
86,8,268.88,239.66,31.23,50.14,0.91,1,-1,-1
86,11,512.79,214.92,6.94,15.99,0.83,1,-1,-1
87,3,494.59,216.52,6.39,5.95,0.65,1,-1,-1
87,4,521.53,215.36,8.40,12.96,0.72,1,-1,-1
87,6,304.26,244.21,22.49,54.01,0.90,1,-1,-1
87,8,262.43,240.77,33.29,49.28,0.93,1,-1,-1
87,11,512.53,215.47,6.86,15.60,0.85,1,-1,-1
88,3,495.43,216.40,6.30,6.21,0.61,1,-1,-1
88,4,522.54,214.32,8.48,13.77,0.76,1,-1,-1
88,6,309.51,243.85,22.48,53.78,0.90,1,-1,-1
88,8,254.53,239.05,32.68,50.94,0.93,1,-1,-1
88,11,512.17,215.48,6.93,15.59,0.84,1,-1,-1
89,3,496.44,216.90,5.81,5.62,0.53,1,-1,-1
89,4,524.47,214.43,7.33,12.23,0.68,1,-1,-1
89,6,316.07,245.10,27.25,53.25,0.93,1,-1,-1
89,8,249.62,239.85,29.43,49.53,0.91,1,-1,-1
89,11,511.82,214.56,6.88,16.08,0.84,1,-1,-1
90,3,497.05,216.79,5.72,5.73,0.54,1,-1,-1
90,4,526.59,214.02,7.57,11.95,0.53,1,-1,-1
90,6,320.06,242.62,28.50,57.03,0.91,1,-1,-1
90,8,244.48,239.01,24.90,49.71,0.90,1,-1,-1
90,11,511.69,215.75,6.67,15.01,0.82,1,-1,-1
91,3,497.44,217.08,5.41,5.57,0.48,1,-1,-1
91,4,527.90,213.58,7.03,12.64,0.68,1,-1,-1
91,6,331.54,242.36,23.48,56.49,0.85,1,-1,-1
91,8,242.71,244.93,20.59,43.76,0.92,1,-1,-1
91,11,510.79,214.80,6.99,16.06,0.81,1,-1,-1
92,3,497.58,217.19,5.53,5.36,0.47,1,-1,-1
92,4,529.17,214.51,7.36,13.70,0.58,1,-1,-1
92,6,336.71,246.30,25.88,54.73,0.93,1,-1,-1
92,8,237.87,245.07,20.03,42.90,0.93,1,-1,-1
92,11,510.55,214.91,6.78,15.84,0.80,1,-1,-1
92,12,0.00,267.38,31.59,150.38,0.75,1,-1,-1
93,3,498.02,217.30,5.86,5.13,0.55,1,-1,-1
93,4,529.82,213.39,8.97,21.97,0.81,1,-1,-1
93,6,346.77,242.04,24.88,59.66,0.89,1,-1,-1
93,8,221.79,239.70,26.06,47.50,0.90,1,-1,-1
93,11,510.49,215.01,6.34,13.34,0.79,1,-1,-1
93,12,0.53,259.88,69.75,160.04,0.85,1,-1,-1
94,3,498.82,217.47,5.56,5.09,0.51,1,-1,-1
94,4,532.65,213.13,8.61,22.25,0.85,1,-1,-1
94,6,354.39,242.08,30.24,59.47,0.94,1,-1,-1
94,8,214.64,241.35,29.74,46.30,0.92,1,-1,-1
94,11,510.04,214.38,6.52,14.09,0.78,1,-1,-1
94,12,8.04,242.99,67.46,176.37,0.81,1,-1,-1
95,3,499.13,217.24,5.66,5.33,0.22,1,-1,-1
95,4,533.82,213.31,9.35,22.13,0.86,1,-1,-1
95,6,356.13,242.61,33.38,60.62,0.95,1,-1,-1
95,8,210.51,239.23,26.83,46.95,0.90,1,-1,-1
95,11,509.56,215.43,6.76,13.02,0.71,1,-1,-1
95,12,26.78,234.48,95.11,189.88,0.89,1,-1,-1
96,3,499.36,217.53,5.44,5.20,0.36,1,-1,-1
96,4,537.64,212.55,8.28,23.26,0.86,1,-1,-1
96,6,372.59,242.91,22.81,60.63,0.89,1,-1,-1
96,8,205.27,238.34,26.47,47.60,0.92,1,-1,-1
96,11,508.42,214.48,7.45,13.94,0.71,1,-1,-1
96,12,55.98,235.89,86.65,191.53,0.91,1,-1,-1
97,3,499.47,217.33,5.49,5.40,0.44,1,-1,-1
97,4,538.78,212.82,9.67,23.63,0.89,1,-1,-1
97,6,379.44,242.00,28.73,61.47,0.93,1,-1,-1
97,8,207.82,245.79,21.72,40.32,0.90,1,-1,-1
97,11,509.44,214.58,6.73,13.71,0.71,1,-1,-1
97,12,79.11,234.15,71.20,193.16,0.94,1,-1,-1
98,3,499.94,217.24,5.30,5.54,0.54,1,-1,-1
98,4,543.41,213.13,8.05,22.79,0.86,1,-1,-1
98,6,382.52,244.77,30.70,59.86,0.94,1,-1,-1
98,8,197.09,240.49,21.52,45.62,0.89,1,-1,-1
98,11,509.79,215.20,6.39,12.84,0.71,1,-1,-1
98,12,105.95,234.22,101.44,193.08,0.89,1,-1,-1
99,3,500.24,217.87,4.93,4.86,0.36,1,-1,-1
99,4,545.25,212.38,9.19,23.16,0.86,1,-1,-1
99,6,399.72,244.87,24.35,59.65,0.89,1,-1,-1
99,8,195.93,245.80,17.95,40.34,0.92,1,-1,-1
99,11,510.09,214.37,7.08,13.94,0.78,1,-1,-1
99,12,136.44,235.82,85.75,189.80,0.90,1,-1,-1
100,3,500.68,217.75,4.80,4.93,0.39,1,-1,-1
100,4,547.66,212.77,9.34,23.78,0.89,1,-1,-1
100,6,403.80,245.83,35.06,58.88,0.95,1,-1,-1
100,8,191.84,245.14,12.71,20.60,0.64,1,-1,-1
100,11,510.63,214.74,6.91,15.07,0.77,1,-1,-1
100,12,168.44,233.81,72.00,185.07,0.87,1,-1,-1
101,4,549.56,212.35,9.02,24.27,0.87,1,-1,-1
101,6,410.80,244.67,33.75,60.44,0.93,1,-1,-1
101,8,176.03,240.27,24.99,44.93,0.87,1,-1,-1
101,11,511.72,214.76,6.87,16.32,0.82,1,-1,-1
101,12,196.86,235.77,100.90,189.52,0.92,1,-1,-1
102,4,549.64,212.41,10.07,24.07,0.90,1,-1,-1
102,6,428.05,246.30,20.62,57.79,0.88,1,-1,-1
102,8,171.51,241.84,27.19,43.80,0.91,1,-1,-1
102,11,512.48,214.25,7.28,16.47,0.79,1,-1,-1
102,12,233.17,237.11,72.62,188.68,0.93,1,-1,-1
103,4,549.90,212.45,10.80,23.81,0.88,1,-1,-1
103,6,431.57,245.48,33.28,59.85,0.94,1,-1,-1
103,8,165.82,240.54,22.84,45.00,0.90,1,-1,-1
103,11,514.25,215.01,7.48,15.71,0.78,1,-1,-1
103,12,267.08,236.59,73.56,188.48,0.89,1,-1,-1
104,4,551.61,211.92,9.38,23.89,0.86,1,-1,-1
104,6,438.98,244.42,33.84,61.59,0.94,1,-1,-1
104,8,171.77,246.62,13.63,38.83,0.89,1,-1,-1
104,11,515.60,214.52,8.04,16.18,0.82,1,-1,-1
104,12,275.83,236.45,94.80,187.41,0.92,1,-1,-1
105,4,552.58,212.17,9.46,23.77,0.89,1,-1,-1
105,6,454.97,243.20,30.39,62.10,0.92,1,-1,-1
105,8,163.79,246.28,14.75,32.29,0.87,1,-1,-1
105,11,517.70,214.60,7.94,15.25,0.77,1,-1,-1
105,12,329.04,237.03,61.57,174.63,0.92,1,-1,-1
106,4,552.86,211.94,9.86,23.63,0.88,1,-1,-1
106,6,457.09,244.03,35.18,62.14,0.95,1,-1,-1
106,8,152.62,239.14,23.36,44.63,0.87,1,-1,-1
106,11,520.03,214.75,6.91,14.48,0.61,1,-1,-1
106,12,345.44,236.50,81.21,177.16,0.92,1,-1,-1
107,4,553.19,211.47,9.59,24.47,0.88,1,-1,-1
107,6,471.96,242.42,33.97,64.06,0.93,1,-1,-1
107,8,153.06,246.73,15.51,37.35,0.90,1,-1,-1
107,11,522.22,214.53,7.03,13.16,0.28,1,-1,-1
107,12,374.82,239.75,67.38,165.36,0.93,1,-1,-1
108,4,553.37,211.73,9.28,23.89,0.88,1,-1,-1
108,6,481.85,241.90,32.17,64.67,0.93,1,-1,-1
108,8,148.90,246.36,14.36,37.72,0.89,1,-1,-1
108,12,404.58,237.52,55.21,166.85,0.96,1,-1,-1
109,3,506.10,218.55,4.31,6.09,0.64,1,-1,-1
109,4,552.66,211.41,9.78,24.39,0.88,1,-1,-1
109,6,484.72,243.53,39.73,63.74,0.94,1,-1,-1
109,8,144.18,247.77,14.79,36.64,0.91,1,-1,-1
109,12,414.20,238.44,69.18,167.34,0.91,1,-1,-1
110,3,506.03,218.12,4.63,6.83,0.71,1,-1,-1
110,4,552.66,211.46,9.63,25.40,0.88,1,-1,-1
110,6,498.08,241.95,34.72,65.07,0.94,1,-1,-1
110,8,140.19,246.93,14.01,36.74,0.89,1,-1,-1
110,11,530.40,214.21,8.45,23.23,0.80,1,-1,-1
110,12,441.31,237.35,54.35,157.54,0.84,1,-1,-1
111,3,505.99,218.01,4.77,6.83,0.72,1,-1,-1
111,4,553.24,212.96,9.58,25.56,0.87,1,-1,-1
111,6,505.09,241.31,38.51,65.45,0.93,1,-1,-1
111,8,136.01,246.86,14.54,37.46,0.85,1,-1,-1
111,11,532.68,214.35,8.88,24.15,0.86,1,-1,-1
111,12,465.96,242.46,52.33,149.34,0.81,1,-1,-1
112,3,506.04,218.03,4.78,6.71,0.70,1,-1,-1
112,4,553.18,213.09,9.31,25.34,0.87,1,-1,-1
112,6,521.16,241.82,31.43,64.75,0.92,1,-1,-1
112,8,131.87,246.84,16.73,34.67,0.83,1,-1,-1
112,11,534.94,213.39,9.82,24.94,0.85,1,-1,-1
112,12,469.67,242.88,64.30,147.84,0.90,1,-1,-1
113,3,506.13,217.85,4.99,6.97,0.71,1,-1,-1
113,4,552.10,214.72,9.95,24.82,0.87,1,-1,-1
113,6,536.42,240.63,27.80,48.48,0.90,1,-1,-1
113,8,126.93,246.34,13.67,20.13,0.88,1,-1,-1
113,11,537.27,214.38,12.77,24.30,0.89,1,-1,-1
113,12,501.92,239.06,48.77,144.30,0.88,1,-1,-1
114,3,506.32,218.04,5.16,6.95,0.74,1,-1,-1
114,4,552.03,215.08,9.56,25.63,0.86,1,-1,-1
114,6,545.19,241.21,27.21,65.42,0.72,1,-1,-1
114,8,123.24,247.42,14.16,19.05,0.88,1,-1,-1
114,11,541.65,213.58,10.42,24.87,0.87,1,-1,-1
114,12,515.67,241.91,49.88,140.98,0.83,1,-1,-1
115,3,506.49,217.95,5.38,7.11,0.75,1,-1,-1
115,4,552.03,216.52,9.23,25.44,0.84,1,-1,-1
115,8,119.03,246.37,13.43,20.09,0.88,1,-1,-1
115,11,546.65,214.14,9.41,24.54,0.85,1,-1,-1
115,12,528.60,238.78,47.26,133.89,0.87,1,-1,-1
116,3,506.74,218.48,5.43,6.56,0.76,1,-1,-1
116,4,549.40,213.97,12.11,29.62,0.83,1,-1,-1
116,8,115.02,246.57,13.56,19.99,0.85,1,-1,-1
116,11,548.85,215.80,8.64,23.08,0.20,1,-1,-1
116,12,549.63,238.81,39.01,134.05,0.91,1,-1,-1
116,15,0.01,271.99,32.65,194.47,0.78,1,-1,-1
116,16,21.32,243.37,6.91,20.49,0.72,1,-1,-1
117,3,507.16,218.20,5.40,6.70,0.78,1,-1,-1
117,4,551.78,217.62,10.43,26.05,0.85,1,-1,-1
117,8,110.27,246.82,13.26,20.33,0.88,1,-1,-1
117,12,553.42,240.79,53.18,132.61,0.91,1,-1,-1
117,15,-0.02,231.16,37.63,235.98,0.86,1,-1,-1
117,16,22.17,243.76,6.85,17.76,0.69,1,-1,-1
118,3,507.90,218.81,5.07,6.03,0.77,1,-1,-1
118,4,550.80,219.22,10.55,25.55,0.86,1,-1,-1
118,8,106.37,246.25,13.07,21.14,0.88,1,-1,-1
118,11,557.98,213.94,8.17,17.94,0.76,1,-1,-1
118,12,568.48,240.36,46.73,124.55,0.90,1,-1,-1
118,15,0.23,211.66,51.16,252.10,0.89,1,-1,-1
118,16,23.06,245.06,7.73,19.09,0.75,1,-1,-1
119,3,508.45,218.76,5.08,6.32,0.76,1,-1,-1
119,4,550.41,219.47,10.14,25.37,0.88,1,-1,-1
119,8,102.18,247.43,13.44,19.88,0.89,1,-1,-1
119,11,560.05,212.90,9.61,24.17,0.82,1,-1,-1
119,12,585.96,238.82,39.31,125.70,0.90,1,-1,-1
119,15,0.06,219.17,71.16,243.75,0.95,1,-1,-1
120,3,508.80,217.92,5.31,6.86,0.76,1,-1,-1
120,4,550.34,220.66,10.35,26.69,0.87,1,-1,-1
120,6,589.69,243.88,24.47,64.30,0.81,1,-1,-1
120,8,98.45,246.37,13.01,21.83,0.88,1,-1,-1
120,11,563.91,213.44,8.88,19.78,0.86,1,-1,-1
120,12,589.87,242.17,44.97,117.67,0.91,1,-1,-1
120,15,0.09,218.97,99.38,212.29,0.95,1,-1,-1
121,3,509.16,218.55,5.61,6.26,0.73,1,-1,-1
121,4,550.36,222.13,10.45,25.70,0.89,1,-1,-1
121,6,599.79,243.65,24.97,61.29,0.48,1,-1,-1
121,8,93.16,246.49,15.10,32.93,0.90,1,-1,-1
121,11,567.44,212.84,8.70,19.93,0.54,1,-1,-1
121,12,599.55,242.00,39.78,113.37,0.76,1,-1,-1
121,15,11.87,219.31,103.72,210.55,0.83,1,-1,-1
122,3,509.33,217.88,6.09,10.50,0.76,1,-1,-1
122,4,550.73,222.30,10.09,26.38,0.88,1,-1,-1
122,6,612.69,241.77,22.76,66.60,0.54,1,-1,-1
122,8,90.65,246.72,12.06,23.14,0.86,1,-1,-1
122,11,571.96,212.13,9.33,20.38,0.76,1,-1,-1
122,12,612.90,240.90,34.50,111.64,0.25,1,-1,-1
122,15,28.79,221.72,96.60,195.71,0.85,1,-1,-1
122,16,28.48,242.92,7.09,22.02,0.79,1,-1,-1
123,3,510.01,217.98,5.70,10.37,0.77,1,-1,-1
123,4,550.11,223.76,9.73,25.98,0.89,1,-1,-1
123,6,616.58,242.74,23.34,65.86,0.82,1,-1,-1
123,11,574.32,213.28,8.67,19.68,0.71,1,-1,-1
123,15,49.62,222.61,78.66,194.45,0.91,1,-1,-1
123,16,29.11,242.82,7.71,22.23,0.85,1,-1,-1
124,3,510.72,218.29,5.64,10.35,0.77,1,-1,-1
124,4,549.07,224.28,10.38,25.80,0.88,1,-1,-1
124,11,577.49,215.85,8.68,17.25,0.82,1,-1,-1
124,15,46.38,227.77,100.63,190.33,0.88,1,-1,-1
124,16,29.55,243.21,9.18,24.05,0.83,1,-1,-1
125,3,511.37,217.93,5.25,11.11,0.81,1,-1,-1
125,4,548.57,224.45,10.50,28.88,0.87,1,-1,-1
125,8,73.81,240.76,18.60,22.78,0.76,1,-1,-1
125,11,581.37,220.18,7.04,11.84,0.38,1,-1,-1
125,15,74.06,227.53,115.16,165.63,0.89,1,-1,-1
125,16,31.58,243.07,8.63,21.96,0.81,1,-1,-1
126,3,511.50,218.33,5.47,12.65,0.78,1,-1,-1
126,4,548.43,226.86,10.11,26.75,0.88,1,-1,-1
126,8,71.13,241.77,18.36,25.12,0.86,1,-1,-1
126,15,98.70,228.13,97.51,163.27,0.89,1,-1,-1
126,16,34.06,242.62,7.46,20.80,0.80,1,-1,-1
127,3,511.96,218.23,5.28,12.79,0.79,1,-1,-1
127,4,547.99,227.30,9.85,26.50,0.89,1,-1,-1
127,8,67.39,241.68,16.60,24.89,0.88,1,-1,-1
127,15,105.81,233.41,106.69,149.49,0.92,1,-1,-1
127,16,35.95,243.11,6.87,20.84,0.77,1,-1,-1
128,3,512.15,218.75,5.59,12.54,0.80,1,-1,-1
128,4,545.87,228.06,10.78,27.56,0.89,1,-1,-1
128,8,63.47,241.42,16.55,24.89,0.88,1,-1,-1
128,15,112.35,226.87,118.17,156.00,0.89,1,-1,-1
128,16,36.98,242.61,7.65,21.83,0.80,1,-1,-1
129,3,512.33,218.63,5.84,12.61,0.78,1,-1,-1
129,4,545.63,228.85,10.73,27.24,0.89,1,-1,-1
129,8,60.86,242.30,16.62,24.33,0.91,1,-1,-1
129,15,126.13,232.12,73.85,149.81,0.88,1,-1,-1
129,16,38.02,242.40,7.33,20.91,0.75,1,-1,-1
130,3,512.79,218.48,5.65,12.82,0.77,1,-1,-1
130,4,545.03,230.68,10.78,28.40,0.90,1,-1,-1
130,8,57.98,241.69,15.90,24.51,0.88,1,-1,-1
130,15,141.57,235.73,91.96,130.95,0.90,1,-1,-1
130,16,38.44,242.80,8.28,22.73,0.74,1,-1,-1
131,3,513.00,218.71,5.69,12.59,0.71,1,-1,-1
131,4,544.47,231.05,10.95,28.22,0.89,1,-1,-1
131,8,54.43,241.71,16.49,24.89,0.89,1,-1,-1
131,15,158.73,231.15,83.87,132.82,0.92,1,-1,-1
131,16,40.57,242.47,8.10,21.99,0.73,1,-1,-1
132,3,513.23,218.64,5.97,12.68,0.72,1,-1,-1
132,4,544.05,231.73,11.14,27.49,0.88,1,-1,-1
132,8,51.30,242.03,16.55,24.57,0.90,1,-1,-1
132,15,163.09,237.24,83.51,125.88,0.92,1,-1,-1
132,16,42.23,242.69,7.21,21.16,0.71,1,-1,-1
133,3,513.98,218.87,5.59,12.11,0.68,1,-1,-1
133,4,542.01,232.19,12.16,28.39,0.90,1,-1,-1
133,8,49.12,241.66,14.81,25.60,0.85,1,-1,-1
133,15,162.19,236.13,102.15,121.27,0.93,1,-1,-1
133,16,43.29,243.18,7.64,24.80,0.78,1,-1,-1
134,3,514.72,218.98,5.37,11.78,0.71,1,-1,-1
134,4,543.10,232.14,10.67,27.86,0.90,1,-1,-1
134,8,44.93,241.99,15.60,25.49,0.80,1,-1,-1
134,15,181.32,233.18,80.69,122.74,0.93,1,-1,-1
134,16,44.46,246.18,7.18,19.68,0.38,1,-1,-1
135,3,515.15,218.74,5.35,12.01,0.71,1,-1,-1
135,4,543.81,233.13,10.19,27.32,0.88,1,-1,-1
135,8,44.09,242.20,14.55,25.05,0.87,1,-1,-1
135,15,180.46,239.31,70.11,116.30,0.92,1,-1,-1
136,3,515.96,219.39,4.79,9.56,0.41,1,-1,-1
136,4,544.19,231.70,11.27,29.85,0.89,1,-1,-1
136,8,40.84,241.88,15.05,25.76,0.87,1,-1,-1
136,15,206.86,235.65,47.94,109.74,0.95,1,-1,-1
137,3,516.16,219.15,5.06,10.50,0.54,1,-1,-1
137,4,544.47,231.90,11.66,29.63,0.88,1,-1,-1
137,8,38.17,242.40,14.36,25.39,0.84,1,-1,-1
137,15,211.55,235.28,48.92,108.88,0.95,1,-1,-1
137,16,49.49,243.19,7.29,23.67,0.67,1,-1,-1
138,4,544.86,232.58,12.92,29.74,0.91,1,-1,-1
138,8,35.35,241.53,14.47,26.03,0.88,1,-1,-1
138,15,216.76,239.39,55.01,101.35,0.94,1,-1,-1
138,16,50.77,242.64,7.39,24.10,0.83,1,-1,-1
139,3,517.50,220.07,6.23,9.76,0.61,1,-1,-1
139,4,547.09,231.37,11.89,31.08,0.88,1,-1,-1
139,8,33.37,241.84,14.41,25.83,0.90,1,-1,-1
139,11,621.92,231.73,9.26,23.84,0.67,1,-1,-1
139,15,249.93,235.40,36.05,104.63,0.94,1,-1,-1
139,16,52.06,242.93,7.25,24.28,0.83,1,-1,-1
140,3,517.62,220.00,5.51,9.73,0.73,1,-1,-1
140,4,550.55,231.97,10.98,31.75,0.88,1,-1,-1
140,8,31.49,241.49,14.31,26.18,0.88,1,-1,-1
140,11,622.41,231.75,11.75,33.37,0.72,1,-1,-1
140,15,256.56,239.00,57.71,100.62,0.96,1,-1,-1
140,16,53.14,243.31,7.26,23.90,0.82,1,-1,-1
141,3,516.81,220.48,5.80,9.49,0.60,1,-1,-1
141,4,553.93,231.86,11.35,32.56,0.89,1,-1,-1
141,8,28.00,241.23,14.63,26.60,0.84,1,-1,-1
141,11,628.44,230.69,8.92,26.38,0.79,1,-1,-1
141,15,287.62,235.43,35.05,99.04,0.92,1,-1,-1
141,16,54.17,242.62,8.39,24.70,0.85,1,-1,-1
142,3,515.64,220.52,5.09,9.34,0.56,1,-1,-1
142,4,555.59,231.78,12.13,31.08,0.87,1,-1,-1
142,8,26.81,241.72,13.78,25.88,0.84,1,-1,-1
142,11,629.23,230.44,10.74,29.36,0.83,1,-1,-1
142,15,303.56,235.00,43.91,99.67,0.95,1,-1,-1
142,16,54.45,242.63,9.30,24.29,0.84,1,-1,-1
143,3,514.38,220.45,5.15,10.16,0.81,1,-1,-1
143,4,557.72,233.10,17.35,34.47,0.87,1,-1,-1
143,8,24.01,241.45,14.34,26.10,0.86,1,-1,-1
143,15,307.56,237.19,61.48,98.49,0.95,1,-1,-1
143,16,56.49,243.37,9.00,23.34,0.86,1,-1,-1
144,3,513.90,220.55,4.70,10.08,0.78,1,-1,-1
144,4,562.46,232.14,12.68,33.35,0.89,1,-1,-1
144,8,22.27,241.67,13.79,26.10,0.88,1,-1,-1
144,15,338.40,233.83,36.66,102.33,0.94,1,-1,-1
144,16,58.79,243.03,8.14,23.25,0.83,1,-1,-1
145,3,512.09,221.07,4.67,9.53,0.68,1,-1,-1
145,4,567.20,232.45,16.32,37.43,0.90,1,-1,-1
145,8,20.36,242.72,12.69,23.48,0.84,1,-1,-1
145,15,353.07,236.59,60.47,99.54,0.96,1,-1,-1
145,16,61.24,243.46,6.95,23.12,0.83,1,-1,-1
146,3,510.29,221.31,4.33,5.00,0.70,1,-1,-1
146,4,570.35,231.76,14.22,39.52,0.87,1,-1,-1
146,8,17.92,242.34,12.88,27.04,0.83,1,-1,-1
146,15,371.51,234.82,43.43,99.08,0.94,1,-1,-1
146,16,62.66,243.27,7.10,23.05,0.85,1,-1,-1
147,4,577.00,231.02,12.95,39.23,0.89,1,-1,-1
147,8,15.80,243.21,13.60,28.10,0.84,1,-1,-1
147,15,400.29,233.87,42.14,101.59,0.95,1,-1,-1
147,16,63.77,242.40,8.54,23.88,0.84,1,-1,-1
148,4,578.69,233.49,14.65,37.83,0.91,1,-1,-1
148,8,14.11,242.70,13.25,26.83,0.83,1,-1,-1
148,15,402.19,236.92,56.85,98.40,0.96,1,-1,-1
148,16,64.21,243.84,9.43,22.56,0.87,1,-1,-1
149,4,587.28,232.40,11.19,38.72,0.88,1,-1,-1
149,8,12.41,243.00,13.59,28.86,0.78,1,-1,-1
149,15,432.97,232.61,33.55,103.03,0.94,1,-1,-1
149,16,66.36,243.49,11.20,22.97,0.85,1,-1,-1
150,4,590.75,231.98,18.15,41.38,0.91,1,-1,-1
150,8,11.05,243.10,11.69,27.15,0.73,1,-1,-1
150,15,445.69,235.36,53.98,99.71,0.95,1,-1,-1
150,16,69.77,242.70,8.65,23.77,0.86,1,-1,-1
151,4,595.16,232.10,15.90,40.64,0.86,1,-1,-1
151,8,11.06,243.51,10.66,27.18,0.74,1,-1,-1
151,15,458.31,235.32,46.35,97.93,0.95,1,-1,-1
151,16,72.03,243.17,7.28,22.94,0.85,1,-1,-1
152,4,603.89,231.47,11.55,42.57,0.83,1,-1,-1
152,8,7.18,242.95,13.68,27.40,0.75,1,-1,-1
152,15,490.53,232.95,32.18,100.96,0.93,1,-1,-1
152,16,73.58,243.06,7.31,23.02,0.86,1,-1,-1
153,4,606.63,233.52,15.55,39.03,0.89,1,-1,-1
153,8,5.27,242.17,14.49,27.13,0.80,1,-1,-1
153,15,492.20,237.12,54.39,96.60,0.96,1,-1,-1
153,16,74.91,242.35,8.53,24.12,0.84,1,-1,-1
154,4,617.23,233.23,11.23,38.17,0.87,1,-1,-1
154,8,3.31,242.51,13.51,27.70,0.72,1,-1,-1
154,15,518.59,234.34,35.95,99.97,0.94,1,-1,-1
154,16,75.73,242.80,9.05,23.72,0.86,1,-1,-1
155,4,619.86,233.87,14.91,38.24,0.87,1,-1,-1
155,8,5.57,243.72,10.09,25.38,0.67,1,-1,-1
155,15,536.91,233.70,38.35,100.39,0.95,1,-1,-1
155,16,77.50,243.22,7.99,23.20,0.84,1,-1,-1
156,4,625.73,234.01,13.96,38.82,0.86,1,-1,-1
156,8,4.76,244.95,9.97,25.12,0.61,1,-1,-1
156,15,538.61,236.00,52.03,98.43,0.95,1,-1,-1
156,16,78.50,243.78,9.90,22.66,0.75,1,-1,-1
157,4,631.17,233.50,9.04,40.60,0.78,1,-1,-1
157,8,4.02,245.22,8.97,23.13,0.70,1,-1,-1
157,15,569.05,232.23,33.44,101.42,0.93,1,-1,-1
157,16,84.34,242.63,6.98,21.07,0.69,1,-1,-1
158,8,0.36,242.42,12.06,25.61,0.77,1,-1,-1
158,15,577.98,234.92,45.03,99.10,0.91,1,-1,-1
158,16,85.89,243.26,7.15,27.06,0.80,1,-1,-1
159,8,0.22,242.67,10.75,27.56,0.76,1,-1,-1
159,15,586.61,235.97,47.12,101.26,0.94,1,-1,-1
159,16,86.05,242.48,9.67,34.87,0.82,1,-1,-1
160,3,512.45,219.96,4.79,10.66,0.65,1,-1,-1
160,8,0.43,246.10,8.51,24.41,0.65,1,-1,-1
160,15,606.54,232.92,32.61,104.81,0.89,1,-1,-1
160,16,86.71,242.73,12.58,33.08,0.87,1,-1,-1
161,3,512.77,220.53,4.95,10.14,0.73,1,-1,-1
161,8,0.03,242.81,9.80,27.94,0.71,1,-1,-1
161,15,611.51,237.34,28.32,100.39,0.89,1,-1,-1
161,16,88.62,243.12,11.59,32.52,0.86,1,-1,-1
162,3,513.59,220.15,4.78,10.52,0.76,1,-1,-1
162,8,-0.02,245.96,7.63,23.40,0.67,1,-1,-1
162,16,91.74,242.46,10.96,33.32,0.81,1,-1,-1
163,3,514.15,220.21,4.83,10.55,0.79,1,-1,-1
163,8,-0.31,244.47,5.05,22.33,0.62,1,-1,-1
163,16,94.52,243.26,10.86,32.91,0.76,1,-1,-1
164,3,514.48,220.31,4.99,10.51,0.71,1,-1,-1
164,16,97.06,243.33,10.11,24.29,0.88,1,-1,-1
165,3,515.24,220.31,4.81,10.25,0.71,1,-1,-1
165,16,98.99,242.57,11.60,24.97,0.89,1,-1,-1
166,3,515.78,220.25,4.77,9.95,0.66,1,-1,-1
166,16,100.64,243.22,11.18,24.22,0.88,1,-1,-1
167,3,517.26,219.99,4.86,9.21,0.62,1,-1,-1
167,16,103.20,243.09,12.64,24.17,0.82,1,-1,-1
168,3,517.61,219.95,5.57,9.64,0.72,1,-1,-1
168,16,106.06,242.10,13.78,25.49,0.83,1,-1,-1
169,3,518.32,220.25,4.98,9.06,0.67,1,-1,-1
169,16,107.60,243.19,12.96,24.02,0.85,1,-1,-1
170,3,518.84,219.90,4.45,9.40,0.58,1,-1,-1
170,16,108.89,243.35,13.29,23.81,0.86,1,-1,-1
171,3,518.52,219.96,5.07,9.67,0.65,1,-1,-1
171,16,110.52,242.80,13.24,24.25,0.87,1,-1,-1
172,3,518.80,220.28,5.34,9.33,0.32,1,-1,-1
172,16,112.65,242.82,13.64,23.99,0.77,1,-1,-1
173,3,517.78,220.54,4.60,9.38,0.57,1,-1,-1
173,16,115.54,243.94,13.16,22.56,0.80,1,-1,-1
174,3,517.64,220.26,4.53,9.60,0.64,1,-1,-1
174,16,116.75,242.58,14.22,24.13,0.80,1,-1,-1
175,3,517.49,220.48,4.39,9.35,0.72,1,-1,-1
175,16,118.96,242.64,14.66,23.91,0.75,1,-1,-1
176,3,517.23,220.69,4.49,9.16,0.71,1,-1,-1
176,16,120.94,243.51,14.43,23.02,0.83,1,-1,-1
177,3,516.89,220.51,4.41,8.77,0.71,1,-1,-1
177,16,121.96,240.05,17.67,26.58,0.73,1,-1,-1
178,3,516.57,220.80,4.21,7.76,0.66,1,-1,-1
178,16,125.02,242.59,14.28,24.00,0.81,1,-1,-1
179,3,516.11,220.78,4.46,8.58,0.71,1,-1,-1
179,16,127.51,243.00,15.52,23.55,0.79,1,-1,-1
180,3,515.06,221.04,4.66,9.25,0.74,1,-1,-1
180,16,131.64,244.93,13.93,21.67,0.83,1,-1,-1
181,3,514.38,220.92,4.51,9.71,0.76,1,-1,-1
181,16,133.76,244.58,14.23,21.93,0.75,1,-1,-1
182,3,514.17,220.75,4.55,9.88,0.76,1,-1,-1
182,16,135.80,245.18,13.68,21.36,0.83,1,-1,-1
183,3,513.81,220.81,4.21,9.96,0.68,1,-1,-1
183,16,137.75,243.74,14.93,32.39,0.74,1,-1,-1
