1,1,275.01,211.68,35.99,77.59,0.93,1,-1,-1
1,2,56.52,225.54,27.01,62.11,0.93,1,-1,-1
1,3,369.64,218.72,35.75,66.35,0.91,1,-1,-1
1,4,583.08,211.90,14.54,49.03,0.87,1,-1,-1
1,5,352.16,213.74,35.44,61.74,0.86,1,-1,-1
1,6,411.36,216.64,18.57,60.51,0.85,1,-1,-1
1,7,524.83,212.47,26.44,53.70,0.84,1,-1,-1
1,8,542.58,209.48,33.48,66.64,0.74,1,-1,-1
2,1,286.15,209.66,25.25,79.19,0.89,1,-1,-1
2,2,68.17,225.84,15.99,62.14,0.89,1,-1,-1
2,3,371.59,218.42,34.78,66.46,0.93,1,-1,-1
2,4,579.17,213.24,18.95,48.95,0.92,1,-1,-1
2,5,361.09,212.50,33.70,61.54,0.86,1,-1,-1
2,6,411.97,218.20,29.29,59.24,0.92,1,-1,-1
2,7,519.10,213.45,32.46,58.77,0.64,1,-1,-1
2,8,552.03,210.48,27.58,58.94,0.91,1,-1,-1
2,9,534.50,206.10,20.91,70.29,0.77,1,-1,-1
3,1,288.64,213.51,29.10,74.26,0.86,1,-1,-1
3,2,72.75,225.36,17.60,62.07,0.91,1,-1,-1
3,3,377.91,218.16,29.70,65.68,0.92,1,-1,-1
3,4,577.58,213.74,19.99,48.38,0.89,1,-1,-1
3,5,367.60,211.80,31.45,62.26,0.86,1,-1,-1
3,6,413.50,217.62,29.57,59.69,0.94,1,-1,-1
3,7,517.02,212.78,19.20,55.35,0.76,1,-1,-1
3,8,554.38,212.16,28.58,56.84,0.92,1,-1,-1
3,9,529.84,205.90,22.57,70.91,0.87,1,-1,-1
4,1,287.67,210.63,24.85,74.20,0.63,1,-1,-1
4,2,75.16,226.79,29.74,60.82,0.94,1,-1,-1
4,3,386.69,217.58,23.81,65.90,0.90,1,-1,-1
4,4,578.36,215.68,17.94,46.87,0.84,1,-1,-1
4,5,372.06,210.01,30.92,65.07,0.86,1,-1,-1
4,6,422.18,216.83,22.05,58.89,0.88,1,-1,-1
4,7,514.04,211.54,16.26,56.86,0.78,1,-1,-1
4,8,562.58,211.56,24.27,56.28,0.85,1,-1,-1
4,9,522.98,207.73,28.81,69.51,0.91,1,-1,-1
4,10,298.70,214.01,32.62,74.87,0.92,1,-1,-1
5,1,291.99,211.74,29.54,68.46,0.54,1,-1,-1
5,2,76.49,226.83,33.96,61.02,0.95,1,-1,-1
5,3,392.02,219.08,23.97,64.47,0.87,1,-1,-1
5,5,377.77,211.41,30.55,64.51,0.87,1,-1,-1
5,6,432.56,216.17,16.32,58.96,0.82,1,-1,-1
5,7,508.85,211.46,15.81,52.40,0.72,1,-1,-1
5,8,568.16,210.43,23.59,57.14,0.86,1,-1,-1
5,9,520.42,207.11,28.80,71.82,0.87,1,-1,-1
5,10,299.44,218.65,37.95,70.23,0.91,1,-1,-1
6,1,306.22,206.13,22.90,72.94,0.41,1,-1,-1
6,2,91.13,224.20,21.10,63.65,0.91,1,-1,-1
6,3,396.50,216.36,30.70,67.07,0.88,1,-1,-1
6,5,379.61,211.76,36.77,63.69,0.77,1,-1,-1
6,6,434.75,216.16,29.45,59.45,0.92,1,-1,-1
6,7,496.00,213.86,28.24,63.49,0.63,1,-1,-1
6,8,572.16,211.29,26.25,56.38,0.94,1,-1,-1
6,9,513.39,205.70,22.11,73.12,0.82,1,-1,-1
6,10,309.64,213.66,29.93,74.37,0.91,1,-1,-1
7,1,311.52,208.30,20.68,70.95,0.23,1,-1,-1
7,2,96.68,223.62,16.30,65.56,0.87,1,-1,-1
7,3,397.02,216.32,31.28,66.98,0.91,1,-1,-1
7,5,381.85,211.79,39.93,63.43,0.79,1,-1,-1
7,6,435.42,217.12,29.11,58.71,0.92,1,-1,-1
7,7,497.10,213.70,17.15,50.06,0.71,1,-1,-1
7,8,571.76,211.77,27.52,55.96,0.92,1,-1,-1
7,9,510.19,206.41,23.43,72.88,0.79,1,-1,-1
7,10,315.71,211.32,27.66,76.50,0.89,1,-1,-1
8,1,318.42,208.54,20.58,74.87,0.74,1,-1,-1
8,2,102.16,225.82,27.37,61.82,0.93,1,-1,-1
8,3,406.42,214.59,26.21,67.12,0.89,1,-1,-1
8,4,563.93,211.79,21.97,52.79,0.85,1,-1,-1
8,5,394.93,210.05,32.81,63.42,0.81,1,-1,-1
8,6,449.18,215.95,19.68,58.41,0.66,1,-1,-1
8,7,491.39,212.26,15.66,51.90,0.69,1,-1,-1
8,8,579.77,211.21,22.92,55.56,0.91,1,-1,-1
8,9,499.98,207.71,29.00,72.82,0.90,1,-1,-1
8,10,325.51,216.28,28.79,71.31,0.89,1,-1,-1
9,1,319.48,208.59,24.53,74.77,0.60,1,-1,-1
9,2,104.10,226.92,33.43,61.10,0.95,1,-1,-1
9,3,411.88,213.74,26.71,67.79,0.84,1,-1,-1
9,4,563.00,211.75,18.94,53.64,0.88,1,-1,-1
9,5,400.64,211.02,30.57,63.84,0.56,1,-1,-1
9,6,456.16,215.53,17.37,58.40,0.69,1,-1,-1
9,7,480.32,211.98,21.50,55.96,0.84,1,-1,-1
9,8,582.90,210.69,22.16,55.22,0.92,1,-1,-1
9,9,497.32,208.09,30.10,74.74,0.87,1,-1,-1
9,10,327.57,208.61,38.82,79.03,0.94,1,-1,-1
10,1,322.61,210.31,33.00,72.37,0.80,1,-1,-1
10,2,114.21,226.49,24.12,61.71,0.92,1,-1,-1
10,3,409.81,210.30,37.12,71.04,0.91,1,-1,-1
10,4,559.29,212.69,16.03,53.07,0.85,1,-1,-1
10,6,457.21,216.44,26.51,58.39,0.85,1,-1,-1
10,7,474.35,213.21,37.33,62.70,0.82,1,-1,-1
10,8,584.66,210.93,22.28,55.30,0.92,1,-1,-1
10,9,492.62,206.33,25.74,74.00,0.71,1,-1,-1
10,10,331.65,215.16,36.58,72.63,0.92,1,-1,-1
11,1,333.86,211.95,28.12,63.82,0.75,1,-1,-1
11,2,124.76,224.93,16.92,63.01,0.89,1,-1,-1
11,3,413.90,210.16,38.59,71.03,0.89,1,-1,-1
11,4,554.68,212.05,16.01,53.47,0.83,1,-1,-1
11,6,459.43,213.55,25.83,60.63,0.89,1,-1,-1
11,8,584.63,211.09,22.46,54.70,0.89,1,-1,-1
11,9,485.00,206.43,25.24,76.01,0.88,1,-1,-1
11,10,342.35,214.44,28.31,70.66,0.89,1,-1,-1
12,1,343.11,204.92,24.15,74.58,0.71,1,-1,-1
12,2,128.20,225.19,30.86,62.81,0.95,1,-1,-1
12,3,421.73,217.22,32.61,63.56,0.92,1,-1,-1
12,4,541.56,212.86,29.57,52.89,0.94,1,-1,-1
12,7,462.94,212.36,18.37,57.10,0.73,1,-1,-1
12,8,585.83,210.99,20.87,53.37,0.90,1,-1,-1
12,9,471.19,207.87,36.25,75.37,0.92,1,-1,-1
12,10,355.30,214.38,22.86,70.20,0.81,1,-1,-1
13,1,349.77,208.25,27.89,72.72,0.67,1,-1,-1
13,2,129.43,225.32,36.81,63.11,0.95,1,-1,-1
13,3,430.19,215.30,25.29,64.59,0.88,1,-1,-1
13,4,538.73,214.42,31.25,51.68,0.93,1,-1,-1
13,7,457.16,212.58,17.25,56.96,0.81,1,-1,-1
13,8,586.50,210.22,20.16,54.50,0.90,1,-1,-1
13,9,467.46,208.59,37.06,76.39,0.92,1,-1,-1
13,10,356.29,213.78,35.45,70.20,0.90,1,-1,-1
14,1,349.66,207.26,27.47,73.45,0.35,1,-1,-1
14,2,134.82,225.47,32.30,62.55,0.94,1,-1,-1
14,3,430.12,208.66,30.38,71.36,0.82,1,-1,-1
14,4,537.58,213.53,28.81,52.71,0.91,1,-1,-1
14,7,452.36,214.04,17.33,50.76,0.50,1,-1,-1
14,8,586.81,210.30,20.05,54.55,0.90,1,-1,-1
14,9,465.78,207.79,35.22,78.04,0.90,1,-1,-1
14,10,356.97,213.18,38.40,71.07,0.91,1,-1,-1
15,1,351.15,208.90,33.96,72.04,0.81,1,-1,-1
15,2,147.89,223.90,19.56,64.03,0.90,1,-1,-1
15,3,440.22,215.12,25.80,64.57,0.84,1,-1,-1
15,4,533.91,211.09,21.87,55.35,0.89,1,-1,-1
15,6,480.10,216.15,27.50,57.53,0.80,1,-1,-1
15,8,587.14,211.58,19.71,52.71,0.91,1,-1,-1
15,9,457.45,206.21,26.54,79.65,0.87,1,-1,-1
15,10,363.02,213.54,33.43,70.60,0.90,1,-1,-1
16,1,359.59,208.24,26.54,69.16,0.69,1,-1,-1
16,2,155.66,223.83,18.56,63.76,0.89,1,-1,-1
16,3,437.50,210.98,22.12,68.60,0.66,1,-1,-1
16,4,531.03,210.41,18.05,51.61,0.80,1,-1,-1
16,6,484.68,215.31,24.74,62.10,0.76,1,-1,-1
16,8,587.36,211.80,19.44,50.47,0.91,1,-1,-1
16,9,449.12,206.87,29.73,79.34,0.88,1,-1,-1
16,10,371.09,208.28,26.50,75.71,0.80,1,-1,-1
17,1,369.59,207.46,21.79,67.78,0.63,1,-1,-1
17,2,156.49,224.70,31.36,63.43,0.94,1,-1,-1
17,4,523.81,211.82,23.50,54.77,0.92,1,-1,-1
17,6,493.05,215.02,23.88,58.10,0.78,1,-1,-1
17,7,435.40,212.75,16.22,59.80,0.65,1,-1,-1
17,8,587.17,211.28,18.98,51.43,0.91,1,-1,-1
17,9,439.50,208.96,36.80,78.22,0.94,1,-1,-1
17,10,378.10,209.37,24.90,74.17,0.78,1,-1,-1
18,1,378.12,207.21,19.38,71.69,0.74,1,-1,-1
18,2,158.01,226.25,35.05,62.26,0.95,1,-1,-1
18,4,517.06,212.51,32.62,53.80,0.90,1,-1,-1
18,6,494.80,214.93,26.30,55.04,0.68,1,-1,-1
18,7,428.82,213.65,15.49,47.89,0.80,1,-1,-1
18,8,586.26,211.13,19.10,51.17,0.90,1,-1,-1
18,9,434.28,210.24,39.10,78.12,0.88,1,-1,-1
18,10,384.08,213.06,32.79,70.29,0.92,1,-1,-1
19,1,381.60,207.59,20.03,71.35,0.29,1,-1,-1
19,2,167.79,225.62,26.86,62.99,0.93,1,-1,-1
19,3,454.83,206.72,29.99,71.21,0.86,1,-1,-1
19,4,514.44,212.74,30.76,55.01,0.87,1,-1,-1
19,6,498.07,216.97,27.41,54.81,0.80,1,-1,-1
19,7,415.88,215.30,25.12,55.37,0.76,1,-1,-1
19,8,585.09,211.90,19.31,49.86,0.89,1,-1,-1
19,9,430.58,208.80,30.85,80.61,0.85,1,-1,-1
19,10,385.50,210.35,35.02,73.42,0.90,1,-1,-1
20,2,181.40,223.36,17.32,64.37,0.90,1,-1,-1
20,3,459.78,207.18,30.47,70.43,0.91,1,-1,-1
20,6,502.66,212.44,31.88,59.25,0.76,1,-1,-1
20,7,412.93,215.26,20.03,58.19,0.54,1,-1,-1
20,8,582.88,212.16,20.48,49.05,0.90,1,-1,-1
20,9,421.32,207.96,25.01,81.77,0.84,1,-1,-1
20,10,379.89,208.69,41.18,72.87,0.85,1,-1,-1
21,2,183.95,224.07,29.02,64.28,0.93,1,-1,-1
21,3,462.67,208.10,32.31,69.75,0.90,1,-1,-1
21,6,507.72,212.03,21.35,58.76,0.70,1,-1,-1
21,8,582.77,211.59,19.02,48.71,0.89,1,-1,-1
21,9,409.97,208.62,33.73,81.02,0.92,1,-1,-1
21,10,382.91,207.71,40.73,72.13,0.90,1,-1,-1
22,2,184.66,224.43,39.63,63.65,0.96,1,-1,-1
22,3,463.74,215.53,32.81,62.78,0.89,1,-1,-1
22,4,500.04,210.97,18.97,54.67,0.67,1,-1,-1
22,6,517.13,214.74,16.50,55.43,0.72,1,-1,-1
22,8,581.52,210.15,18.22,50.23,0.90,1,-1,-1
22,9,396.23,208.54,46.28,83.25,0.93,1,-1,-1
23,2,190.43,225.38,36.01,62.72,0.95,1,-1,-1
23,3,467.20,212.88,30.64,64.32,0.88,1,-1,-1
23,4,492.54,212.04,25.15,63.04,0.65,1,-1,-1
23,6,519.42,214.04,23.59,56.40,0.91,1,-1,-1
23,8,579.65,210.88,18.77,49.19,0.89,1,-1,-1
23,9,393.40,209.68,45.15,82.19,0.93,1,-1,-1
23,10,410.05,205.87,36.49,74.05,0.76,1,-1,-1
24,2,208.97,222.61,18.83,65.38,0.89,1,-1,-1
24,3,482.66,207.37,32.70,66.22,0.77,1,-1,-1
24,6,521.34,212.54,24.16,57.68,0.92,1,-1,-1
24,8,577.80,212.54,18.47,46.91,0.88,1,-1,-1
24,9,387.46,208.47,27.77,83.53,0.88,1,-1,-1
24,10,412.25,209.57,37.34,70.61,0.90,1,-1,-1
25,1,411.49,207.67,38.66,72.50,0.82,1,-1,-1
25,2,215.61,222.46,25.05,65.22,0.92,1,-1,-1
25,3,484.49,209.05,31.52,68.42,0.82,1,-1,-1
25,6,529.73,213.16,18.93,56.40,0.82,1,-1,-1
25,8,575.57,211.65,18.66,46.28,0.88,1,-1,-1
25,9,376.49,209.58,30.00,83.46,0.93,1,-1,-1
25,10,428.55,209.73,24.51,70.82,0.76,1,-1,-1
26,1,414.94,206.72,37.55,73.51,0.91,1,-1,-1
26,2,215.91,223.12,36.17,64.56,0.96,1,-1,-1
26,3,486.71,209.65,31.48,67.81,0.81,1,-1,-1
26,6,533.35,214.08,17.72,55.25,0.21,1,-1,-1
26,8,574.54,211.20,17.79,46.57,0.86,1,-1,-1
26,9,359.61,211.73,45.53,82.47,0.95,1,-1,-1
27,1,428.97,205.30,24.47,66.96,0.60,1,-1,-1
27,2,224.96,221.98,29.27,64.83,0.93,1,-1,-1
27,3,489.15,208.72,33.70,69.40,0.85,1,-1,-1
27,4,472.05,210.98,20.38,55.42,0.75,1,-1,-1
27,6,537.95,219.92,18.81,49.49,0.90,1,-1,-1
27,7,370.32,217.04,27.32,57.85,0.82,1,-1,-1
27,8,571.42,212.70,17.79,44.64,0.87,1,-1,-1
27,9,355.78,212.61,40.48,83.55,0.94,1,-1,-1
27,10,434.71,205.60,35.86,74.65,0.86,1,-1,-1
28,1,439.62,205.57,20.06,68.88,0.59,1,-1,-1
28,2,241.62,219.90,18.11,66.73,0.88,1,-1,-1
28,3,497.29,208.79,31.35,68.58,0.88,1,-1,-1
28,4,465.03,213.58,26.37,53.82,0.83,1,-1,-1
28,6,542.86,217.62,16.49,50.34,0.83,1,-1,-1
28,7,362.46,217.57,29.72,57.61,0.81,1,-1,-1
28,8,566.79,212.91,20.84,44.10,0.84,1,-1,-1
28,9,348.13,210.65,24.69,86.08,0.89,1,-1,-1
28,10,441.32,208.96,31.71,69.59,0.90,1,-1,-1
29,2,243.72,220.24,29.41,66.52,0.94,1,-1,-1
29,3,500.12,207.93,32.92,67.10,0.84,1,-1,-1
29,4,468.34,220.84,16.74,38.55,0.52,1,-1,-1
29,6,545.76,213.05,18.16,55.37,0.83,1,-1,-1
29,7,356.67,216.72,25.88,58.90,0.89,1,-1,-1
29,8,566.75,212.64,18.34,43.81,0.88,1,-1,-1
29,9,340.27,210.16,28.02,86.06,0.94,1,-1,-1
29,10,441.28,206.11,32.33,71.10,0.82,1,-1,-1
30,1,442.42,206.61,25.75,69.78,0.80,1,-1,-1
30,2,244.28,220.73,39.48,66.05,0.95,1,-1,-1
30,3,505.07,209.15,31.26,65.15,0.89,1,-1,-1
30,6,549.51,212.86,17.51,55.03,0.89,1,-1,-1
30,7,350.64,216.52,21.31,59.11,0.90,1,-1,-1
30,8,565.85,211.94,18.42,41.21,0.71,1,-1,-1
30,9,319.60,213.66,47.99,83.43,0.96,1,-1,-1
30,10,458.67,208.73,23.97,68.87,0.84,1,-1,-1
31,1,446.72,206.03,25.97,64.02,0.76,1,-1,-1
31,2,250.06,220.25,35.28,64.77,0.95,1,-1,-1
31,3,507.27,209.49,32.04,64.58,0.92,1,-1,-1
31,6,551.22,213.87,19.09,54.11,0.91,1,-1,-1
31,7,345.04,217.68,23.74,58.98,0.92,1,-1,-1
31,8,565.11,212.64,16.43,36.53,0.78,1,-1,-1
31,9,316.41,213.97,47.10,84.08,0.96,1,-1,-1
31,10,462.82,209.04,33.14,69.95,0.88,1,-1,-1
31,12,577.38,214.51,11.30,30.02,0.85,1,-1,-1
32,1,458.59,205.89,19.26,63.85,0.57,1,-1,-1
32,2,261.42,219.65,24.53,65.50,0.90,1,-1,-1
32,3,508.18,209.37,33.88,65.53,0.92,1,-1,-1
32,4,449.23,211.43,16.00,58.06,0.70,1,-1,-1
32,6,552.25,216.33,17.88,51.42,0.88,1,-1,-1
32,7,335.40,219.02,32.43,58.10,0.92,1,-1,-1
32,8,564.05,214.07,15.78,34.19,0.83,1,-1,-1
32,9,315.18,214.18,36.09,84.24,0.94,1,-1,-1
32,10,463.84,207.99,32.18,70.98,0.89,1,-1,-1
32,12,576.84,215.19,14.25,29.80,0.90,1,-1,-1
33,1,464.44,204.54,19.08,67.57,0.64,1,-1,-1
33,2,271.75,218.07,19.68,66.60,0.84,1,-1,-1
33,3,512.09,209.13,32.37,64.30,0.91,1,-1,-1
33,4,440.91,212.36,23.62,55.13,0.88,1,-1,-1
33,6,556.27,216.96,15.15,49.79,0.82,1,-1,-1
33,7,330.37,218.69,31.87,59.97,0.95,1,-1,-1
33,8,564.98,213.75,14.30,39.00,0.77,1,-1,-1
33,9,307.34,212.19,25.27,85.99,0.92,1,-1,-1
33,10,467.99,207.56,31.84,69.88,0.85,1,-1,-1
33,12,579.29,215.14,13.03,30.07,0.89,1,-1,-1
34,1,466.30,205.32,25.51,68.65,0.85,1,-1,-1
34,2,275.02,219.09,32.94,71.46,0.88,1,-1,-1
34,3,518.27,208.48,30.72,64.96,0.88,1,-1,-1
34,4,432.55,214.14,31.29,52.65,0.91,1,-1,-1
34,6,558.58,212.85,18.01,53.82,0.77,1,-1,-1
34,7,325.44,217.83,22.14,60.86,0.93,1,-1,-1
34,9,293.73,214.96,34.63,84.20,0.93,1,-1,-1
34,10,478.14,207.56,30.31,69.22,0.55,1,-1,-1
34,12,583.48,214.33,10.78,30.70,0.87,1,-1,-1
35,1,468.16,205.71,31.58,68.76,0.83,1,-1,-1
35,2,276.02,217.62,34.87,67.39,0.73,1,-1,-1
35,3,517.76,208.44,31.36,65.13,0.87,1,-1,-1
35,4,428.75,214.28,30.32,51.66,0.89,1,-1,-1
35,6,558.84,214.63,17.37,52.00,0.86,1,-1,-1
35,7,320.23,217.96,20.74,60.42,0.93,1,-1,-1
35,9,279.94,216.87,47.60,83.04,0.94,1,-1,-1
35,10,480.75,207.35,29.39,70.38,0.60,1,-1,-1
35,12,585.60,214.42,11.14,30.51,0.88,1,-1,-1
36,1,468.69,206.30,33.19,69.57,0.85,1,-1,-1
36,3,523.17,210.27,27.23,62.65,0.82,1,-1,-1
36,4,428.41,213.83,26.11,54.14,0.91,1,-1,-1
36,6,560.00,214.16,17.30,52.48,0.84,1,-1,-1
36,7,311.30,218.82,28.07,60.44,0.93,1,-1,-1
36,9,275.75,217.35,48.85,83.48,0.96,1,-1,-1
36,10,483.64,209.95,23.67,65.53,0.60,1,-1,-1
36,12,586.94,213.99,15.51,31.19,0.90,1,-1,-1
37,1,475.34,204.77,31.55,71.19,0.80,1,-1,-1
37,2,299.45,216.23,18.72,65.40,0.75,1,-1,-1
37,3,527.46,214.36,22.07,59.02,0.88,1,-1,-1
37,4,418.73,212.24,19.25,54.60,0.83,1,-1,-1
37,6,563.93,216.53,15.64,48.16,0.85,1,-1,-1
37,7,306.11,220.75,28.92,58.68,0.82,1,-1,-1
37,8,553.86,212.63,16.55,38.92,0.65,1,-1,-1
37,9,269.64,216.34,28.97,84.77,0.89,1,-1,-1
37,10,492.39,209.01,24.43,65.82,0.76,1,-1,-1
37,12,589.72,214.90,16.77,30.75,0.92,1,-1,-1
38,1,483.92,205.10,20.81,64.61,0.75,1,-1,-1
38,2,305.75,217.05,30.51,65.90,0.90,1,-1,-1
38,3,530.47,214.14,21.18,58.51,0.90,1,-1,-1
38,4,417.09,212.39,18.58,55.33,0.89,1,-1,-1
38,6,564.77,217.16,15.83,47.15,0.88,1,-1,-1
38,7,296.85,220.20,25.93,60.63,0.71,1,-1,-1
38,8,553.26,211.53,16.86,40.83,0.75,1,-1,-1
38,9,259.72,217.54,28.69,84.10,0.90,1,-1,-1
38,10,493.18,209.18,25.32,64.46,0.83,1,-1,-1
38,12,594.39,214.11,12.56,31.10,0.88,1,-1,-1
39,1,490.30,204.34,29.80,70.66,0.84,1,-1,-1
39,2,307.89,216.52,37.75,65.25,0.93,1,-1,-1
39,3,533.42,213.66,20.54,58.21,0.88,1,-1,-1
39,4,406.50,213.53,28.68,54.74,0.92,1,-1,-1
39,6,564.79,217.40,16.96,47.13,0.89,1,-1,-1
39,7,292.13,220.12,17.72,60.53,0.86,1,-1,-1
39,8,552.05,211.12,17.51,41.22,0.74,1,-1,-1
39,9,244.38,218.89,43.80,82.94,0.95,1,-1,-1
39,12,597.56,213.16,10.95,32.08,0.87,1,-1,-1
40,1,492.14,205.09,19.49,66.73,0.76,1,-1,-1
40,2,310.74,216.46,37.20,65.34,0.95,1,-1,-1
40,3,534.72,209.10,30.63,62.56,0.88,1,-1,-1
40,4,402.24,215.34,31.54,54.82,0.93,1,-1,-1
40,6,565.90,217.56,16.90,46.74,0.90,1,-1,-1
40,7,282.28,221.24,27.00,60.40,0.94,1,-1,-1
40,8,552.95,212.72,15.10,39.04,0.31,1,-1,-1
40,9,238.15,220.67,47.64,81.85,0.97,1,-1,-1
40,10,503.90,209.40,21.74,64.09,0.89,1,-1,-1
40,12,599.52,213.21,10.05,31.99,0.90,1,-1,-1
41,1,493.44,206.55,26.98,65.15,0.83,1,-1,-1
41,2,326.84,214.87,24.05,66.19,0.90,1,-1,-1
41,3,538.03,210.33,26.83,61.61,0.89,1,-1,-1
41,4,400.88,215.31,27.67,55.55,0.89,1,-1,-1
41,6,566.50,220.91,16.87,42.68,0.89,1,-1,-1
41,7,271.65,223.54,35.36,59.25,0.96,1,-1,-1
41,9,235.21,220.19,33.51,82.03,0.91,1,-1,-1
41,10,507.23,209.75,26.48,63.92,0.91,1,-1,-1
41,12,601.45,218.29,7.66,27.06,0.75,1,-1,-1
42,1,497.64,206.18,24.74,63.36,0.85,1,-1,-1
42,2,334.90,214.06,23.72,66.75,0.91,1,-1,-1
42,3,540.11,210.45,27.07,61.43,0.89,1,-1,-1
42,4,396.85,214.13,16.07,56.30,0.78,1,-1,-1
42,6,566.58,215.13,17.75,48.49,0.88,1,-1,-1
42,7,270.17,223.03,26.38,60.54,0.93,1,-1,-1
42,9,225.34,219.16,24.59,83.09,0.90,1,-1,-1
42,10,506.66,210.16,27.30,62.63,0.84,1,-1,-1
42,12,605.90,219.04,11.72,23.81,0.78,1,-1,-1
43,1,504.90,205.55,18.68,57.53,0.74,1,-1,-1
43,2,336.82,214.63,37.14,65.74,0.94,1,-1,-1
43,3,541.77,210.04,25.72,60.82,0.87,1,-1,-1
43,4,392.44,213.23,16.46,57.47,0.89,1,-1,-1
43,6,566.65,214.45,18.09,49.12,0.87,1,-1,-1
43,7,262.54,221.78,19.22,61.47,0.90,1,-1,-1
43,9,208.32,221.63,41.35,81.08,0.95,1,-1,-1
43,10,514.95,208.91,22.95,63.19,0.86,1,-1,-1
43,12,612.61,213.39,7.28,30.04,0.78,1,-1,-1
44,1,509.33,205.31,17.36,64.66,0.78,1,-1,-1
44,2,340.47,214.37,36.36,65.82,0.94,1,-1,-1
44,3,543.19,210.03,26.23,60.11,0.80,1,-1,-1
44,4,377.71,214.20,31.40,56.28,0.93,1,-1,-1
44,6,566.91,214.75,17.47,48.44,0.84,1,-1,-1
44,7,250.66,223.96,29.70,59.39,0.95,1,-1,-1
44,9,198.32,223.19,49.12,80.11,0.97,1,-1,-1
44,10,516.78,209.77,23.67,62.14,0.84,1,-1,-1
44,12,613.15,213.33,12.73,31.99,0.89,1,-1,-1
45,1,512.67,206.56,21.42,64.20,0.80,1,-1,-1
45,2,355.08,211.90,25.02,66.95,0.92,1,-1,-1
45,3,548.54,213.04,23.51,57.18,0.74,1,-1,-1
45,4,373.26,214.94,35.02,56.60,0.94,1,-1,-1
45,6,564.68,214.25,19.09,49.55,0.77,1,-1,-1
45,7,241.53,225.62,37.89,59.09,0.95,1,-1,-1
45,9,196.78,222.81,36.00,80.37,0.94,1,-1,-1
45,10,520.90,210.88,22.48,60.62,0.86,1,-1,-1
45,12,613.75,214.15,14.42,31.32,0.90,1,-1,-1
46,1,514.34,207.15,21.06,62.93,0.86,1,-1,-1
46,2,362.37,211.75,18.99,65.96,0.80,1,-1,-1
46,3,553.79,214.15,20.93,55.93,0.84,1,-1,-1
46,4,372.84,215.70,31.55,55.63,0.87,1,-1,-1
46,6,568.65,214.58,15.32,47.51,0.70,1,-1,-1
46,7,240.03,225.67,33.08,59.67,0.96,1,-1,-1
46,8,541.83,211.09,24.98,53.74,0.70,1,-1,-1
46,9,189.24,221.47,27.63,81.98,0.87,1,-1,-1
46,10,525.37,211.69,20.89,59.78,0.86,1,-1,-1
46,12,614.77,213.85,14.07,31.53,0.92,1,-1,-1
47,1,515.08,208.03,21.36,61.56,0.86,1,-1,-1
47,2,366.47,212.48,27.52,65.62,0.92,1,-1,-1
47,3,555.49,214.39,20.59,55.87,0.80,1,-1,-1
47,6,568.56,216.33,14.98,45.08,0.72,1,-1,-1
47,7,234.46,225.14,26.85,60.35,0.91,1,-1,-1
47,8,542.67,211.43,25.54,55.79,0.40,1,-1,-1
47,9,180.66,222.14,29.43,81.23,0.92,1,-1,-1
47,10,528.84,211.56,21.41,58.36,0.85,1,-1,-1
47,12,619.39,213.06,11.42,32.57,0.89,1,-1,-1
48,1,518.88,206.40,19.42,61.80,0.87,1,-1,-1
48,2,367.25,213.27,31.91,64.49,0.92,1,-1,-1
48,3,557.33,214.16,18.81,55.82,0.75,1,-1,-1
48,6,569.25,216.82,14.37,45.89,0.67,1,-1,-1
48,7,227.97,225.61,22.28,59.99,0.91,1,-1,-1
48,8,545.16,209.85,21.64,53.58,0.73,1,-1,-1
48,9,166.28,223.83,43.28,79.37,0.96,1,-1,-1
48,10,531.72,210.57,20.30,59.17,0.84,1,-1,-1
48,12,621.38,213.40,11.61,32.26,0.89,1,-1,-1
49,1,520.55,206.12,18.99,62.07,0.80,1,-1,-1
49,2,374.79,212.70,26.43,62.13,0.89,1,-1,-1
49,3,558.32,214.33,20.11,48.13,0.72,1,-1,-1
49,4,357.27,214.74,23.51,58.88,0.93,1,-1,-1
49,6,570.44,216.89,12.81,39.73,0.41,1,-1,-1
49,7,218.34,227.65,31.54,59.01,0.95,1,-1,-1
49,8,547.85,210.16,20.56,56.96,0.66,1,-1,-1
49,9,162.68,224.00,42.11,79.43,0.95,1,-1,-1
49,10,534.90,211.45,23.59,58.07,0.87,1,-1,-1
49,12,622.83,213.82,12.47,31.56,0.92,1,-1,-1
50,1,524.79,207.65,17.41,59.85,0.89,1,-1,-1
50,2,379.22,211.62,26.00,62.60,0.79,1,-1,-1
50,3,558.48,211.87,24.09,57.07,0.82,1,-1,-1
50,4,344.45,216.66,34.96,57.21,0.95,1,-1,-1
50,7,211.87,228.95,35.89,59.13,0.95,1,-1,-1
50,8,547.85,210.17,21.14,58.22,0.23,1,-1,-1
50,9,156.92,223.04,31.86,78.87,0.94,1,-1,-1
50,10,537.98,210.36,22.90,59.36,0.88,1,-1,-1
50,12,624.66,214.17,12.21,31.75,0.91,1,-1,-1
51,1,526.57,209.05,17.58,58.68,0.89,1,-1,-1
51,2,390.53,210.95,23.10,63.84,0.87,1,-1,-1
51,3,559.74,212.99,22.69,55.93,0.89,1,-1,-1
51,4,341.55,217.70,36.59,57.50,0.95,1,-1,-1
51,7,209.39,229.13,26.66,58.85,0.93,1,-1,-1
51,9,150.25,222.25,24.73,79.73,0.92,1,-1,-1
51,10,541.26,211.45,20.31,57.34,0.86,1,-1,-1
51,12,627.82,213.35,10.90,32.81,0.90,1,-1,-1
52,1,528.67,209.44,17.33,56.30,0.86,1,-1,-1
52,2,392.17,211.60,32.05,63.16,0.95,1,-1,-1
52,3,561.28,214.20,21.68,54.61,0.90,1,-1,-1
52,4,340.82,217.57,29.09,58.01,0.94,1,-1,-1
52,7,200.46,224.48,20.95,63.93,0.90,1,-1,-1
52,9,134.51,224.18,39.81,77.58,0.96,1,-1,-1
52,10,543.26,210.97,19.55,57.19,0.86,1,-1,-1
52,12,630.09,213.71,9.43,32.32,0.85,1,-1,-1
53,1,534.19,212.41,14.38,53.60,0.78,1,-1,-1
53,2,398.18,211.28,28.99,61.55,0.93,1,-1,-1
53,3,564.32,214.40,20.61,54.59,0.91,1,-1,-1
53,4,337.04,216.54,18.50,58.95,0.92,1,-1,-1
53,7,187.82,225.37,33.26,62.87,0.94,1,-1,-1
53,9,127.97,225.21,43.58,76.80,0.95,1,-1,-1
53,10,544.48,210.48,20.28,58.24,0.86,1,-1,-1
53,12,632.15,214.37,7.34,31.75,0.86,1,-1,-1
54,1,533.78,206.61,17.41,59.07,0.84,1,-1,-1
54,2,410.46,210.37,19.23,62.48,0.83,1,-1,-1
54,3,565.02,212.53,21.34,55.91,0.92,1,-1,-1
54,4,325.44,216.58,25.20,58.66,0.94,1,-1,-1
54,7,181.52,229.78,36.56,58.93,0.96,1,-1,-1
54,8,522.92,212.78,14.64,34.62,0.70,1,-1,-1
54,9,125.11,223.37,30.58,78.00,0.94,1,-1,-1
54,10,544.91,209.76,21.21,60.00,0.83,1,-1,-1
54,12,633.83,219.00,6.12,27.83,0.76,1,-1,-1
55,1,536.51,207.48,16.03,57.48,0.81,1,-1,-1
55,2,416.10,210.03,19.17,62.57,0.86,1,-1,-1
55,3,564.63,212.02,22.05,56.92,0.91,1,-1,-1
55,4,313.90,218.16,36.30,57.53,0.96,1,-1,-1
55,7,178.94,228.99,29.56,59.78,0.93,1,-1,-1
55,8,520.90,211.73,16.38,35.94,0.85,1,-1,-1
55,9,118.00,222.87,23.53,79.13,0.92,1,-1,-1
55,10,545.58,211.15,18.76,55.91,0.85,1,-1,-1
56,1,537.98,208.14,14.28,55.05,0.73,1,-1,-1
56,2,418.24,211.52,25.25,61.05,0.91,1,-1,-1
56,3,564.44,211.28,23.19,57.54,0.88,1,-1,-1
56,4,310.81,219.88,38.88,57.78,0.96,1,-1,-1
56,7,173.20,228.04,22.21,61.13,0.93,1,-1,-1
56,8,518.76,211.73,16.97,34.96,0.82,1,-1,-1
56,9,106.10,224.49,32.85,76.88,0.95,1,-1,-1
56,10,545.88,209.73,18.98,57.01,0.79,1,-1,-1
57,1,539.18,207.78,14.97,55.95,0.72,1,-1,-1
57,2,420.72,212.51,30.07,60.26,0.90,1,-1,-1
57,3,564.07,205.46,23.73,63.14,0.86,1,-1,-1
57,4,310.13,219.78,34.42,57.92,0.95,1,-1,-1
57,7,167.52,229.11,23.64,59.92,0.93,1,-1,-1
57,8,517.91,212.47,15.96,31.88,0.83,1,-1,-1
57,9,100.50,225.27,37.76,75.90,0.96,1,-1,-1
57,10,545.72,208.18,20.54,58.48,0.80,1,-1,-1
58,1,541.36,206.90,14.99,52.02,0.72,1,-1,-1
58,2,428.42,211.78,20.84,58.88,0.87,1,-1,-1
58,3,570.58,214.51,17.94,51.17,0.80,1,-1,-1
58,4,308.04,217.88,24.55,59.71,0.91,1,-1,-1
58,7,154.62,228.99,35.89,60.40,0.96,1,-1,-1
58,8,515.12,213.14,15.37,28.70,0.81,1,-1,-1
58,9,97.53,224.43,33.66,75.31,0.95,1,-1,-1
58,10,547.19,210.99,19.29,55.50,0.83,1,-1,-1
59,1,542.66,206.46,15.02,56.15,0.73,1,-1,-1
59,2,433.61,210.31,19.95,59.83,0.86,1,-1,-1
59,3,570.73,210.94,20.41,55.61,0.80,1,-1,-1
59,4,303.79,217.59,17.08,59.87,0.90,1,-1,-1
59,7,152.25,229.60,35.06,59.67,0.96,1,-1,-1
59,8,513.25,212.59,16.32,32.44,0.84,1,-1,-1
59,9,92.88,223.26,25.40,74.99,0.93,1,-1,-1
59,10,547.94,211.03,19.58,54.37,0.82,1,-1,-1
60,1,540.70,208.74,16.49,46.98,0.74,1,-1,-1
60,2,435.95,210.60,23.24,59.91,0.89,1,-1,-1
60,3,571.34,212.20,19.85,51.74,0.88,1,-1,-1
60,4,292.04,218.62,27.77,59.88,0.95,1,-1,-1
60,7,150.96,228.48,25.65,60.58,0.93,1,-1,-1
60,8,512.14,212.03,16.49,29.31,0.84,1,-1,-1
60,9,87.59,223.39,21.85,75.26,0.92,1,-1,-1
60,10,548.57,211.32,19.67,53.83,0.83,1,-1,-1
61,1,539.12,211.76,16.58,44.30,0.72,1,-1,-1
61,2,437.43,211.64,31.63,56.65,0.90,1,-1,-1
61,3,571.75,215.24,22.74,48.77,0.89,1,-1,-1
61,4,280.81,221.47,38.66,57.70,0.96,1,-1,-1
61,7,142.12,228.29,22.02,60.73,0.93,1,-1,-1
61,8,509.13,212.42,17.62,33.45,0.88,1,-1,-1
61,9,69.99,225.40,38.31,73.09,0.95,1,-1,-1
61,10,548.10,209.45,23.54,55.68,0.85,1,-1,-1
62,1,538.02,211.38,18.12,45.67,0.74,1,-1,-1
62,2,445.79,212.15,23.84,56.20,0.92,1,-1,-1
62,3,571.19,215.10,24.11,48.29,0.91,1,-1,-1
62,4,279.80,221.89,35.34,58.68,0.95,1,-1,-1
62,7,130.59,229.63,32.06,59.78,0.95,1,-1,-1
62,8,507.55,213.08,17.89,32.51,0.89,1,-1,-1
62,9,68.19,226.12,37.52,72.08,0.95,1,-1,-1
62,10,550.33,211.43,22.82,53.38,0.87,1,-1,-1
63,1,536.24,210.92,18.18,44.28,0.85,1,-1,-1
63,2,453.19,210.70,18.86,57.59,0.88,1,-1,-1
63,3,572.93,214.63,23.53,48.24,0.92,1,-1,-1
63,4,277.79,222.00,25.48,58.68,0.92,1,-1,-1
63,7,125.52,230.31,34.76,59.38,0.96,1,-1,-1
63,8,505.28,212.20,17.62,32.62,0.88,1,-1,-1
63,9,64.04,224.62,30.38,72.85,0.92,1,-1,-1
63,10,552.82,212.30,20.45,53.89,0.85,1,-1,-1
64,1,535.22,210.53,19.38,46.04,0.87,1,-1,-1
64,2,457.16,210.29,19.13,58.15,0.85,1,-1,-1
64,3,573.46,213.70,23.87,49.32,0.92,1,-1,-1
64,4,274.98,223.88,18.13,56.66,0.89,1,-1,-1
64,7,124.25,229.67,29.92,59.32,0.95,1,-1,-1
64,8,504.30,211.74,14.61,32.37,0.83,1,-1,-1
64,9,60.39,223.54,22.73,74.37,0.92,1,-1,-1
64,10,552.50,209.07,20.48,56.37,0.83,1,-1,-1
64,14,298.99,220.89,4.70,9.35,0.75,1,-1,-1
65,1,533.78,210.97,20.37,45.30,0.88,1,-1,-1
65,2,461.78,210.81,21.08,57.47,0.92,1,-1,-1
65,3,574.31,213.22,22.27,49.76,0.93,1,-1,-1
65,4,264.54,220.43,24.83,60.18,0.94,1,-1,-1
65,7,118.90,228.66,20.95,60.22,0.92,1,-1,-1
65,8,502.87,211.40,15.15,31.31,0.86,1,-1,-1
65,9,53.08,224.64,24.65,72.90,0.92,1,-1,-1
65,10,551.99,208.19,20.04,55.37,0.88,1,-1,-1
65,14,299.60,220.97,4.48,9.30,0.74,1,-1,-1
66,1,532.49,211.75,19.05,44.77,0.89,1,-1,-1
66,2,463.31,211.08,22.95,56.68,0.92,1,-1,-1
66,3,574.79,213.18,19.51,49.71,0.91,1,-1,-1
66,4,251.99,221.69,37.22,59.08,0.96,1,-1,-1
66,7,113.75,228.42,20.54,60.60,0.92,1,-1,-1
66,8,501.20,211.98,16.24,29.67,0.84,1,-1,-1
66,9,44.48,226.94,32.74,70.59,0.95,1,-1,-1
66,10,553.04,208.74,20.97,54.69,0.83,1,-1,-1
66,14,299.84,221.16,4.28,9.16,0.78,1,-1,-1
67,1,531.50,212.16,19.40,43.28,0.89,1,-1,-1
67,2,467.54,211.70,21.06,54.91,0.89,1,-1,-1
67,3,575.00,213.67,18.86,49.43,0.91,1,-1,-1
67,4,248.74,223.76,40.53,57.57,0.96,1,-1,-1
67,7,102.57,229.57,31.25,59.45,0.95,1,-1,-1
67,8,500.04,212.21,15.82,31.63,0.85,1,-1,-1
67,9,42.05,227.34,33.62,70.21,0.95,1,-1,-1
67,10,553.10,208.65,21.96,54.88,0.81,1,-1,-1
67,14,299.92,221.13,4.38,9.24,0.77,1,-1,-1
68,1,528.59,211.44,19.44,43.62,0.89,1,-1,-1
68,2,473.46,210.50,18.99,54.08,0.88,1,-1,-1
68,3,575.03,215.49,18.99,47.23,0.90,1,-1,-1
68,4,247.88,223.40,34.78,58.95,0.95,1,-1,-1
68,7,98.35,230.40,33.63,58.65,0.96,1,-1,-1
68,8,499.05,211.98,15.90,30.20,0.79,1,-1,-1
68,9,36.93,226.64,27.02,70.26,0.93,1,-1,-1
68,10,554.71,209.02,20.53,54.18,0.78,1,-1,-1
68,14,300.11,220.88,4.90,9.81,0.80,1,-1,-1
69,1,527.45,211.17,18.85,44.16,0.89,1,-1,-1
69,2,478.83,210.17,17.52,56.23,0.85,1,-1,-1
69,3,575.82,214.42,18.15,48.08,0.88,1,-1,-1
69,4,247.00,222.88,24.98,59.74,0.92,1,-1,-1
69,7,97.57,230.26,27.16,59.03,0.95,1,-1,-1
69,8,497.40,211.57,16.99,32.81,0.83,1,-1,-1
69,9,32.27,225.70,20.01,71.28,0.89,1,-1,-1
69,10,556.91,208.39,22.42,54.07,0.83,1,-1,-1
69,14,300.63,220.82,4.57,10.50,0.76,1,-1,-1
70,1,526.05,210.99,18.61,43.44,0.88,1,-1,-1
70,2,479.41,210.74,26.98,55.34,0.94,1,-1,-1
70,3,576.32,214.05,19.18,45.28,0.89,1,-1,-1
70,4,240.73,221.79,17.15,59.99,0.90,1,-1,-1
70,7,91.68,228.89,18.61,60.48,0.91,1,-1,-1
70,8,496.19,211.79,15.39,30.03,0.78,1,-1,-1
70,9,28.07,226.60,22.17,70.97,0.88,1,-1,-1
70,10,558.39,207.57,20.99,54.70,0.82,1,-1,-1
70,14,300.88,220.84,4.65,10.50,0.80,1,-1,-1
70,15,551.84,208.72,14.91,45.36,0.71,1,-1,-1
71,1,524.48,212.27,19.05,42.24,0.89,1,-1,-1
71,2,481.30,212.42,27.43,51.61,0.92,1,-1,-1
71,3,576.32,213.63,21.14,46.21,0.92,1,-1,-1
71,4,228.25,223.61,29.64,59.58,0.95,1,-1,-1
71,7,86.40,229.57,20.43,59.76,0.92,1,-1,-1
71,8,498.27,212.59,11.57,28.25,0.59,1,-1,-1
71,9,15.53,235.36,33.58,61.55,0.90,1,-1,-1
71,10,558.33,208.79,20.77,53.63,0.83,1,-1,-1
71,14,301.23,221.11,4.82,10.58,0.78,1,-1,-1
71,15,551.02,209.88,15.63,42.21,0.63,1,-1,-1
72,1,522.68,212.17,18.44,43.00,0.89,1,-1,-1
72,2,490.05,213.26,21.36,51.65,0.90,1,-1,-1
72,3,576.18,213.25,22.13,46.45,0.91,1,-1,-1
72,4,218.25,225.82,39.08,58.78,0.95,1,-1,-1
72,7,76.27,230.73,30.12,58.24,0.95,1,-1,-1
72,9,11.47,228.60,32.16,68.28,0.91,1,-1,-1
72,10,557.81,209.47,19.73,52.45,0.85,1,-1,-1
72,14,301.76,221.09,4.89,10.92,0.79,1,-1,-1
72,15,550.17,212.35,15.04,41.24,0.64,1,-1,-1
73,1,521.13,211.66,19.40,42.37,0.89,1,-1,-1
73,2,490.11,212.24,25.70,52.72,0.86,1,-1,-1
73,3,578.08,215.01,21.22,44.53,0.90,1,-1,-1
73,4,216.33,226.55,39.22,59.16,0.95,1,-1,-1
73,7,73.56,230.78,30.09,58.34,0.95,1,-1,-1
73,9,9.72,227.25,16.89,69.54,0.87,1,-1,-1
73,10,561.84,211.61,15.83,49.54,0.81,1,-1,-1
73,14,301.95,220.92,5.13,11.84,0.79,1,-1,-1
73,15,549.45,214.20,12.69,38.19,0.72,1,-1,-1
74,1,518.97,211.09,18.14,43.23,0.86,1,-1,-1
74,2,501.26,212.47,21.11,52.08,0.91,1,-1,-1
74,3,579.68,214.23,21.40,44.98,0.91,1,-1,-1
74,4,215.68,225.65,26.04,60.18,0.93,1,-1,-1
74,7,69.92,229.19,21.52,59.32,0.93,1,-1,-1
74,8,488.58,211.83,14.48,32.17,0.83,1,-1,-1
74,9,3.09,227.33,20.89,68.96,0.92,1,-1,-1
74,10,561.46,211.48,15.80,47.97,0.81,1,-1,-1
74,14,302.09,220.85,5.28,13.19,0.79,1,-1,-1
74,15,548.86,214.64,13.30,37.57,0.76,1,-1,-1
75,1,517.81,211.27,16.80,43.32,0.87,1,-1,-1
75,2,503.87,212.72,22.36,51.10,0.91,1,-1,-1
75,3,580.53,213.05,20.56,46.17,0.93,1,-1,-1
75,4,208.76,224.87,17.93,60.66,0.90,1,-1,-1
75,6,547.92,213.65,13.35,37.64,0.82,1,-1,-1
75,7,63.81,229.20,21.11,59.72,0.92,1,-1,-1
75,8,486.39,213.07,15.86,30.85,0.82,1,-1,-1
75,9,0.02,229.20,23.52,67.53,0.93,1,-1,-1
75,10,562.48,210.51,15.25,49.14,0.85,1,-1,-1
75,14,302.55,220.77,4.83,11.81,0.81,1,-1,-1
75,15,557.32,207.68,12.95,50.02,0.62,1,-1,-1
76,1,520.39,211.85,13.19,42.75,0.69,1,-1,-1
76,2,509.83,212.83,18.65,50.60,0.82,1,-1,-1
76,3,581.41,213.73,18.33,44.89,0.91,1,-1,-1
76,4,196.93,225.77,29.40,59.60,0.95,1,-1,-1
76,6,547.34,213.67,13.08,36.31,0.85,1,-1,-1
76,7,53.07,230.60,28.71,58.07,0.96,1,-1,-1
76,8,485.08,213.55,15.30,25.97,0.78,1,-1,-1
76,9,-0.02,228.96,20.31,67.88,0.93,1,-1,-1
76,10,562.79,211.07,15.60,48.61,0.83,1,-1,-1
76,14,302.65,220.75,4.83,12.26,0.79,1,-1,-1
76,15,558.65,208.50,11.71,49.10,0.65,1,-1,-1
77,2,516.14,210.96,18.67,52.53,0.86,1,-1,-1
77,3,581.61,213.26,17.83,45.71,0.90,1,-1,-1
77,4,185.78,224.25,40.53,61.50,0.96,1,-1,-1
77,6,546.44,214.42,13.41,35.97,0.88,1,-1,-1
77,7,49.68,231.09,30.09,57.71,0.95,1,-1,-1
77,8,483.46,212.80,13.76,30.00,0.86,1,-1,-1
77,9,-0.22,230.30,11.28,64.61,0.84,1,-1,-1
77,10,563.47,210.40,16.85,48.31,0.83,1,-1,-1
77,14,302.77,220.77,5.21,13.04,0.80,1,-1,-1
77,15,558.97,209.23,11.73,46.45,0.70,1,-1,-1
77,16,295.70,221.55,5.29,8.27,0.72,1,-1,-1
78,1,512.50,211.48,13.59,39.46,0.67,1,-1,-1
78,2,518.38,211.10,20.29,52.02,0.89,1,-1,-1
78,3,581.85,214.28,17.54,44.37,0.90,1,-1,-1
78,4,184.08,228.62,40.14,57.70,0.96,1,-1,-1
78,6,545.40,214.44,13.74,35.30,0.88,1,-1,-1
78,7,48.59,230.47,24.60,58.05,0.94,1,-1,-1
78,8,482.21,212.97,13.52,28.80,0.88,1,-1,-1
78,9,-0.43,246.29,5.13,48.68,0.65,1,-1,-1
78,10,564.67,208.07,16.43,49.57,0.79,1,-1,-1
78,14,303.02,220.60,5.18,13.55,0.81,1,-1,-1
78,15,559.23,208.57,11.68,48.28,0.70,1,-1,-1
78,16,295.96,221.56,5.16,9.07,0.76,1,-1,-1
79,1,510.79,211.42,16.84,41.09,0.86,1,-1,-1
79,2,518.91,211.59,26.90,51.10,0.94,1,-1,-1
79,3,582.20,214.24,18.23,43.65,0.88,1,-1,-1
79,4,183.52,227.55,29.65,58.50,0.94,1,-1,-1
79,6,544.49,214.29,13.42,34.17,0.88,1,-1,-1
79,7,43.50,229.61,19.53,59.18,0.92,1,-1,-1
79,8,480.41,213.47,15.11,29.74,0.89,1,-1,-1
79,10,565.21,207.63,16.38,50.11,0.83,1,-1,-1
79,14,303.27,220.80,4.84,12.27,0.81,1,-1,-1
79,15,559.70,207.49,12.01,46.59,0.76,1,-1,-1
79,16,296.27,221.62,4.97,9.21,0.77,1,-1,-1
80,1,508.93,211.09,17.97,41.41,0.86,1,-1,-1
80,2,523.41,210.85,23.23,51.66,0.93,1,-1,-1
80,3,582.30,214.27,19.94,41.76,0.90,1,-1,-1
80,4,177.19,225.86,23.43,60.07,0.92,1,-1,-1
80,6,543.19,213.77,13.75,35.73,0.84,1,-1,-1
80,7,39.51,229.98,18.61,58.76,0.92,1,-1,-1
80,8,478.75,214.04,15.85,29.17,0.89,1,-1,-1
80,10,565.19,206.99,16.99,50.51,0.83,1,-1,-1
80,14,303.62,220.80,4.57,12.08,0.80,1,-1,-1
80,15,559.82,207.74,12.34,47.62,0.79,1,-1,-1
80,16,296.34,221.71,5.29,9.62,0.77,1,-1,-1
81,1,507.80,211.67,17.82,38.74,0.89,1,-1,-1
81,2,531.41,211.03,16.60,51.62,0.87,1,-1,-1
81,3,582.16,212.31,21.01,43.43,0.90,1,-1,-1
81,4,169.52,225.97,24.80,59.79,0.93,1,-1,-1
81,6,544.29,214.24,12.08,31.92,0.74,1,-1,-1
81,7,31.44,231.42,25.80,57.42,0.94,1,-1,-1
81,8,476.79,213.67,14.75,28.45,0.86,1,-1,-1
81,10,565.43,207.45,17.32,49.81,0.84,1,-1,-1
81,14,303.87,220.80,4.74,12.45,0.80,1,-1,-1
81,15,559.84,207.65,12.09,45.29,0.76,1,-1,-1
81,16,296.91,221.66,5.11,9.80,0.80,1,-1,-1
82,1,506.05,212.24,17.05,39.43,0.88,1,-1,-1
82,2,538.04,210.00,16.60,51.95,0.89,1,-1,-1
82,3,582.37,212.10,20.55,43.54,0.90,1,-1,-1
82,4,155.39,227.78,37.91,58.52,0.95,1,-1,-1
82,7,30.14,231.24,22.93,57.19,0.92,1,-1,-1
82,8,474.63,213.09,13.75,29.45,0.88,1,-1,-1
82,10,565.87,208.17,16.91,48.86,0.83,1,-1,-1
82,14,303.81,220.61,5.25,13.16,0.82,1,-1,-1
82,15,560.08,208.61,11.91,45.77,0.77,1,-1,-1
82,16,297.37,221.59,4.78,9.96,0.79,1,-1,-1
83,1,504.80,211.57,16.00,39.28,0.88,1,-1,-1
83,2,539.42,211.74,20.55,50.41,0.93,1,-1,-1
83,3,582.53,213.31,20.41,42.33,0.90,1,-1,-1
83,4,152.38,229.02,39.86,57.62,0.96,1,-1,-1
83,7,27.78,230.60,15.67,58.01,0.85,1,-1,-1
83,8,473.13,213.51,13.30,26.72,0.84,1,-1,-1
83,10,566.58,208.94,16.28,47.00,0.81,1,-1,-1
83,14,303.87,220.55,5.26,12.90,0.82,1,-1,-1
83,15,560.43,209.33,11.51,42.99,0.76,1,-1,-1
83,16,297.69,221.60,4.56,9.90,0.80,1,-1,-1
84,1,503.71,210.78,15.59,40.25,0.87,1,-1,-1
84,2,540.63,211.43,21.64,49.49,0.91,1,-1,-1
84,3,583.20,211.97,20.45,42.30,0.90,1,-1,-1
84,4,151.71,228.28,32.85,58.42,0.95,1,-1,-1
84,7,28.89,238.07,10.89,49.93,0.77,1,-1,-1
84,8,472.00,214.13,13.50,28.92,0.87,1,-1,-1
84,10,568.07,210.91,14.42,45.44,0.83,1,-1,-1
84,14,303.97,220.67,5.21,13.42,0.82,1,-1,-1
84,15,559.08,208.80,13.10,43.84,0.75,1,-1,-1
84,16,297.78,221.66,4.77,10.01,0.81,1,-1,-1
85,1,501.70,210.84,16.84,40.56,0.91,1,-1,-1
85,2,548.88,210.38,15.63,50.44,0.81,1,-1,-1
85,3,583.38,211.75,20.14,42.86,0.91,1,-1,-1
85,4,149.85,225.91,21.44,60.72,0.92,1,-1,-1
85,6,539.48,213.80,12.73,33.83,0.86,1,-1,-1
85,7,10.07,231.36,26.49,56.51,0.92,1,-1,-1
85,8,470.29,213.63,13.03,26.92,0.88,1,-1,-1
85,10,567.29,210.34,14.95,45.90,0.80,1,-1,-1
85,14,303.99,220.75,5.16,13.36,0.81,1,-1,-1
85,15,558.76,207.59,13.68,44.87,0.64,1,-1,-1
85,16,297.87,221.70,4.82,9.97,0.80,1,-1,-1
86,1,500.58,211.74,17.63,39.24,0.90,1,-1,-1
86,2,552.88,210.11,14.19,50.36,0.80,1,-1,-1
86,3,583.31,211.31,19.63,43.28,0.91,1,-1,-1
86,4,144.65,225.58,20.30,60.27,0.92,1,-1,-1
86,6,539.02,214.60,12.77,33.33,0.89,1,-1,-1
86,7,7.23,231.35,28.85,56.72,0.93,1,-1,-1
86,8,468.79,213.05,12.67,26.48,0.86,1,-1,-1
86,10,567.52,207.41,14.94,48.99,0.84,1,-1,-1
86,14,303.96,220.58,5.21,13.54,0.81,1,-1,-1
86,15,559.51,207.57,12.51,46.23,0.48,1,-1,-1
86,16,297.92,221.67,4.87,9.97,0.80,1,-1,-1
87,1,498.99,212.43,17.16,38.02,0.89,1,-1,-1
87,2,555.53,207.44,18.73,53.33,0.89,1,-1,-1
87,3,582.95,211.71,17.08,43.04,0.88,1,-1,-1
87,4,132.03,226.99,29.82,59.56,0.95,1,-1,-1
87,6,537.80,214.13,13.30,33.20,0.90,1,-1,-1
87,7,6.01,232.68,18.09,55.97,0.91,1,-1,-1
87,8,466.77,212.74,13.29,28.66,0.87,1,-1,-1
87,10,568.85,209.09,13.33,47.43,0.80,1,-1,-1
87,14,304.05,220.59,5.13,13.62,0.81,1,-1,-1
87,16,297.98,221.65,4.92,9.93,0.79,1,-1,-1
88,1,497.35,212.19,16.25,35.76,0.88,1,-1,-1
88,2,555.76,207.44,24.84,52.69,0.91,1,-1,-1
88,3,582.35,212.88,16.22,42.14,0.88,1,-1,-1
88,4,123.37,229.24,38.26,57.97,0.96,1,-1,-1
88,6,537.23,213.96,13.02,32.79,0.88,1,-1,-1
88,7,1.25,231.44,19.35,57.25,0.93,1,-1,-1
88,8,465.74,212.92,13.85,28.98,0.88,1,-1,-1
88,10,568.59,206.85,13.28,49.52,0.71,1,-1,-1
88,14,304.08,220.60,5.11,13.61,0.81,1,-1,-1
88,16,298.07,221.34,4.94,10.08,0.80,1,-1,-1
89,1,496.45,211.71,15.98,36.60,0.87,1,-1,-1
89,2,560.31,212.08,21.57,47.26,0.90,1,-1,-1
89,3,581.44,213.85,16.88,40.67,0.89,1,-1,-1
89,4,121.02,229.51,38.07,57.59,0.96,1,-1,-1
89,6,536.43,213.96,13.24,33.00,0.88,1,-1,-1
89,7,-0.04,231.65,14.25,56.92,0.91,1,-1,-1
89,8,463.59,213.70,15.81,28.53,0.88,1,-1,-1
89,14,304.20,220.69,5.07,13.28,0.81,1,-1,-1
89,15,556.28,208.01,12.80,39.22,0.83,1,-1,-1
89,16,298.15,221.46,5.05,10.06,0.80,1,-1,-1
90,1,495.21,211.77,15.94,36.68,0.88,1,-1,-1
90,2,566.77,210.52,17.74,48.90,0.82,1,-1,-1
90,3,581.68,213.21,15.88,40.18,0.83,1,-1,-1
90,4,120.50,228.42,26.76,58.26,0.94,1,-1,-1
90,6,535.21,214.59,13.49,34.87,0.85,1,-1,-1
90,7,-0.00,232.88,14.07,56.13,0.90,1,-1,-1
90,8,461.97,213.10,12.82,25.86,0.87,1,-1,-1
90,14,304.58,220.77,4.95,13.44,0.81,1,-1,-1
90,15,555.37,207.48,12.59,43.67,0.86,1,-1,-1
90,16,298.71,221.48,4.61,9.95,0.80,1,-1,-1
91,1,493.91,212.45,16.11,34.18,0.88,1,-1,-1
91,2,574.98,209.87,14.66,48.88,0.78,1,-1,-1
91,3,583.37,216.02,14.28,41.23,0.82,1,-1,-1
91,4,114.57,226.30,19.27,60.29,0.89,1,-1,-1
91,6,534.41,214.35,13.39,32.47,0.85,1,-1,-1
91,7,-0.01,242.92,10.23,45.70,0.82,1,-1,-1
91,8,460.12,213.00,12.80,26.00,0.87,1,-1,-1
91,10,563.29,208.32,15.39,44.73,0.81,1,-1,-1
91,14,304.82,220.70,5.18,13.48,0.79,1,-1,-1
91,15,554.58,207.39,12.06,43.84,0.83,1,-1,-1
91,16,298.89,221.53,4.77,9.78,0.78,1,-1,-1
92,1,492.40,212.64,15.65,33.22,0.88,1,-1,-1
92,2,575.77,210.83,21.21,48.16,0.93,1,-1,-1
92,4,102.75,227.22,27.81,59.75,0.95,1,-1,-1
92,6,533.78,214.33,13.53,30.94,0.87,1,-1,-1
92,8,458.64,213.80,13.21,26.83,0.83,1,-1,-1
92,10,559.79,207.00,17.90,45.87,0.81,1,-1,-1
92,14,305.05,220.55,5.07,13.21,0.77,1,-1,-1
92,15,552.92,207.73,15.51,42.31,0.77,1,-1,-1
92,16,298.92,221.30,5.04,9.38,0.77,1,-1,-1
93,1,491.44,211.95,15.26,31.74,0.88,1,-1,-1
93,2,578.44,210.28,20.09,47.24,0.89,1,-1,-1
93,4,94.06,229.24,36.49,57.57,0.95,1,-1,-1
93,6,533.15,215.40,12.76,29.94,0.89,1,-1,-1
93,8,457.96,214.00,12.99,27.57,0.86,1,-1,-1
93,10,558.45,210.32,14.65,39.64,0.78,1,-1,-1
93,14,305.23,220.51,5.00,13.26,0.79,1,-1,-1
93,15,551.64,208.68,14.70,40.03,0.82,1,-1,-1
93,16,298.76,221.31,5.39,9.31,0.79,1,-1,-1
94,1,490.63,211.65,14.92,35.20,0.87,1,-1,-1
94,2,587.06,208.62,13.92,47.75,0.84,1,-1,-1
94,3,577.47,213.13,14.33,42.66,0.77,1,-1,-1
94,4,92.10,230.13,37.07,56.95,0.96,1,-1,-1
94,6,532.06,214.51,12.45,30.37,0.85,1,-1,-1
94,8,456.51,213.41,12.15,27.55,0.88,1,-1,-1
94,10,556.74,210.32,12.66,42.06,0.83,1,-1,-1
94,14,305.55,220.68,4.64,12.69,0.78,1,-1,-1
94,15,551.30,208.96,9.47,40.70,0.78,1,-1,-1
94,16,299.01,221.43,5.28,9.21,0.78,1,-1,-1
95,1,489.64,211.61,15.37,35.14,0.87,1,-1,-1
95,2,590.12,209.11,14.48,47.78,0.81,1,-1,-1
95,3,576.89,213.29,15.41,38.28,0.82,1,-1,-1
95,4,92.03,229.12,29.94,57.82,0.94,1,-1,-1
95,6,530.81,212.76,12.94,31.60,0.85,1,-1,-1
95,8,455.67,213.04,12.32,28.26,0.88,1,-1,-1
95,10,554.91,211.70,13.32,40.69,0.79,1,-1,-1
95,14,305.56,220.83,4.71,12.54,0.77,1,-1,-1
95,15,550.71,208.05,11.66,42.07,0.71,1,-1,-1
95,16,299.10,221.52,5.22,9.16,0.77,1,-1,-1
96,1,488.49,212.33,15.04,34.54,0.88,1,-1,-1
96,2,591.33,210.00,18.80,46.72,0.91,1,-1,-1
96,3,575.82,212.47,16.73,36.16,0.90,1,-1,-1
96,4,88.62,228.48,20.75,58.29,0.90,1,-1,-1
96,6,529.58,212.05,13.27,32.40,0.86,1,-1,-1
96,8,454.24,213.40,12.94,24.82,0.88,1,-1,-1
96,10,551.46,213.05,15.10,38.88,0.83,1,-1,-1
96,14,305.92,220.71,4.45,11.70,0.70,1,-1,-1
96,15,548.84,207.36,10.38,43.76,0.50,1,-1,-1
96,16,299.08,221.40,5.29,9.29,0.78,1,-1,-1
97,1,486.73,212.65,15.20,32.56,0.88,1,-1,-1
97,2,592.85,210.73,16.87,43.55,0.89,1,-1,-1
97,3,573.62,212.26,17.52,39.11,0.86,1,-1,-1
97,4,84.14,227.10,19.37,59.74,0.92,1,-1,-1
97,6,528.32,211.86,13.18,32.90,0.83,1,-1,-1
97,8,453.70,213.59,12.33,24.90,0.87,1,-1,-1
97,10,548.73,208.03,14.60,43.73,0.86,1,-1,-1
97,14,306.01,220.52,4.55,11.67,0.31,1,-1,-1
97,15,548.50,207.30,9.49,38.00,0.27,1,-1,-1
97,16,299.15,221.32,5.28,9.29,0.76,1,-1,-1
98,1,485.15,212.47,15.14,32.79,0.88,1,-1,-1
98,2,597.37,209.84,12.30,41.08,0.83,1,-1,-1
98,3,573.28,211.92,16.31,39.45,0.88,1,-1,-1
98,4,74.04,228.47,26.65,58.50,0.94,1,-1,-1
98,6,526.82,213.88,13.63,31.31,0.84,1,-1,-1
98,8,452.58,213.81,11.83,24.83,0.87,1,-1,-1
98,10,547.18,208.18,13.18,44.37,0.88,1,-1,-1
98,16,299.16,221.48,5.42,9.23,0.73,1,-1,-1
99,1,483.65,212.17,15.00,33.95,0.87,1,-1,-1
99,3,571.54,213.20,16.43,38.26,0.85,1,-1,-1
99,4,64.63,230.67,35.39,56.45,0.96,1,-1,-1
99,6,525.94,214.45,12.41,29.37,0.82,1,-1,-1
99,8,451.69,213.38,11.53,24.66,0.85,1,-1,-1
99,10,541.89,208.30,16.72,43.37,0.89,1,-1,-1
99,16,299.68,221.56,5.59,9.02,0.64,1,-1,-1
100,1,483.23,212.21,15.01,33.89,0.89,1,-1,-1
100,2,613.66,217.28,8.65,35.39,0.72,1,-1,-1
100,3,571.29,215.77,15.93,36.40,0.82,1,-1,-1
100,4,62.98,230.85,36.13,56.36,0.96,1,-1,-1
100,6,525.61,214.00,12.55,30.61,0.84,1,-1,-1
100,8,451.78,213.41,11.05,23.78,0.87,1,-1,-1
100,10,541.47,208.25,17.15,43.89,0.88,1,-1,-1
100,16,299.69,221.33,5.94,9.22,0.65,1,-1,-1
101,1,482.11,212.94,14.61,32.35,0.87,1,-1,-1
101,2,613.25,211.28,13.59,40.28,0.86,1,-1,-1
101,3,569.24,211.98,16.30,38.65,0.89,1,-1,-1
101,4,62.59,229.82,27.41,57.05,0.94,1,-1,-1
101,6,524.58,213.48,12.51,30.89,0.88,1,-1,-1
101,8,451.34,213.69,10.88,25.71,0.84,1,-1,-1
101,10,540.20,207.59,17.01,47.53,0.85,1,-1,-1
101,16,299.92,221.43,7.13,8.93,0.58,1,-1,-1
102,1,480.74,213.23,14.42,30.62,0.88,1,-1,-1
102,2,613.99,208.04,15.14,44.73,0.88,1,-1,-1
102,3,568.66,211.32,17.52,39.48,0.90,1,-1,-1
102,4,58.78,228.28,19.44,59.01,0.92,1,-1,-1
102,6,523.51,214.01,12.17,29.78,0.87,1,-1,-1
102,8,451.40,213.97,10.53,21.90,0.83,1,-1,-1
102,10,538.75,209.55,15.16,42.14,0.72,1,-1,-1
102,15,544.83,207.53,12.05,40.84,0.61,1,-1,-1
103,1,479.18,212.66,15.34,32.35,0.87,1,-1,-1
103,2,618.03,207.63,13.44,44.92,0.86,1,-1,-1
103,3,567.12,211.36,18.96,40.88,0.87,1,-1,-1
103,4,53.88,227.87,19.58,58.94,0.92,1,-1,-1
103,6,522.21,214.26,11.93,29.30,0.87,1,-1,-1
103,8,451.32,213.59,10.34,22.70,0.85,1,-1,-1
103,10,536.65,211.02,13.91,40.64,0.80,1,-1,-1
103,15,543.91,207.67,11.79,41.53,0.75,1,-1,-1
104,1,478.43,211.95,14.59,29.60,0.89,1,-1,-1
104,2,621.14,206.97,13.32,45.51,0.86,1,-1,-1
104,3,566.25,211.96,18.91,38.43,0.88,1,-1,-1
104,4,42.68,228.93,29.08,58.02,0.95,1,-1,-1
104,6,520.85,214.02,12.32,28.81,0.84,1,-1,-1
104,8,451.00,212.95,10.26,22.84,0.88,1,-1,-1
104,10,534.93,212.02,12.71,39.09,0.81,1,-1,-1
104,15,542.91,208.57,11.92,39.93,0.81,1,-1,-1
105,1,477.41,211.85,14.56,31.64,0.88,1,-1,-1
105,2,622.31,208.28,17.06,44.15,0.90,1,-1,-1
105,3,565.38,212.99,18.85,36.89,0.89,1,-1,-1
105,4,36.84,230.89,34.16,56.24,0.96,1,-1,-1
105,6,519.61,213.72,12.43,29.19,0.86,1,-1,-1
105,8,450.66,212.83,10.14,23.07,0.88,1,-1,-1
105,10,533.14,211.43,12.70,39.70,0.84,1,-1,-1
105,15,542.19,208.82,12.31,37.72,0.85,1,-1,-1
106,1,475.92,212.09,14.55,31.78,0.88,1,-1,-1
106,2,623.16,208.00,16.84,43.82,0.91,1,-1,-1
106,3,563.96,212.56,18.94,36.53,0.85,1,-1,-1
106,4,35.99,230.68,33.42,57.05,0.96,1,-1,-1
106,6,518.69,213.71,12.38,28.93,0.88,1,-1,-1
106,8,450.28,213.22,10.25,22.91,0.88,1,-1,-1
106,10,531.47,212.67,12.83,37.55,0.78,1,-1,-1
106,15,540.03,208.44,13.96,37.03,0.85,1,-1,-1
106,17,360.74,217.52,7.95,18.13,0.79,1,-1,-1
107,1,473.99,212.74,15.70,32.87,0.89,1,-1,-1
107,2,627.11,206.72,12.92,42.81,0.88,1,-1,-1
107,3,563.22,211.69,17.44,35.77,0.86,1,-1,-1
107,4,35.96,229.96,26.58,57.87,0.93,1,-1,-1
107,6,518.17,213.60,11.64,29.16,0.85,1,-1,-1
107,8,450.04,213.34,10.32,21.92,0.88,1,-1,-1
107,10,529.33,208.68,13.10,41.03,0.73,1,-1,-1
107,15,539.44,207.69,14.27,39.87,0.88,1,-1,-1
107,17,359.94,217.98,7.91,17.98,0.79,1,-1,-1
108,1,472.98,213.30,15.19,30.73,0.89,1,-1,-1
108,2,632.67,203.40,7.73,46.01,0.76,1,-1,-1
108,3,560.75,211.17,17.44,37.77,0.88,1,-1,-1
108,4,33.31,229.37,19.49,58.40,0.90,1,-1,-1
108,6,517.35,214.26,11.30,26.90,0.85,1,-1,-1
108,8,449.18,212.86,10.78,22.60,0.87,1,-1,-1
108,10,527.26,212.00,13.94,38.81,0.85,1,-1,-1
108,15,538.36,207.59,13.28,39.82,0.84,1,-1,-1
108,17,358.87,217.52,8.51,18.83,0.81,1,-1,-1
109,1,471.05,212.94,15.33,30.61,0.88,1,-1,-1
109,3,559.83,211.49,18.00,37.57,0.88,1,-1,-1
109,4,29.11,229.01,18.09,58.85,0.89,1,-1,-1
109,6,516.07,214.08,11.99,27.74,0.78,1,-1,-1
109,8,449.05,212.27,10.20,23.22,0.87,1,-1,-1
109,10,524.41,208.63,15.62,42.86,0.82,1,-1,-1
109,15,536.82,207.98,11.44,39.14,0.80,1,-1,-1
109,17,358.22,217.30,8.22,18.39,0.83,1,-1,-1
110,1,470.23,212.67,14.49,30.66,0.88,1,-1,-1
110,3,559.09,211.94,16.10,36.88,0.90,1,-1,-1
110,4,27.58,228.23,16.39,59.21,0.75,1,-1,-1
110,6,515.27,213.48,10.27,27.23,0.83,1,-1,-1
110,8,449.13,212.51,10.16,22.85,0.87,1,-1,-1
110,10,523.26,212.31,14.61,37.24,0.83,1,-1,-1
110,15,536.02,208.55,12.03,38.23,0.84,1,-1,-1
110,17,357.76,217.31,8.47,18.31,0.87,1,-1,-1
111,1,468.99,212.47,14.28,30.59,0.88,1,-1,-1
111,3,557.36,212.52,16.00,35.92,0.90,1,-1,-1
111,6,514.05,215.57,10.41,26.17,0.83,1,-1,-1
111,8,449.40,212.96,9.99,21.36,0.86,1,-1,-1
111,10,522.08,212.50,12.99,36.73,0.81,1,-1,-1
111,15,535.36,208.74,12.19,36.75,0.86,1,-1,-1
111,17,357.02,217.58,8.50,17.77,0.85,1,-1,-1
112,1,467.57,212.67,14.84,30.19,0.88,1,-1,-1
112,3,556.34,212.09,15.27,36.55,0.90,1,-1,-1
112,6,512.91,213.32,10.42,28.19,0.86,1,-1,-1
112,8,449.42,212.69,9.79,21.54,0.87,1,-1,-1
112,10,521.03,212.29,12.53,37.10,0.81,1,-1,-1
112,15,534.05,208.37,11.98,37.62,0.83,1,-1,-1
112,17,356.68,217.69,8.24,17.56,0.83,1,-1,-1
113,1,466.10,212.52,14.57,29.70,0.87,1,-1,-1
113,3,554.36,211.36,17.67,37.78,0.91,1,-1,-1
113,4,9.74,231.56,13.65,56.03,0.88,1,-1,-1
113,6,511.15,213.15,10.65,28.13,0.77,1,-1,-1
113,8,449.58,211.45,9.45,21.74,0.86,1,-1,-1
113,10,519.39,212.47,12.42,37.37,0.83,1,-1,-1
113,15,531.71,208.25,11.40,38.22,0.84,1,-1,-1
113,17,356.29,217.22,8.53,18.46,0.84,1,-1,-1
114,1,465.94,212.64,14.08,30.14,0.87,1,-1,-1
114,3,553.42,211.10,18.59,37.21,0.90,1,-1,-1
114,4,6.27,230.32,15.72,57.49,0.90,1,-1,-1
114,6,510.15,212.93,10.01,28.83,0.80,1,-1,-1
114,8,449.65,210.95,9.37,22.28,0.86,1,-1,-1
114,10,518.76,212.80,11.51,34.04,0.81,1,-1,-1
114,15,530.94,208.36,11.25,37.11,0.85,1,-1,-1
114,17,355.70,217.13,8.55,18.23,0.83,1,-1,-1
115,1,463.96,212.67,13.81,29.18,0.88,1,-1,-1
115,3,552.16,211.83,18.54,37.93,0.90,1,-1,-1
115,4,0.02,231.73,19.59,55.98,0.94,1,-1,-1
115,6,508.47,213.08,10.05,28.38,0.82,1,-1,-1
115,8,449.21,211.05,9.73,22.30,0.88,1,-1,-1
115,10,516.83,211.57,11.98,34.53,0.77,1,-1,-1
115,15,527.32,208.78,14.11,37.09,0.89,1,-1,-1
115,17,355.32,217.56,8.07,17.83,0.80,1,-1,-1
116,1,462.60,213.23,14.04,29.66,0.88,1,-1,-1
116,3,551.47,212.71,17.93,34.52,0.89,1,-1,-1
116,4,0.00,233.48,19.26,54.00,0.94,1,-1,-1
116,6,507.56,213.24,9.88,27.65,0.79,1,-1,-1
116,8,448.67,211.13,10.14,22.10,0.87,1,-1,-1
116,10,515.88,211.79,11.93,35.47,0.83,1,-1,-1
116,15,526.52,209.27,14.34,36.25,0.89,1,-1,-1
116,17,354.67,217.98,8.23,17.84,0.80,1,-1,-1
117,1,461.07,213.63,14.65,29.48,0.89,1,-1,-1
117,3,550.59,211.23,17.85,35.98,0.87,1,-1,-1
117,4,0.01,232.27,18.21,55.93,0.91,1,-1,-1
117,6,506.50,214.03,9.27,25.29,0.73,1,-1,-1
117,8,448.29,210.79,10.18,22.73,0.86,1,-1,-1
117,10,514.24,211.60,11.85,35.97,0.83,1,-1,-1
117,15,525.10,208.53,15.44,37.87,0.88,1,-1,-1
117,17,353.97,217.99,8.25,17.51,0.83,1,-1,-1
118,1,460.31,213.54,13.75,29.17,0.89,1,-1,-1
118,3,549.52,211.58,15.94,35.51,0.87,1,-1,-1
118,4,-0.09,243.43,12.73,43.14,0.76,1,-1,-1
118,6,505.59,213.01,9.90,27.71,0.63,1,-1,-1
118,8,448.18,210.80,9.91,21.92,0.85,1,-1,-1
118,10,511.11,209.98,14.33,38.08,0.79,1,-1,-1
118,15,523.96,207.89,13.51,37.46,0.87,1,-1,-1
118,17,353.40,217.60,8.56,17.63,0.83,1,-1,-1
119,1,459.07,212.96,14.13,29.34,0.87,1,-1,-1
119,3,549.11,211.87,15.51,35.10,0.87,1,-1,-1
119,6,504.40,212.99,9.63,28.35,0.59,1,-1,-1
119,8,448.19,211.06,10.19,21.63,0.84,1,-1,-1
119,10,509.63,211.61,15.56,38.27,0.75,1,-1,-1
119,15,522.59,207.47,10.94,37.79,0.86,1,-1,-1
119,17,352.85,217.60,8.61,17.75,0.84,1,-1,-1
120,1,457.17,212.90,14.18,29.68,0.88,1,-1,-1
120,3,548.69,218.33,13.80,28.56,0.85,1,-1,-1
120,6,502.88,213.56,8.25,26.74,0.55,1,-1,-1
120,8,448.15,211.56,9.87,21.95,0.81,1,-1,-1
120,10,506.89,212.00,14.68,32.74,0.76,1,-1,-1
120,15,521.43,207.78,8.75,35.48,0.81,1,-1,-1
120,17,352.48,217.96,8.49,17.39,0.85,1,-1,-1
121,1,456.72,212.98,13.68,30.76,0.86,1,-1,-1
121,3,547.55,216.62,14.94,30.09,0.82,1,-1,-1
121,6,501.00,214.25,9.33,26.25,0.64,1,-1,-1
121,8,447.94,211.47,9.57,21.54,0.81,1,-1,-1
121,10,506.80,211.98,12.55,34.05,0.78,1,-1,-1
121,15,519.27,208.97,11.01,35.86,0.85,1,-1,-1
121,17,352.16,218.15,8.26,16.54,0.84,1,-1,-1
122,1,456.40,213.68,12.80,29.07,0.86,1,-1,-1
122,3,545.80,215.72,16.28,31.49,0.83,1,-1,-1
122,6,500.06,213.41,9.15,26.72,0.26,1,-1,-1
122,8,447.83,211.31,9.48,21.94,0.84,1,-1,-1
122,10,502.82,212.11,14.00,33.30,0.81,1,-1,-1
122,15,517.98,208.73,11.82,35.42,0.87,1,-1,-1
122,17,351.80,217.74,8.47,17.62,0.82,1,-1,-1
123,1,455.46,214.09,12.40,26.86,0.84,1,-1,-1
123,3,544.91,211.61,18.15,35.42,0.87,1,-1,-1
123,6,498.50,213.29,9.67,27.24,0.68,1,-1,-1
123,8,447.43,211.35,9.46,20.73,0.83,1,-1,-1
123,10,503.48,212.98,12.56,33.46,0.73,1,-1,-1
123,15,515.86,208.67,10.24,34.69,0.82,1,-1,-1
123,17,351.33,217.61,8.22,17.65,0.83,1,-1,-1
124,1,454.15,213.89,12.76,27.29,0.85,1,-1,-1
124,3,544.37,212.67,18.80,35.45,0.85,1,-1,-1
124,6,497.21,213.83,8.71,26.39,0.54,1,-1,-1
124,8,447.06,211.83,9.28,20.21,0.80,1,-1,-1
124,10,499.78,212.12,13.09,31.75,0.65,1,-1,-1
124,15,514.10,208.25,10.24,36.43,0.86,1,-1,-1
124,17,350.92,217.95,8.38,17.52,0.82,1,-1,-1
125,1,452.78,213.40,13.85,26.94,0.85,1,-1,-1
125,3,544.08,215.86,18.46,31.37,0.83,1,-1,-1
125,6,496.11,213.46,8.58,26.45,0.31,1,-1,-1
125,8,446.56,212.03,9.63,19.82,0.78,1,-1,-1
125,10,498.50,211.87,13.34,32.66,0.77,1,-1,-1
125,15,512.06,208.57,11.17,35.75,0.86,1,-1,-1
125,17,350.43,218.01,8.05,17.91,0.79,1,-1,-1
126,1,452.09,213.41,13.13,28.46,0.86,1,-1,-1
126,3,542.79,214.88,17.91,30.72,0.86,1,-1,-1
126,6,494.89,213.49,7.60,24.47,0.25,1,-1,-1
126,8,446.16,211.72,9.34,19.97,0.75,1,-1,-1
126,10,496.17,210.04,15.45,35.12,0.84,1,-1,-1
126,15,509.06,208.91,13.45,35.42,0.90,1,-1,-1
126,17,349.69,217.88,8.28,17.41,0.84,1,-1,-1
127,1,450.86,213.48,13.24,28.39,0.85,1,-1,-1
127,3,541.75,214.35,17.21,33.40,0.86,1,-1,-1
127,6,492.66,213.99,6.94,26.11,0.52,1,-1,-1
127,8,446.18,211.37,9.37,20.37,0.71,1,-1,-1
127,10,495.02,209.82,15.16,36.35,0.82,1,-1,-1
127,15,508.44,209.29,13.83,35.28,0.88,1,-1,-1
127,17,349.29,217.64,7.87,17.29,0.86,1,-1,-1
128,1,446.23,211.91,16.32,30.30,0.85,1,-1,-1
128,3,541.05,214.31,15.21,29.26,0.83,1,-1,-1
128,6,491.84,214.11,7.03,24.72,0.55,1,-1,-1
128,8,446.01,211.58,8.96,20.03,0.54,1,-1,-1
128,10,493.45,213.12,15.48,32.09,0.80,1,-1,-1
128,14,311.89,220.57,4.91,13.86,0.76,1,-1,-1
128,15,506.30,209.23,15.12,35.22,0.90,1,-1,-1
128,17,348.76,217.64,8.03,17.23,0.86,1,-1,-1
129,1,446.22,211.94,15.27,30.07,0.89,1,-1,-1
129,3,540.35,216.21,13.65,29.21,0.84,1,-1,-1
129,6,489.83,212.88,7.47,24.86,0.58,1,-1,-1
129,10,491.44,212.20,13.43,31.89,0.77,1,-1,-1
129,14,311.58,220.60,5.70,14.51,0.83,1,-1,-1
129,15,505.16,208.94,12.06,35.24,0.87,1,-1,-1
129,17,348.47,218.24,7.69,16.53,0.85,1,-1,-1
130,1,445.66,211.67,14.17,30.90,0.89,1,-1,-1
130,3,539.63,217.53,12.63,27.50,0.82,1,-1,-1
130,10,488.65,212.02,14.71,34.38,0.85,1,-1,-1
130,14,312.00,220.51,5.57,14.81,0.84,1,-1,-1
130,15,502.76,208.56,9.74,35.45,0.78,1,-1,-1
130,16,306.98,221.68,4.12,12.63,0.70,1,-1,-1
130,17,347.81,218.32,8.15,16.83,0.86,1,-1,-1
131,1,445.92,211.62,13.11,30.52,0.88,1,-1,-1
131,3,537.78,211.87,14.33,34.13,0.85,1,-1,-1
131,10,486.93,212.97,14.06,32.65,0.85,1,-1,-1
131,14,312.33,220.41,5.59,14.90,0.82,1,-1,-1
131,15,501.19,209.57,10.55,33.88,0.84,1,-1,-1
131,16,306.46,221.55,4.73,13.78,0.72,1,-1,-1
131,17,347.46,217.82,7.83,18.36,0.83,1,-1,-1
132,1,445.00,211.42,12.92,29.97,0.88,1,-1,-1
132,3,536.00,214.15,14.56,30.97,0.81,1,-1,-1
132,10,486.21,213.59,12.58,28.69,0.87,1,-1,-1
132,14,312.44,220.31,5.75,14.91,0.84,1,-1,-1
132,15,499.03,210.04,12.67,32.94,0.88,1,-1,-1
132,16,305.70,221.40,5.61,15.18,0.81,1,-1,-1
132,17,346.83,217.69,7.92,17.49,0.82,1,-1,-1
133,1,444.03,210.74,13.30,30.72,0.86,1,-1,-1
133,3,534.89,212.96,15.83,32.78,0.86,1,-1,-1
133,10,486.00,213.37,12.05,34.79,0.83,1,-1,-1
133,14,312.53,220.17,5.74,15.81,0.84,1,-1,-1
133,15,498.89,209.84,11.65,34.05,0.87,1,-1,-1
133,16,305.26,221.40,6.12,15.30,0.82,1,-1,-1
133,17,346.56,218.05,7.60,18.08,0.78,1,-1,-1
134,1,442.98,213.46,12.56,25.72,0.87,1,-1,-1
134,3,533.78,211.37,17.48,38.11,0.85,1,-1,-1
134,10,484.81,212.85,12.43,32.38,0.83,1,-1,-1
134,14,312.52,220.29,5.75,15.84,0.84,1,-1,-1
134,15,496.68,209.51,10.21,32.92,0.83,1,-1,-1
134,16,305.21,221.56,6.32,15.09,0.81,1,-1,-1
134,17,345.93,218.24,7.45,17.87,0.81,1,-1,-1
135,1,442.21,211.34,12.65,27.75,0.86,1,-1,-1
135,3,533.37,211.37,17.22,33.68,0.89,1,-1,-1
135,10,483.56,213.28,12.91,32.11,0.86,1,-1,-1
135,14,312.77,220.46,5.47,15.17,0.84,1,-1,-1
135,15,494.80,209.94,10.75,33.33,0.85,1,-1,-1
135,16,305.45,221.46,6.25,15.50,0.81,1,-1,-1
135,17,345.33,218.14,7.11,17.39,0.84,1,-1,-1
136,1,441.37,214.11,12.52,26.98,0.81,1,-1,-1
136,3,532.50,212.27,16.95,32.65,0.88,1,-1,-1
136,10,481.59,213.80,13.91,31.08,0.85,1,-1,-1
136,14,312.81,220.38,5.45,15.24,0.84,1,-1,-1
136,15,493.38,210.86,11.46,31.96,0.83,1,-1,-1
136,16,305.60,221.44,6.17,15.02,0.82,1,-1,-1
136,17,344.90,218.07,7.08,16.69,0.85,1,-1,-1
137,1,440.28,213.89,12.80,26.18,0.85,1,-1,-1
137,3,530.53,211.82,17.13,31.96,0.88,1,-1,-1
137,10,480.42,212.69,13.54,31.35,0.83,1,-1,-1
137,14,312.76,220.09,5.62,15.91,0.84,1,-1,-1
137,15,491.44,211.93,12.71,31.05,0.86,1,-1,-1
137,16,305.78,221.38,6.11,15.16,0.83,1,-1,-1
137,17,344.32,218.05,7.30,17.43,0.83,1,-1,-1
138,1,439.17,214.16,13.09,26.76,0.84,1,-1,-1
138,3,530.07,211.08,14.47,30.99,0.85,1,-1,-1
138,10,479.32,212.50,10.99,31.29,0.83,1,-1,-1
138,14,313.08,220.34,5.44,14.68,0.80,1,-1,-1
138,15,489.71,211.27,14.22,31.91,0.85,1,-1,-1
138,16,305.98,221.50,6.12,14.08,0.84,1,-1,-1
138,17,343.82,218.41,7.20,16.80,0.83,1,-1,-1
139,1,437.87,214.37,12.06,25.41,0.87,1,-1,-1
139,3,528.16,211.18,14.69,32.76,0.84,1,-1,-1
139,8,446.00,207.65,8.77,19.26,0.83,1,-1,-1
139,10,477.99,212.68,11.16,31.04,0.83,1,-1,-1
139,14,313.25,220.47,5.79,15.19,0.82,1,-1,-1
139,15,488.35,210.45,14.13,32.95,0.87,1,-1,-1
139,16,306.17,221.53,6.04,14.21,0.83,1,-1,-1
139,17,343.55,218.47,7.43,17.93,0.83,1,-1,-1
140,1,436.81,214.27,12.41,25.86,0.87,1,-1,-1
140,3,525.86,211.16,15.49,32.71,0.85,1,-1,-1
140,8,445.84,207.34,9.01,19.52,0.84,1,-1,-1
140,10,476.78,213.05,11.58,30.55,0.84,1,-1,-1
140,14,313.56,220.51,5.64,15.02,0.84,1,-1,-1
140,15,486.37,209.73,11.70,33.22,0.83,1,-1,-1
140,16,306.42,221.48,5.97,14.78,0.81,1,-1,-1
140,17,343.38,218.47,7.00,15.97,0.83,1,-1,-1
141,1,435.87,213.97,11.98,26.32,0.84,1,-1,-1
141,3,525.87,210.48,15.02,32.89,0.80,1,-1,-1
141,8,445.72,207.16,9.06,19.92,0.84,1,-1,-1
141,10,475.26,213.73,11.92,31.33,0.82,1,-1,-1
141,14,313.81,220.31,5.49,15.28,0.84,1,-1,-1
141,15,483.62,209.89,11.11,32.80,0.80,1,-1,-1
141,16,306.68,221.10,6.04,15.19,0.80,1,-1,-1
141,17,342.89,218.18,7.09,17.52,0.84,1,-1,-1
142,1,434.77,214.37,11.23,25.12,0.85,1,-1,-1
142,3,524.15,212.31,14.01,31.03,0.85,1,-1,-1
142,8,445.82,205.73,8.90,19.97,0.86,1,-1,-1
142,10,473.28,213.60,10.06,28.76,0.81,1,-1,-1
142,14,313.90,219.89,5.94,16.67,0.83,1,-1,-1
142,15,482.49,211.15,11.66,31.62,0.87,1,-1,-1
142,16,306.82,220.93,6.18,16.34,0.82,1,-1,-1
142,17,342.50,218.43,7.04,16.21,0.81,1,-1,-1
143,1,433.94,214.69,11.42,23.41,0.85,1,-1,-1
143,3,522.64,211.61,14.30,31.51,0.88,1,-1,-1
143,8,445.73,205.03,8.87,19.80,0.85,1,-1,-1
143,10,471.40,212.53,11.37,32.27,0.85,1,-1,-1
143,14,313.95,220.05,5.89,16.44,0.83,1,-1,-1
143,15,481.47,210.86,11.35,32.04,0.85,1,-1,-1
143,16,306.86,221.41,6.51,16.01,0.83,1,-1,-1
143,17,341.98,218.61,7.20,18.09,0.82,1,-1,-1
144,1,432.98,214.69,11.51,22.51,0.86,1,-1,-1
144,3,520.84,212.57,16.47,30.93,0.85,1,-1,-1
144,8,445.91,204.94,8.54,19.66,0.87,1,-1,-1
144,10,469.89,212.92,12.34,31.65,0.86,1,-1,-1
144,14,314.00,220.12,5.73,16.34,0.84,1,-1,-1
144,15,479.85,210.37,9.59,29.91,0.83,1,-1,-1
144,16,306.90,221.51,6.52,15.69,0.83,1,-1,-1
144,17,341.84,218.40,6.96,15.72,0.84,1,-1,-1
145,1,431.88,214.50,11.91,23.17,0.85,1,-1,-1
145,3,520.20,212.13,17.04,31.21,0.89,1,-1,-1
145,8,445.69,204.73,8.96,20.09,0.86,1,-1,-1
145,10,468.05,213.00,13.52,31.80,0.86,1,-1,-1
145,14,314.01,220.12,5.73,16.41,0.84,1,-1,-1
145,15,476.34,210.28,11.24,32.46,0.78,1,-1,-1
145,16,306.77,221.45,6.55,15.62,0.82,1,-1,-1
145,17,341.62,218.27,6.85,15.89,0.85,1,-1,-1
146,1,430.70,213.86,11.86,24.77,0.86,1,-1,-1
146,3,518.79,212.51,17.80,30.53,0.89,1,-1,-1
146,8,445.62,204.78,9.08,20.05,0.85,1,-1,-1
146,10,467.24,213.60,13.37,31.23,0.82,1,-1,-1
146,14,314.03,220.13,5.68,16.52,0.83,1,-1,-1
146,15,474.84,210.02,11.84,32.40,0.84,1,-1,-1
146,16,306.96,221.41,6.54,15.68,0.82,1,-1,-1
146,17,341.41,218.40,7.11,16.68,0.85,1,-1,-1
147,1,429.64,213.76,11.59,25.71,0.88,1,-1,-1
147,3,517.64,212.76,16.80,30.18,0.88,1,-1,-1
147,8,445.77,204.59,8.81,19.10,0.86,1,-1,-1
147,10,465.54,213.36,12.36,31.08,0.81,1,-1,-1
147,14,314.07,220.10,5.73,16.27,0.83,1,-1,-1
147,15,474.08,211.00,12.28,31.33,0.85,1,-1,-1
147,16,307.05,221.40,6.47,15.07,0.81,1,-1,-1
147,17,341.14,218.62,7.02,16.21,0.85,1,-1,-1
148,1,428.25,214.39,12.25,26.48,0.87,1,-1,-1
148,3,516.21,215.25,15.20,27.60,0.86,1,-1,-1
148,8,445.44,203.76,8.74,19.10,0.87,1,-1,-1
148,10,463.94,212.94,10.97,31.48,0.83,1,-1,-1
148,14,313.99,220.30,5.96,16.46,0.83,1,-1,-1
148,15,472.76,211.61,13.18,30.28,0.88,1,-1,-1
148,16,307.08,221.47,6.58,15.43,0.80,1,-1,-1
148,17,341.03,218.67,7.08,17.13,0.86,1,-1,-1
149,1,427.21,214.49,12.19,26.03,0.87,1,-1,-1
149,3,514.36,212.26,14.45,28.52,0.82,1,-1,-1
149,8,445.43,203.37,8.37,19.49,0.86,1,-1,-1
149,10,462.83,213.71,11.21,28.82,0.85,1,-1,-1
149,14,314.03,220.48,6.11,16.44,0.85,1,-1,-1
149,15,471.64,211.38,13.18,30.37,0.87,1,-1,-1
149,16,307.42,221.52,6.48,15.57,0.83,1,-1,-1
149,17,340.89,218.53,7.11,16.90,0.87,1,-1,-1
150,1,425.69,214.53,12.75,25.83,0.88,1,-1,-1
150,3,512.86,212.19,13.44,30.30,0.86,1,-1,-1
150,8,445.33,203.39,8.44,19.43,0.86,1,-1,-1
150,10,461.63,213.28,10.58,30.26,0.80,1,-1,-1
150,14,314.32,220.50,5.91,16.62,0.85,1,-1,-1
150,15,470.50,210.60,11.66,30.96,0.88,1,-1,-1
150,16,307.55,221.45,6.57,15.91,0.82,1,-1,-1
150,17,340.85,218.45,6.96,16.26,0.85,1,-1,-1
151,1,423.92,214.09,12.18,25.80,0.87,1,-1,-1
151,3,511.54,216.08,13.09,26.68,0.83,1,-1,-1
151,8,445.32,203.23,8.10,19.45,0.85,1,-1,-1
151,10,459.80,213.21,10.47,29.55,0.77,1,-1,-1
151,14,314.61,220.25,5.71,16.57,0.84,1,-1,-1
151,15,468.55,210.74,11.26,31.40,0.85,1,-1,-1
151,16,307.72,221.27,6.52,15.88,0.82,1,-1,-1
151,17,340.70,218.50,6.64,15.93,0.84,1,-1,-1
152,1,423.02,214.16,11.57,25.76,0.85,1,-1,-1
152,3,510.16,213.03,13.73,29.47,0.84,1,-1,-1
152,8,444.90,202.36,8.17,18.36,0.79,1,-1,-1
152,10,458.36,213.35,10.42,29.72,0.80,1,-1,-1
152,14,314.68,220.20,5.67,16.32,0.83,1,-1,-1
152,15,467.43,211.23,10.45,30.54,0.81,1,-1,-1
152,16,307.79,221.29,6.49,15.89,0.84,1,-1,-1
152,17,340.33,218.62,6.72,15.64,0.82,1,-1,-1
153,1,422.59,214.48,11.85,24.93,0.85,1,-1,-1
153,3,508.84,217.20,13.29,25.43,0.81,1,-1,-1
153,8,444.89,201.77,8.09,18.32,0.81,1,-1,-1
153,10,457.66,213.34,10.45,30.44,0.84,1,-1,-1
153,14,314.81,220.40,5.60,16.19,0.83,1,-1,-1
153,15,466.76,211.58,11.03,29.96,0.83,1,-1,-1
153,16,307.80,221.40,6.44,15.63,0.84,1,-1,-1
153,17,339.81,218.58,6.90,15.46,0.83,1,-1,-1
154,1,421.71,214.70,11.52,25.79,0.89,1,-1,-1
154,3,506.11,212.56,15.07,31.02,0.86,1,-1,-1
154,8,444.24,200.99,8.44,19.42,0.83,1,-1,-1
154,10,455.92,213.61,10.91,30.10,0.88,1,-1,-1
154,14,314.80,220.45,5.61,16.26,0.83,1,-1,-1
154,15,465.71,211.01,12.41,30.64,0.83,1,-1,-1
154,16,307.88,221.50,6.67,15.56,0.84,1,-1,-1
154,17,339.46,218.53,6.90,15.60,0.84,1,-1,-1
155,1,420.04,214.75,11.79,24.23,0.88,1,-1,-1
155,3,505.57,212.22,15.92,30.68,0.87,1,-1,-1
155,8,444.15,200.99,8.55,18.85,0.85,1,-1,-1
155,10,454.16,213.26,11.51,28.92,0.87,1,-1,-1
155,14,314.79,220.42,5.60,16.43,0.83,1,-1,-1
155,15,464.34,210.31,11.82,30.34,0.73,1,-1,-1
155,16,307.86,221.67,6.66,15.52,0.83,1,-1,-1
155,17,339.01,218.38,7.06,15.99,0.86,1,-1,-1
156,1,418.23,214.40,11.51,23.95,0.87,1,-1,-1
156,3,503.25,212.96,16.97,29.42,0.87,1,-1,-1
156,8,444.06,200.78,8.57,18.63,0.79,1,-1,-1
156,10,452.16,213.69,10.62,28.00,0.81,1,-1,-1
156,14,314.80,220.38,5.55,16.42,0.84,1,-1,-1
156,15,462.31,210.75,9.32,30.24,0.77,1,-1,-1
156,16,308.10,221.58,6.46,15.52,0.82,1,-1,-1
156,17,338.94,218.66,6.54,15.32,0.86,1,-1,-1
157,1,417.68,214.30,11.30,24.55,0.87,1,-1,-1
157,3,503.00,213.28,16.36,28.42,0.87,1,-1,-1
157,8,443.89,199.90,8.81,18.12,0.77,1,-1,-1
157,10,451.43,213.94,8.74,28.08,0.81,1,-1,-1
157,14,314.83,220.38,5.65,15.77,0.83,1,-1,-1
157,15,461.10,211.26,9.68,29.76,0.77,1,-1,-1
157,16,308.66,221.61,6.05,15.42,0.80,1,-1,-1
157,17,338.73,218.78,6.62,15.27,0.86,1,-1,-1
158,1,415.97,214.71,12.28,25.25,0.89,1,-1,-1
158,3,500.82,212.61,16.43,28.92,0.87,1,-1,-1
158,6,468.11,213.17,9.20,24.38,0.64,1,-1,-1
158,8,443.73,199.19,8.82,18.82,0.81,1,-1,-1
158,10,450.64,212.54,8.97,29.85,0.82,1,-1,-1
158,14,315.21,220.44,5.72,15.34,0.82,1,-1,-1
158,15,459.71,211.48,11.12,29.74,0.84,1,-1,-1
158,16,308.77,221.50,6.40,15.41,0.80,1,-1,-1
158,17,338.45,218.46,6.72,16.64,0.87,1,-1,-1
159,1,415.10,214.90,11.71,24.83,0.88,1,-1,-1
159,3,500.76,212.17,14.92,28.19,0.84,1,-1,-1
159,6,468.17,213.83,9.38,22.63,0.76,1,-1,-1
159,8,443.54,199.03,8.87,18.10,0.79,1,-1,-1
159,10,449.07,211.95,9.94,30.41,0.81,1,-1,-1
159,14,315.33,220.56,5.78,15.48,0.82,1,-1,-1
159,15,458.39,211.45,11.90,29.49,0.85,1,-1,-1
159,16,308.88,221.65,6.28,15.10,0.81,1,-1,-1
159,17,338.08,218.16,6.87,16.32,0.85,1,-1,-1
160,1,414.12,215.06,11.64,24.81,0.87,1,-1,-1
160,3,500.63,211.99,12.47,29.48,0.89,1,-1,-1
160,6,467.86,213.41,9.83,23.46,0.78,1,-1,-1
160,8,443.19,199.21,9.05,19.60,0.75,1,-1,-1
160,10,447.92,213.07,9.33,27.21,0.77,1,-1,-1
160,14,315.82,220.65,5.39,16.06,0.83,1,-1,-1
160,15,457.36,211.40,11.76,29.49,0.85,1,-1,-1
160,16,309.52,221.62,6.09,15.62,0.80,1,-1,-1
160,17,337.89,218.50,6.46,15.81,0.83,1,-1,-1
161,1,412.97,214.94,10.78,24.26,0.86,1,-1,-1
161,3,499.18,212.74,12.20,28.68,0.88,1,-1,-1
161,6,467.92,213.34,9.84,23.39,0.85,1,-1,-1
161,8,442.40,198.36,9.25,20.32,0.79,1,-1,-1
161,10,445.67,212.71,8.90,29.84,0.66,1,-1,-1
161,14,315.84,220.45,6.03,15.91,0.83,1,-1,-1
161,15,455.46,211.11,9.91,29.87,0.80,1,-1,-1
161,16,309.78,221.52,6.27,15.23,0.81,1,-1,-1
161,17,337.12,218.49,6.77,16.07,0.81,1,-1,-1
162,1,411.45,215.04,10.67,24.21,0.86,1,-1,-1
162,3,497.43,213.45,11.83,28.02,0.88,1,-1,-1
162,6,469.23,212.69,9.51,23.32,0.77,1,-1,-1
162,8,442.09,196.87,9.30,21.55,0.83,1,-1,-1
162,10,441.90,208.05,11.65,34.53,0.85,1,-1,-1
162,14,316.60,220.44,5.55,15.83,0.84,1,-1,-1
162,15,454.15,211.56,10.32,29.54,0.83,1,-1,-1
162,16,309.86,221.51,6.40,15.42,0.82,1,-1,-1
162,17,336.40,218.43,6.89,16.21,0.84,1,-1,-1
163,1,410.09,215.40,11.17,24.79,0.85,1,-1,-1
163,3,496.50,213.02,12.41,28.21,0.87,1,-1,-1
163,6,469.70,212.89,9.89,23.15,0.80,1,-1,-1
163,8,442.31,196.70,8.74,19.14,0.81,1,-1,-1
163,10,441.17,207.36,11.79,35.48,0.85,1,-1,-1
163,14,316.76,220.47,5.52,15.66,0.84,1,-1,-1
163,15,453.67,211.96,10.47,29.04,0.87,1,-1,-1
163,16,309.99,221.65,6.34,14.88,0.83,1,-1,-1
163,17,335.89,218.32,6.60,16.06,0.84,1,-1,-1
164,1,409.15,215.63,11.31,24.84,0.84,1,-1,-1
164,3,496.04,212.59,13.49,28.99,0.85,1,-1,-1
164,6,469.66,213.78,10.42,22.81,0.79,1,-1,-1
164,8,442.28,196.75,8.58,19.19,0.84,1,-1,-1
164,10,439.78,213.84,11.91,28.42,0.80,1,-1,-1
164,14,317.01,220.47,5.43,15.69,0.81,1,-1,-1
164,15,452.50,211.80,10.48,28.78,0.85,1,-1,-1
164,16,310.05,221.62,6.46,14.97,0.82,1,-1,-1
164,17,335.80,218.35,6.29,15.57,0.83,1,-1,-1
165,1,408.83,215.75,9.84,24.93,0.82,1,-1,-1
165,3,494.87,212.20,14.86,29.30,0.80,1,-1,-1
165,6,470.90,215.18,10.10,21.79,0.83,1,-1,-1
165,8,442.15,196.55,8.59,19.20,0.84,1,-1,-1
165,10,437.96,214.44,9.01,29.29,0.78,1,-1,-1
165,14,317.15,220.35,5.95,17.18,0.83,1,-1,-1
165,15,451.08,211.35,9.70,29.21,0.79,1,-1,-1
165,16,310.27,221.47,6.80,15.82,0.80,1,-1,-1
165,17,335.72,218.62,5.65,15.16,0.81,1,-1,-1
166,1,408.16,216.86,8.94,24.29,0.81,1,-1,-1
166,3,494.10,212.41,15.00,29.42,0.79,1,-1,-1
166,6,472.47,213.15,9.97,22.37,0.77,1,-1,-1
166,8,442.12,196.31,8.35,18.50,0.76,1,-1,-1
166,10,437.00,214.64,8.44,27.67,0.84,1,-1,-1
166,14,317.44,220.20,5.80,17.74,0.83,1,-1,-1
166,15,450.05,211.37,9.78,26.47,0.83,1,-1,-1
166,16,310.75,221.46,6.56,15.92,0.81,1,-1,-1
166,17,335.45,218.82,5.63,15.69,0.78,1,-1,-1
167,1,405.69,215.16,10.67,27.41,0.85,1,-1,-1
167,3,493.92,212.96,14.18,27.63,0.85,1,-1,-1
167,6,475.65,214.99,7.63,17.70,0.60,1,-1,-1
167,8,441.78,195.30,8.67,18.90,0.72,1,-1,-1
167,10,435.73,215.05,8.54,28.01,0.82,1,-1,-1
167,14,317.78,220.17,5.85,16.88,0.82,1,-1,-1
167,15,448.04,211.76,10.39,27.11,0.85,1,-1,-1
167,16,311.11,221.49,6.35,15.37,0.81,1,-1,-1
167,17,334.55,218.51,6.14,17.80,0.75,1,-1,-1
168,1,404.17,215.77,11.85,24.58,0.84,1,-1,-1
168,3,491.87,212.31,15.09,27.91,0.88,1,-1,-1
168,6,476.53,218.24,7.57,14.66,0.42,1,-1,-1
168,8,441.33,195.09,9.20,20.22,0.78,1,-1,-1
168,10,434.02,215.16,9.44,25.36,0.84,1,-1,-1
168,14,318.12,220.43,6.02,15.85,0.84,1,-1,-1
168,15,445.74,212.37,12.00,28.21,0.90,1,-1,-1
168,16,311.56,221.63,6.30,15.56,0.81,1,-1,-1
168,17,333.94,219.07,5.97,14.77,0.47,1,-1,-1
169,1,402.78,216.33,12.78,24.71,0.84,1,-1,-1
169,3,491.39,212.18,12.81,26.31,0.88,1,-1,-1
169,6,476.32,215.35,9.65,17.51,0.72,1,-1,-1
169,8,441.21,195.02,8.89,21.70,0.80,1,-1,-1
169,10,432.83,214.49,9.82,27.05,0.86,1,-1,-1
169,14,318.81,220.49,5.48,15.37,0.81,1,-1,-1
169,15,445.35,212.38,12.04,28.01,0.89,1,-1,-1
169,16,311.92,221.64,6.18,15.08,0.81,1,-1,-1
169,17,332.92,219.97,6.25,14.73,0.44,1,-1,-1
170,1,401.31,216.57,11.94,24.24,0.79,1,-1,-1
170,3,490.05,212.09,12.70,28.02,0.86,1,-1,-1
170,6,478.73,214.74,9.35,17.50,0.48,1,-1,-1
170,8,440.70,193.94,8.95,22.27,0.81,1,-1,-1
170,10,431.05,214.04,9.74,28.63,0.83,1,-1,-1
170,14,319.28,220.19,5.92,16.40,0.82,1,-1,-1
170,15,443.55,212.25,11.53,26.39,0.84,1,-1,-1
170,16,312.08,221.36,6.32,15.50,0.82,1,-1,-1
170,17,331.43,219.01,4.35,14.32,0.66,1,-1,-1
171,1,400.15,215.69,10.79,24.47,0.79,1,-1,-1
171,3,489.23,212.65,11.71,27.31,0.85,1,-1,-1
171,6,480.96,215.42,8.12,15.77,0.60,1,-1,-1
171,8,440.50,193.80,8.79,20.55,0.82,1,-1,-1
171,10,429.16,214.70,10.74,27.59,0.89,1,-1,-1
171,14,319.56,219.94,5.91,17.03,0.83,1,-1,-1
171,15,442.45,211.73,8.90,27.49,0.82,1,-1,-1
171,16,312.42,221.25,6.50,16.22,0.84,1,-1,-1
171,17,330.82,219.05,4.74,14.09,0.74,1,-1,-1
172,1,399.66,215.63,10.26,24.55,0.83,1,-1,-1
172,3,485.01,212.91,15.30,27.15,0.81,1,-1,-1
172,6,483.02,215.30,7.95,15.80,0.22,1,-1,-1
172,8,440.23,193.72,8.76,19.85,0.78,1,-1,-1
172,10,428.60,213.88,10.60,27.23,0.86,1,-1,-1
172,14,319.88,220.05,5.90,16.50,0.83,1,-1,-1
172,15,441.54,211.72,7.52,26.17,0.83,1,-1,-1
172,16,312.73,221.35,6.50,15.79,0.85,1,-1,-1
172,17,330.36,218.75,5.11,14.65,0.72,1,-1,-1
173,1,398.62,216.01,10.06,23.52,0.84,1,-1,-1
173,3,485.76,211.06,12.87,28.97,0.85,1,-1,-1
173,6,484.56,214.92,7.01,16.66,0.33,1,-1,-1
173,8,440.12,193.70,8.74,17.83,0.81,1,-1,-1
173,10,427.45,214.86,9.49,26.03,0.85,1,-1,-1
173,14,320.08,220.22,5.95,16.07,0.84,1,-1,-1
173,15,439.67,211.63,9.12,28.85,0.84,1,-1,-1
173,16,312.87,221.37,6.49,15.74,0.85,1,-1,-1
173,17,329.66,218.79,5.45,15.16,0.78,1,-1,-1
174,1,398.28,216.14,10.13,24.55,0.84,1,-1,-1
174,3,485.82,211.82,12.35,28.37,0.87,1,-1,-1
174,8,439.93,193.62,8.49,17.80,0.81,1,-1,-1
174,10,426.46,214.31,8.91,26.32,0.82,1,-1,-1
174,14,320.22,220.28,5.87,15.86,0.83,1,-1,-1
174,15,438.88,211.90,9.82,28.36,0.87,1,-1,-1
174,16,312.95,221.41,6.53,15.36,0.83,1,-1,-1
174,17,329.35,219.02,5.68,14.98,0.81,1,-1,-1
175,1,396.58,215.74,10.82,23.57,0.86,1,-1,-1
175,3,485.27,211.66,12.59,28.19,0.83,1,-1,-1
175,8,439.07,192.20,8.55,17.95,0.78,1,-1,-1
175,10,424.71,214.62,8.57,25.63,0.81,1,-1,-1
175,14,320.51,219.86,5.82,17.25,0.82,1,-1,-1
175,15,436.25,211.88,7.94,27.12,0.83,1,-1,-1
175,16,313.61,221.24,6.51,15.60,0.81,1,-1,-1
175,17,328.68,218.99,5.93,15.67,0.83,1,-1,-1
176,1,395.48,215.50,10.67,23.70,0.85,1,-1,-1
176,3,484.08,212.88,12.50,27.12,0.82,1,-1,-1
176,8,438.94,191.37,8.57,18.50,0.84,1,-1,-1
176,10,423.51,215.16,8.30,26.09,0.84,1,-1,-1
176,14,320.70,219.70,5.81,17.39,0.82,1,-1,-1
176,15,434.83,211.52,8.05,27.78,0.83,1,-1,-1
176,16,314.04,221.35,6.60,16.29,0.80,1,-1,-1
176,17,327.69,218.80,5.99,15.43,0.77,1,-1,-1
177,1,394.90,215.68,10.31,24.01,0.87,1,-1,-1
177,3,483.56,212.93,10.78,26.47,0.82,1,-1,-1
177,8,438.13,191.61,9.08,18.34,0.78,1,-1,-1
177,10,422.26,215.24,8.43,25.40,0.82,1,-1,-1
177,14,320.82,219.93,6.01,16.87,0.80,1,-1,-1
177,15,433.56,211.47,8.77,27.45,0.86,1,-1,-1
177,16,314.66,221.57,6.35,15.91,0.80,1,-1,-1
177,17,327.43,218.91,5.86,15.24,0.77,1,-1,-1
178,1,394.13,216.26,10.51,23.38,0.88,1,-1,-1
178,3,483.02,212.12,12.65,25.77,0.77,1,-1,-1
178,8,437.84,191.36,8.79,18.23,0.82,1,-1,-1
178,10,421.22,214.56,8.81,26.11,0.81,1,-1,-1
178,14,321.55,220.13,5.46,16.65,0.77,1,-1,-1
178,15,431.38,212.38,10.92,27.91,0.87,1,-1,-1
178,16,315.00,221.53,6.20,15.36,0.81,1,-1,-1
178,17,326.80,219.21,6.04,15.60,0.79,1,-1,-1
179,1,392.82,216.54,10.36,22.97,0.89,1,-1,-1
179,3,481.67,211.73,11.12,26.81,0.80,1,-1,-1
179,8,437.30,190.10,8.52,18.21,0.82,1,-1,-1
179,10,419.72,214.66,9.95,26.80,0.84,1,-1,-1
179,14,322.09,220.28,5.27,15.94,0.71,1,-1,-1
179,15,429.78,212.58,11.62,27.00,0.87,1,-1,-1
179,16,315.62,221.23,6.34,15.98,0.81,1,-1,-1
179,17,326.18,219.13,6.23,16.07,0.68,1,-1,-1
180,1,391.80,216.16,10.72,23.23,0.85,1,-1,-1
180,3,480.84,212.23,10.96,26.48,0.86,1,-1,-1
180,8,436.70,188.61,9.39,19.69,0.81,1,-1,-1
180,10,418.21,215.43,10.52,27.86,0.83,1,-1,-1
180,14,322.63,220.03,6.25,16.64,0.77,1,-1,-1
180,15,428.65,212.46,10.68,25.73,0.86,1,-1,-1
180,16,315.81,221.10,6.46,16.40,0.82,1,-1,-1
180,17,326.07,219.27,5.68,15.36,0.23,1,-1,-1
181,1,391.67,215.99,10.46,23.93,0.84,1,-1,-1
181,3,480.46,212.30,11.50,26.52,0.85,1,-1,-1
181,8,436.87,188.26,9.29,20.11,0.82,1,-1,-1
181,10,417.65,215.12,10.73,26.84,0.85,1,-1,-1
181,14,322.66,219.95,6.37,16.97,0.79,1,-1,-1
181,15,427.93,212.13,9.90,26.16,0.85,1,-1,-1
181,16,315.89,221.16,6.41,16.01,0.82,1,-1,-1
182,1,391.23,216.39,10.00,22.98,0.85,1,-1,-1
182,3,478.30,212.56,11.65,26.00,0.86,1,-1,-1
182,8,436.56,188.62,9.02,19.58,0.81,1,-1,-1
182,10,416.22,215.54,9.94,25.32,0.81,1,-1,-1
182,14,322.81,219.87,6.58,16.96,0.81,1,-1,-1
182,15,426.27,212.29,7.43,26.11,0.78,1,-1,-1
182,16,316.30,221.47,6.54,16.20,0.82,1,-1,-1
183,1,390.76,216.61,10.05,22.93,0.86,1,-1,-1
183,3,478.01,212.24,11.41,26.34,0.91,1,-1,-1
183,8,436.67,189.24,8.30,18.62,0.82,1,-1,-1
183,10,415.77,215.14,9.07,26.36,0.81,1,-1,-1
183,14,322.99,219.86,6.56,17.25,0.82,1,-1,-1
183,15,425.03,212.37,8.30,27.57,0.79,1,-1,-1
183,16,316.47,221.47,6.61,15.93,0.81,1,-1,-1
184,1,390.19,216.52,10.37,22.18,0.86,1,-1,-1
184,3,477.10,211.80,13.03,27.00,0.90,1,-1,-1
184,8,436.05,187.92,8.98,18.06,0.80,1,-1,-1
184,10,414.63,215.31,8.11,25.51,0.79,1,-1,-1
184,14,323.28,219.87,5.99,17.09,0.83,1,-1,-1
184,15,423.96,212.57,9.78,27.58,0.86,1,-1,-1
184,16,316.83,221.25,6.67,16.25,0.81,1,-1,-1
185,1,389.85,216.53,10.20,21.33,0.87,1,-1,-1
185,3,476.73,212.34,13.63,26.53,0.88,1,-1,-1
185,8,435.94,188.08,8.31,17.97,0.81,1,-1,-1
185,10,413.82,216.22,8.35,25.39,0.86,1,-1,-1
185,14,323.14,219.84,6.27,18.28,0.84,1,-1,-1
185,15,422.96,212.48,9.05,27.78,0.83,1,-1,-1
185,16,317.41,221.42,6.12,15.51,0.81,1,-1,-1
186,1,389.08,216.50,10.67,22.47,0.85,1,-1,-1
186,3,475.41,212.34,14.25,26.34,0.82,1,-1,-1
186,8,435.52,187.93,8.43,18.24,0.82,1,-1,-1
186,10,412.10,215.96,9.12,24.66,0.81,1,-1,-1
186,14,323.49,219.67,6.13,17.49,0.79,1,-1,-1
186,15,421.44,212.30,7.95,26.15,0.76,1,-1,-1
186,16,317.88,221.42,5.98,14.78,0.79,1,-1,-1
187,1,388.68,216.37,9.90,22.85,0.87,1,-1,-1
187,3,475.38,212.70,13.85,25.47,0.87,1,-1,-1
187,8,434.96,188.05,8.93,18.06,0.81,1,-1,-1
187,10,410.97,214.79,9.16,26.47,0.84,1,-1,-1
187,14,324.59,219.95,5.76,16.39,0.78,1,-1,-1
187,15,420.44,212.13,8.29,25.27,0.82,1,-1,-1
187,16,318.04,221.56,6.51,15.30,0.78,1,-1,-1
188,1,388.10,216.87,10.32,22.60,0.87,1,-1,-1
188,3,474.15,212.02,14.01,25.08,0.86,1,-1,-1
188,8,434.41,187.66,9.08,17.68,0.81,1,-1,-1
188,10,409.51,214.88,9.50,27.22,0.86,1,-1,-1
188,14,325.13,220.07,5.71,16.54,0.81,1,-1,-1
188,15,418.71,212.42,10.10,26.40,0.83,1,-1,-1
188,16,318.20,221.68,6.80,16.07,0.80,1,-1,-1
189,1,387.14,216.68,10.60,22.90,0.86,1,-1,-1
189,3,473.51,211.94,12.26,24.84,0.84,1,-1,-1
189,8,434.34,187.00,8.89,18.26,0.79,1,-1,-1
189,10,408.13,215.23,10.15,26.66,0.84,1,-1,-1
189,14,325.54,219.96,5.78,16.15,0.81,1,-1,-1
189,15,417.14,212.76,11.01,26.93,0.84,1,-1,-1
189,16,318.70,221.50,6.65,15.59,0.80,1,-1,-1
190,1,386.59,216.64,10.19,21.86,0.88,1,-1,-1
190,3,473.24,211.95,11.49,25.43,0.88,1,-1,-1
190,8,433.80,186.41,9.04,18.86,0.81,1,-1,-1
190,10,407.09,215.98,11.20,27.22,0.85,1,-1,-1
190,14,325.63,219.76,6.42,16.55,0.84,1,-1,-1
190,15,416.02,213.01,11.97,26.72,0.85,1,-1,-1
190,16,318.75,221.46,6.65,15.66,0.81,1,-1,-1
191,1,385.89,216.54,10.37,21.72,0.87,1,-1,-1
191,3,472.30,211.87,11.90,25.56,0.90,1,-1,-1
191,8,433.60,186.70,8.78,18.29,0.83,1,-1,-1
191,10,405.49,215.89,9.63,25.05,0.86,1,-1,-1
191,14,326.49,219.68,5.86,16.33,0.82,1,-1,-1
191,15,414.80,212.76,11.05,27.01,0.87,1,-1,-1
191,16,318.90,221.42,6.78,15.72,0.82,1,-1,-1
192,1,385.57,216.57,10.33,21.51,0.87,1,-1,-1
192,3,471.54,212.43,11.33,24.75,0.88,1,-1,-1
192,8,433.43,186.83,8.79,18.80,0.83,1,-1,-1
192,10,404.73,215.82,8.75,26.09,0.85,1,-1,-1
192,14,326.76,219.58,5.99,16.70,0.82,1,-1,-1
192,15,413.44,212.40,10.57,27.06,0.86,1,-1,-1
192,16,318.96,221.29,6.94,15.87,0.81,1,-1,-1
193,1,385.12,216.66,10.45,21.63,0.87,1,-1,-1
193,3,470.62,211.99,11.56,25.71,0.88,1,-1,-1
193,8,433.39,186.96,8.81,18.16,0.84,1,-1,-1
193,10,403.59,216.22,8.09,24.17,0.84,1,-1,-1
193,14,327.11,219.85,6.02,16.85,0.82,1,-1,-1
193,15,412.21,212.79,7.64,26.31,0.85,1,-1,-1
193,16,319.47,219.67,6.81,17.67,0.77,1,-1,-1
194,1,384.88,216.88,10.27,21.02,0.87,1,-1,-1
194,3,470.12,211.52,13.14,26.04,0.88,1,-1,-1
194,8,433.31,186.77,8.78,17.34,0.82,1,-1,-1
194,10,401.49,216.26,9.39,24.98,0.82,1,-1,-1
194,14,327.31,219.92,5.98,16.53,0.83,1,-1,-1
194,15,411.00,212.92,8.53,27.38,0.84,1,-1,-1
194,16,320.05,221.01,6.37,16.70,0.74,1,-1,-1
194,17,318.82,219.40,4.75,12.09,0.62,1,-1,-1
195,1,384.70,216.84,10.14,20.67,0.88,1,-1,-1
195,3,469.07,211.64,14.16,25.94,0.87,1,-1,-1
195,8,433.54,185.47,8.78,19.75,0.80,1,-1,-1
195,10,400.68,216.30,8.26,24.60,0.83,1,-1,-1
195,14,327.44,219.66,6.18,17.74,0.81,1,-1,-1
195,15,410.04,213.56,9.36,26.62,0.88,1,-1,-1
195,16,320.91,221.44,5.70,16.03,0.77,1,-1,-1
195,17,318.67,219.59,4.45,12.87,0.66,1,-1,-1
196,1,384.48,216.74,10.13,21.19,0.88,1,-1,-1
196,3,468.22,211.86,14.56,25.45,0.88,1,-1,-1
196,8,433.88,185.41,8.95,19.64,0.80,1,-1,-1
196,10,399.15,216.31,8.92,23.76,0.84,1,-1,-1
196,14,327.69,219.78,6.43,17.08,0.83,1,-1,-1
196,15,409.12,213.78,9.89,26.20,0.87,1,-1,-1
196,16,321.31,221.83,5.62,14.81,0.78,1,-1,-1
196,17,318.50,219.77,4.27,13.41,0.71,1,-1,-1
197,1,383.94,216.65,9.93,21.66,0.87,1,-1,-1
197,3,468.21,212.14,14.07,25.28,0.88,1,-1,-1
197,8,434.54,184.80,8.59,20.22,0.83,1,-1,-1
197,10,398.39,215.82,8.96,25.50,0.87,1,-1,-1
197,14,328.11,219.80,6.27,17.32,0.82,1,-1,-1
197,15,407.83,213.26,8.92,26.62,0.83,1,-1,-1
197,16,321.77,222.32,5.56,14.54,0.78,1,-1,-1
197,17,317.86,219.58,4.64,13.57,0.72,1,-1,-1
198,1,383.43,216.71,9.95,23.11,0.86,1,-1,-1
198,3,468.14,212.14,13.40,24.64,0.89,1,-1,-1
198,8,434.72,184.84,8.92,19.12,0.80,1,-1,-1
198,10,397.49,215.76,9.76,25.76,0.85,1,-1,-1
198,14,328.61,220.06,6.01,16.92,0.82,1,-1,-1
198,15,406.52,213.39,8.29,26.89,0.82,1,-1,-1
198,16,322.07,222.09,5.65,15.02,0.77,1,-1,-1
198,17,317.67,219.58,5.06,13.55,0.78,1,-1,-1
199,1,383.01,216.87,9.55,22.85,0.85,1,-1,-1
199,3,467.90,211.56,11.37,23.76,0.84,1,-1,-1
199,8,435.49,184.76,8.57,19.08,0.79,1,-1,-1
199,10,396.25,216.97,9.48,24.65,0.86,1,-1,-1
199,14,329.03,219.93,6.17,17.43,0.82,1,-1,-1
199,15,405.33,213.65,8.44,26.80,0.83,1,-1,-1
199,16,322.51,221.78,5.79,15.49,0.77,1,-1,-1
199,17,317.45,219.37,5.51,14.04,0.79,1,-1,-1
200,1,382.05,217.20,10.02,22.90,0.83,1,-1,-1
200,3,467.97,211.62,10.64,25.19,0.87,1,-1,-1
200,8,435.98,184.88,9.15,18.98,0.82,1,-1,-1
200,10,394.79,216.57,9.63,24.20,0.82,1,-1,-1
200,14,329.42,219.77,5.89,16.96,0.83,1,-1,-1
200,15,403.49,213.73,9.79,26.18,0.81,1,-1,-1
200,16,322.62,221.80,6.00,16.05,0.81,1,-1,-1
200,17,317.12,219.50,5.52,13.32,0.83,1,-1,-1
201,1,381.38,216.77,9.99,22.31,0.83,1,-1,-1
201,3,467.48,211.39,10.54,25.77,0.84,1,-1,-1
201,8,436.97,184.52,8.67,17.63,0.83,1,-1,-1
201,10,393.81,216.54,8.25,23.91,0.84,1,-1,-1
201,14,329.52,219.71,5.80,17.26,0.81,1,-1,-1
201,15,402.52,214.07,10.37,26.30,0.85,1,-1,-1
201,16,322.84,221.56,6.20,16.37,0.82,1,-1,-1
201,17,316.94,219.44,5.37,13.49,0.82,1,-1,-1
202,1,381.05,216.60,9.84,22.28,0.81,1,-1,-1
202,3,467.12,211.37,10.66,25.64,0.87,1,-1,-1
202,8,436.93,183.76,9.50,19.12,0.72,1,-1,-1
202,10,392.99,216.19,8.75,24.73,0.85,1,-1,-1
202,14,329.81,219.92,5.56,17.72,0.81,1,-1,-1
202,15,401.29,213.87,10.98,26.67,0.84,1,-1,-1
202,16,323.08,221.98,6.25,15.73,0.80,1,-1,-1
202,17,316.67,219.45,5.48,13.61,0.83,1,-1,-1
203,1,380.66,216.66,9.48,22.61,0.81,1,-1,-1
203,3,466.74,212.09,10.50,24.13,0.84,1,-1,-1
203,8,437.36,183.42,9.34,18.35,0.82,1,-1,-1
203,10,392.50,216.80,8.28,24.06,0.85,1,-1,-1
203,14,330.21,220.01,5.18,16.96,0.80,1,-1,-1
203,15,400.80,213.56,10.47,26.83,0.83,1,-1,-1
203,16,323.52,221.91,6.20,15.88,0.78,1,-1,-1
203,17,316.32,219.45,5.73,14.04,0.82,1,-1,-1
204,1,379.74,216.78,10.04,21.44,0.80,1,-1,-1
204,3,465.89,212.58,10.21,22.83,0.81,1,-1,-1
204,8,437.86,183.07,9.59,19.04,0.79,1,-1,-1
204,10,391.95,216.94,8.30,23.66,0.83,1,-1,-1
204,14,330.42,219.88,5.13,17.09,0.79,1,-1,-1
204,15,400.10,213.75,6.87,24.89,0.80,1,-1,-1
204,16,324.01,221.75,6.47,16.18,0.78,1,-1,-1
204,17,315.89,219.30,6.08,14.36,0.81,1,-1,-1
205,1,379.17,216.95,9.86,21.10,0.77,1,-1,-1
205,3,465.70,211.80,12.01,23.72,0.79,1,-1,-1
205,8,438.56,182.76,9.44,19.26,0.81,1,-1,-1
205,10,390.62,216.92,8.80,24.10,0.81,1,-1,-1
205,14,330.78,219.96,4.73,17.79,0.80,1,-1,-1
205,15,398.94,213.92,7.56,26.85,0.80,1,-1,-1
205,16,324.42,221.85,6.34,15.89,0.73,1,-1,-1
205,17,315.87,219.43,5.63,13.62,0.80,1,-1,-1
206,1,378.84,217.08,9.94,21.14,0.77,1,-1,-1
206,3,466.51,211.46,11.89,24.05,0.82,1,-1,-1
206,8,439.53,182.33,8.74,17.33,0.77,1,-1,-1
206,10,389.87,216.96,8.63,22.47,0.82,1,-1,-1
206,14,330.66,219.95,5.08,17.72,0.80,1,-1,-1
206,15,398.41,214.48,7.21,24.89,0.76,1,-1,-1
206,16,324.97,222.04,6.74,16.11,0.76,1,-1,-1
206,17,315.51,219.68,5.63,13.87,0.82,1,-1,-1
207,1,377.97,216.64,9.80,21.96,0.76,1,-1,-1
207,3,466.78,212.00,11.50,23.58,0.80,1,-1,-1
207,8,439.93,182.04,8.00,18.93,0.77,1,-1,-1
207,10,389.05,216.90,8.46,22.72,0.84,1,-1,-1
207,14,331.02,220.83,4.69,15.88,0.70,1,-1,-1
207,15,397.67,214.65,7.86,25.10,0.85,1,-1,-1
207,16,325.77,222.11,6.54,16.01,0.77,1,-1,-1
207,17,315.05,219.38,6.01,13.84,0.83,1,-1,-1
208,1,377.87,216.59,9.31,21.29,0.69,1,-1,-1
208,3,466.92,212.17,11.22,23.27,0.81,1,-1,-1
208,8,440.24,181.78,7.70,19.03,0.77,1,-1,-1
208,10,388.58,217.12,8.62,22.51,0.85,1,-1,-1
208,14,331.40,221.60,4.79,15.53,0.68,1,-1,-1
208,15,397.11,214.61,7.54,25.30,0.84,1,-1,-1
208,16,326.05,222.15,6.34,15.68,0.78,1,-1,-1
208,17,314.86,219.33,6.11,13.79,0.83,1,-1,-1
209,1,377.52,219.93,7.65,19.20,0.75,1,-1,-1
209,3,467.01,212.32,10.90,22.84,0.80,1,-1,-1
209,8,441.34,181.29,6.82,18.27,0.74,1,-1,-1
209,10,387.29,217.75,9.21,23.34,0.85,1,-1,-1
209,14,331.78,221.50,4.69,16.08,0.49,1,-1,-1
209,15,396.37,214.13,8.31,25.72,0.83,1,-1,-1
209,16,326.96,221.75,6.02,15.68,0.75,1,-1,-1
209,17,314.65,219.25,5.91,14.25,0.84,1,-1,-1
210,1,376.22,216.48,9.09,22.24,0.71,1,-1,-1
210,3,466.94,212.09,8.95,23.15,0.76,1,-1,-1
210,8,442.06,181.10,6.47,18.98,0.73,1,-1,-1
210,10,386.34,217.16,8.72,23.61,0.81,1,-1,-1
210,14,332.75,220.11,6.29,17.51,0.64,1,-1,-1
210,15,395.20,214.38,8.67,24.36,0.82,1,-1,-1
210,16,327.72,221.53,6.01,16.27,0.79,1,-1,-1
210,17,314.31,219.39,5.93,13.91,0.85,1,-1,-1
211,1,376.09,218.74,8.06,20.03,0.66,1,-1,-1
211,3,467.28,212.93,8.43,22.40,0.67,1,-1,-1
211,8,442.33,181.35,6.06,18.17,0.69,1,-1,-1
211,10,385.68,217.29,8.31,24.50,0.84,1,-1,-1
211,14,334.62,219.80,5.06,16.90,0.72,1,-1,-1
211,15,394.84,214.79,8.12,24.16,0.82,1,-1,-1
211,16,328.02,221.54,6.53,15.27,0.79,1,-1,-1
211,17,314.07,219.57,5.86,13.62,0.84,1,-1,-1
212,1,375.39,217.73,8.16,20.62,0.78,1,-1,-1
212,3,464.17,212.26,10.96,23.37,0.68,1,-1,-1
212,8,442.59,180.29,6.62,18.26,0.78,1,-1,-1
212,10,384.74,217.52,8.43,25.18,0.84,1,-1,-1
212,14,335.26,219.91,5.08,17.36,0.80,1,-1,-1
212,15,394.11,215.40,7.97,23.79,0.81,1,-1,-1
212,16,328.61,221.50,6.29,16.03,0.81,1,-1,-1
212,17,313.91,219.58,5.72,13.60,0.84,1,-1,-1
213,1,374.70,218.37,7.20,20.10,0.80,1,-1,-1
213,3,463.32,212.51,11.59,23.36,0.68,1,-1,-1
213,8,442.80,179.24,6.84,18.52,0.72,1,-1,-1
213,10,384.08,217.59,8.48,24.17,0.84,1,-1,-1
213,14,335.27,219.83,5.41,17.87,0.81,1,-1,-1
213,15,393.38,215.37,8.25,23.99,0.82,1,-1,-1
213,16,329.17,221.35,6.08,16.61,0.74,1,-1,-1
213,17,313.66,219.37,5.79,13.53,0.83,1,-1,-1
214,1,373.83,216.96,8.04,21.66,0.79,1,-1,-1
214,3,463.20,212.11,12.27,23.62,0.38,1,-1,-1
214,8,443.73,179.00,6.06,14.78,0.50,1,-1,-1
214,10,383.53,217.63,8.34,23.82,0.85,1,-1,-1
214,14,335.61,219.88,5.49,17.83,0.83,1,-1,-1
214,15,392.61,214.57,8.46,24.35,0.83,1,-1,-1
214,16,329.36,221.47,6.19,16.95,0.79,1,-1,-1
214,17,313.60,219.49,5.54,14.00,0.84,1,-1,-1
215,1,374.05,218.61,6.36,18.90,0.81,1,-1,-1
215,3,462.09,211.61,11.30,22.21,0.30,1,-1,-1
215,10,383.32,217.18,8.00,22.37,0.82,1,-1,-1
215,14,335.82,219.53,5.59,18.06,0.82,1,-1,-1
215,15,392.08,214.52,8.19,23.91,0.81,1,-1,-1
215,16,329.70,221.45,5.85,16.65,0.79,1,-1,-1
215,17,313.06,219.60,5.69,14.33,0.82,1,-1,-1
216,1,373.17,218.54,6.76,19.92,0.77,1,-1,-1
216,3,460.96,210.94,11.78,23.78,0.45,1,-1,-1
216,10,382.84,217.43,8.08,23.56,0.84,1,-1,-1
216,14,336.09,219.27,6.08,18.41,0.81,1,-1,-1
216,15,391.60,214.64,8.53,24.76,0.81,1,-1,-1
216,16,330.53,221.52,5.08,16.07,0.83,1,-1,-1
216,17,312.87,219.77,5.44,13.75,0.81,1,-1,-1
217,1,372.65,218.21,6.70,19.19,0.77,1,-1,-1
217,3,459.96,211.39,12.48,23.39,0.86,1,-1,-1
217,10,382.39,217.49,8.32,24.17,0.86,1,-1,-1
217,14,336.26,219.35,7.59,17.97,0.83,1,-1,-1
217,15,391.22,215.01,8.52,24.90,0.83,1,-1,-1
217,16,331.02,221.82,4.65,14.90,0.79,1,-1,-1
217,17,312.43,219.53,5.67,13.38,0.80,1,-1,-1
218,1,372.04,217.92,7.01,21.57,0.75,1,-1,-1
218,3,459.62,211.80,12.82,23.10,0.87,1,-1,-1
218,10,381.71,217.55,8.37,24.17,0.85,1,-1,-1
218,14,336.52,219.50,7.36,18.02,0.83,1,-1,-1
218,15,390.85,215.22,8.79,25.04,0.85,1,-1,-1
218,16,331.63,222.62,4.16,14.69,0.74,1,-1,-1
218,17,311.94,219.49,6.11,13.57,0.82,1,-1,-1
219,1,371.61,217.85,6.97,22.47,0.80,1,-1,-1
219,3,459.27,211.70,12.72,23.34,0.85,1,-1,-1
219,10,381.23,217.68,8.56,23.63,0.85,1,-1,-1
219,14,337.06,219.69,7.11,17.64,0.81,1,-1,-1
219,15,390.68,214.86,9.02,23.96,0.84,1,-1,-1
219,16,332.28,221.95,4.79,15.16,0.54,1,-1,-1
219,17,311.72,219.55,6.12,13.54,0.82,1,-1,-1
220,1,370.83,218.46,7.34,18.98,0.83,1,-1,-1
220,3,458.31,208.68,12.87,26.60,0.81,1,-1,-1
220,10,380.24,217.38,8.50,23.92,0.85,1,-1,-1
220,14,338.35,219.05,6.65,18.21,0.82,1,-1,-1
220,15,390.44,214.80,8.94,24.16,0.86,1,-1,-1
220,16,332.97,221.23,5.67,12.41,0.61,1,-1,-1
220,17,311.53,219.77,5.61,13.09,0.81,1,-1,-1
221,1,369.99,218.31,7.93,19.42,0.85,1,-1,-1
221,3,457.62,210.62,10.59,22.85,0.77,1,-1,-1
221,10,379.79,217.26,8.31,24.68,0.86,1,-1,-1
221,14,338.87,219.10,6.45,18.80,0.82,1,-1,-1
221,15,390.08,214.75,8.94,24.66,0.84,1,-1,-1
221,16,333.20,221.26,6.16,16.34,0.76,1,-1,-1
221,17,311.42,219.68,5.22,12.46,0.79,1,-1,-1
222,1,369.03,218.38,8.42,18.82,0.84,1,-1,-1
222,3,456.49,211.20,9.70,23.73,0.88,1,-1,-1
222,10,379.03,217.28,8.22,24.25,0.85,1,-1,-1
222,14,339.53,218.99,6.70,19.00,0.82,1,-1,-1
222,15,389.73,215.46,8.41,26.53,0.82,1,-1,-1
222,16,335.19,221.58,4.96,15.70,0.76,1,-1,-1
222,17,310.95,219.85,4.98,12.88,0.77,1,-1,-1
223,1,367.53,218.13,7.07,19.94,0.81,1,-1,-1
223,3,455.15,211.60,10.54,23.41,0.90,1,-1,-1
223,10,378.56,217.70,7.97,23.69,0.85,1,-1,-1
223,14,340.38,219.12,6.34,20.02,0.82,1,-1,-1
223,15,388.77,215.66,8.12,23.34,0.84,1,-1,-1
223,16,335.62,221.17,5.38,16.39,0.78,1,-1,-1
223,17,310.70,219.89,4.70,12.95,0.78,1,-1,-1
224,1,367.11,218.45,6.95,19.92,0.80,1,-1,-1
224,3,454.76,211.98,10.37,22.59,0.88,1,-1,-1
224,10,378.08,217.68,8.09,22.49,0.85,1,-1,-1
224,14,341.34,221.31,5.78,17.02,0.80,1,-1,-1
224,15,388.60,215.20,7.97,23.60,0.83,1,-1,-1
224,16,335.74,220.87,5.75,16.61,0.78,1,-1,-1
224,17,310.55,220.19,4.70,13.01,0.77,1,-1,-1
225,1,366.00,218.40,7.00,18.93,0.80,1,-1,-1
225,3,453.73,211.36,9.61,22.86,0.86,1,-1,-1
225,10,377.64,217.29,8.19,24.59,0.85,1,-1,-1
225,14,341.60,219.04,6.26,19.14,0.76,1,-1,-1
225,15,387.70,214.70,8.15,23.51,0.83,1,-1,-1
225,16,336.11,220.88,6.59,16.52,0.79,1,-1,-1
225,17,310.02,220.55,4.39,12.38,0.71,1,-1,-1
226,1,365.64,218.76,6.71,18.02,0.82,1,-1,-1
226,3,453.25,211.06,11.68,23.28,0.87,1,-1,-1
226,10,377.36,217.49,7.91,23.78,0.86,1,-1,-1
226,14,342.15,219.05,6.11,18.09,0.76,1,-1,-1
226,15,387.69,214.71,7.55,22.73,0.84,1,-1,-1
226,16,336.37,221.26,6.43,16.05,0.79,1,-1,-1
226,17,309.69,220.48,4.64,12.77,0.71,1,-1,-1
227,1,364.56,218.78,6.89,17.92,0.82,1,-1,-1
227,3,452.63,211.04,12.49,23.31,0.82,1,-1,-1
227,10,376.71,217.62,8.13,23.96,0.87,1,-1,-1
227,14,343.01,221.08,5.84,16.89,0.79,1,-1,-1
227,15,387.08,215.05,7.80,23.69,0.86,1,-1,-1
227,16,337.20,220.95,6.62,16.88,0.78,1,-1,-1
227,17,309.31,220.36,4.19,12.39,0.76,1,-1,-1
228,1,363.90,218.36,7.27,18.78,0.79,1,-1,-1
228,3,451.45,212.05,10.14,22.15,0.85,1,-1,-1
228,10,375.85,218.03,7.90,22.83,0.85,1,-1,-1
228,14,343.51,220.60,6.04,17.30,0.78,1,-1,-1
228,15,386.69,215.13,7.77,23.92,0.85,1,-1,-1
228,16,337.85,220.59,6.37,16.43,0.82,1,-1,-1
228,17,308.93,220.23,4.38,12.66,0.80,1,-1,-1
229,1,363.42,218.65,7.03,19.11,0.79,1,-1,-1
229,3,451.29,211.76,12.31,22.03,0.88,1,-1,-1
229,10,375.02,217.65,8.25,22.99,0.86,1,-1,-1
229,14,343.86,220.31,6.26,17.89,0.81,1,-1,-1
229,15,386.37,214.81,7.63,24.06,0.84,1,-1,-1
229,16,338.18,220.51,6.40,17.05,0.79,1,-1,-1
229,17,308.66,220.40,4.11,12.48,0.76,1,-1,-1
230,1,362.44,218.94,7.36,18.82,0.82,1,-1,-1
230,3,450.54,211.83,10.41,20.97,0.37,1,-1,-1
230,10,374.49,217.52,7.99,23.79,0.85,1,-1,-1
230,14,344.59,220.15,5.84,16.68,0.80,1,-1,-1
230,15,385.90,214.66,7.64,23.52,0.76,1,-1,-1
230,16,339.02,220.70,6.14,15.84,0.80,1,-1,-1
230,17,308.41,220.19,4.17,12.63,0.68,1,-1,-1
231,1,362.03,219.18,7.22,18.02,0.82,1,-1,-1
231,10,374.17,217.74,7.91,23.92,0.84,1,-1,-1
231,14,344.67,220.21,6.08,16.95,0.80,1,-1,-1
231,15,385.44,215.12,7.75,23.35,0.85,1,-1,-1
231,16,339.08,220.61,6.38,16.28,0.78,1,-1,-1
231,17,308.23,220.04,4.42,13.32,0.72,1,-1,-1
232,1,361.76,218.96,7.04,18.27,0.81,1,-1,-1
232,10,373.98,217.88,7.86,23.47,0.84,1,-1,-1
232,14,344.99,220.09,6.11,17.02,0.79,1,-1,-1
232,15,384.99,215.63,7.82,23.26,0.83,1,-1,-1
232,16,339.36,220.84,6.38,16.31,0.77,1,-1,-1
232,17,308.01,220.10,4.43,12.97,0.77,1,-1,-1
233,1,361.51,218.45,7.08,20.00,0.82,1,-1,-1
233,10,373.58,217.61,8.20,21.32,0.81,1,-1,-1
233,14,345.53,220.35,5.91,16.57,0.76,1,-1,-1
233,15,384.01,215.45,8.14,22.53,0.80,1,-1,-1
233,16,339.66,220.53,6.58,16.17,0.79,1,-1,-1
233,17,307.65,220.29,4.74,12.77,0.79,1,-1,-1
234,1,361.62,218.63,6.84,18.90,0.83,1,-1,-1
234,10,373.34,217.65,8.14,23.76,0.82,1,-1,-1
234,14,345.96,220.26,5.83,15.89,0.78,1,-1,-1
234,15,383.24,215.13,8.48,23.26,0.79,1,-1,-1
234,16,339.98,220.73,6.64,16.15,0.80,1,-1,-1
234,17,307.27,220.23,4.84,12.76,0.78,1,-1,-1
235,1,361.61,218.78,6.70,18.84,0.82,1,-1,-1
235,10,372.82,217.74,8.29,23.16,0.85,1,-1,-1
235,14,346.60,219.91,5.96,16.98,0.80,1,-1,-1
235,15,382.69,214.72,6.88,22.05,0.76,1,-1,-1
235,16,340.38,221.39,6.42,15.55,0.79,1,-1,-1
235,17,306.76,220.30,5.32,12.48,0.79,1,-1,-1
236,1,361.73,218.92,6.44,18.13,0.81,1,-1,-1
236,10,372.25,218.03,8.20,23.75,0.81,1,-1,-1
236,14,346.60,219.54,6.29,17.64,0.79,1,-1,-1
236,16,340.91,221.25,6.18,16.68,0.81,1,-1,-1
236,17,306.73,220.13,5.51,12.66,0.81,1,-1,-1
237,1,361.74,218.33,6.48,18.51,0.80,1,-1,-1
237,14,346.81,219.13,6.55,17.91,0.80,1,-1,-1
237,16,341.06,220.92,6.78,17.47,0.79,1,-1,-1
237,17,306.61,220.16,5.53,12.86,0.82,1,-1,-1
238,14,347.56,218.96,6.20,18.12,0.81,1,-1,-1
238,16,341.19,220.62,7.12,17.40,0.79,1,-1,-1
238,17,306.49,220.05,5.48,12.66,0.82,1,-1,-1
239,14,347.80,218.88,6.21,18.48,0.82,1,-1,-1
239,16,341.18,221.04,7.08,17.09,0.78,1,-1,-1
239,17,306.39,220.09,5.27,12.73,0.83,1,-1,-1
240,16,341.34,221.20,7.46,16.57,0.80,1,-1,-1
240,17,305.84,219.88,5.60,13.37,0.82,1,-1,-1
241,17,305.73,220.18,5.27,12.86,0.81,1,-1,-1
242,3,446.27,211.67,9.94,21.42,0.75,1,-1,-1
242,17,305.62,220.41,5.22,12.81,0.82,1,-1,-1
243,3,446.43,211.58,9.68,21.73,0.83,1,-1,-1
243,17,304.90,220.28,5.31,13.11,0.81,1,-1,-1
244,3,446.17,211.46,9.36,21.52,0.86,1,-1,-1
244,17,304.65,220.13,5.32,12.49,0.82,1,-1,-1
245,3,445.64,210.52,8.53,20.79,0.88,1,-1,-1
245,17,304.36,220.00,5.12,12.72,0.84,1,-1,-1
246,3,445.47,209.36,8.41,22.09,0.86,1,-1,-1
246,17,304.14,220.23,5.19,13.03,0.82,1,-1,-1
247,3,445.37,209.41,8.23,21.92,0.85,1,-1,-1
247,17,304.03,220.40,5.05,12.28,0.79,1,-1,-1
248,3,445.33,209.89,7.96,21.55,0.85,1,-1,-1
248,17,303.96,220.47,5.00,12.06,0.75,1,-1,-1
249,3,445.11,209.37,8.35,21.94,0.86,1,-1,-1
249,17,303.56,220.24,4.59,12.05,0.65,1,-1,-1
250,3,445.23,208.56,8.21,20.69,0.89,1,-1,-1
251,3,445.02,207.85,8.33,18.81,0.87,1,-1,-1
251,15,376.23,214.66,6.67,22.20,0.77,1,-1,-1
252,3,444.56,207.77,8.69,21.75,0.89,1,-1,-1
252,10,365.20,217.36,7.28,22.71,0.75,1,-1,-1
252,15,375.34,215.33,7.12,21.72,0.83,1,-1,-1
253,3,444.17,207.72,8.73,21.68,0.89,1,-1,-1
253,10,365.22,217.59,6.91,22.16,0.79,1,-1,-1
253,15,374.74,215.48,7.48,21.88,0.87,1,-1,-1
254,1,356.62,218.22,5.81,18.14,0.68,1,-1,-1
254,3,443.40,207.76,9.12,21.57,0.89,1,-1,-1
254,10,364.36,217.75,7.43,22.14,0.85,1,-1,-1
254,15,374.38,214.97,7.64,22.10,0.82,1,-1,-1
255,3,443.41,206.98,8.81,20.48,0.87,1,-1,-1
255,10,363.70,217.79,7.57,21.15,0.83,1,-1,-1
255,14,354.79,218.50,6.65,19.50,0.65,1,-1,-1
255,15,373.24,214.77,8.30,22.41,0.82,1,-1,-1
256,3,442.59,206.76,8.52,20.38,0.86,1,-1,-1
256,10,362.97,217.84,7.48,20.72,0.81,1,-1,-1
256,14,355.05,219.50,5.95,18.47,0.78,1,-1,-1
256,15,372.70,214.73,7.07,21.53,0.81,1,-1,-1
256,16,349.98,221.13,6.27,16.93,0.67,1,-1,-1
257,3,442.11,205.91,8.37,21.33,0.88,1,-1,-1
257,10,362.71,217.58,7.44,22.10,0.83,1,-1,-1
257,14,355.19,219.56,5.72,19.89,0.70,1,-1,-1
257,15,372.16,215.04,7.15,22.12,0.81,1,-1,-1
257,16,350.91,220.72,6.10,17.66,0.66,1,-1,-1
258,3,441.68,205.87,8.59,21.42,0.88,1,-1,-1
258,10,362.72,217.87,7.11,22.25,0.82,1,-1,-1
258,14,355.06,218.44,5.83,18.41,0.72,1,-1,-1
258,15,371.62,215.27,6.75,20.99,0.78,1,-1,-1
258,16,351.63,221.92,5.65,16.09,0.64,1,-1,-1
259,3,441.27,205.63,8.63,21.73,0.88,1,-1,-1
259,10,362.78,218.25,6.97,20.72,0.81,1,-1,-1
259,14,352.81,217.96,8.45,22.49,0.63,1,-1,-1
259,15,371.01,215.59,7.42,21.74,0.84,1,-1,-1
259,16,352.00,221.90,5.58,15.99,0.24,1,-1,-1
260,3,441.20,205.37,8.47,21.49,0.88,1,-1,-1
260,10,362.86,218.23,6.73,19.53,0.82,1,-1,-1
260,14,354.14,220.83,7.27,19.67,0.53,1,-1,-1
260,15,370.57,215.33,6.99,20.84,0.83,1,-1,-1
260,16,352.67,221.90,5.46,15.41,0.34,1,-1,-1
261,3,441.06,205.17,8.21,18.68,0.87,1,-1,-1
261,10,362.76,217.79,6.85,20.14,0.81,1,-1,-1
261,14,353.65,220.80,8.42,20.51,0.68,1,-1,-1
261,15,369.67,214.85,7.25,22.65,0.83,1,-1,-1
261,16,353.12,221.26,5.37,15.89,0.25,1,-1,-1
262,3,440.85,203.91,8.70,20.81,0.90,1,-1,-1
262,10,362.16,217.78,7.38,20.35,0.81,1,-1,-1
262,14,355.71,221.03,7.23,18.91,0.67,1,-1,-1
262,15,369.31,214.90,7.38,22.39,0.82,1,-1,-1
263,1,351.92,218.36,5.02,17.10,0.74,1,-1,-1
263,3,440.35,203.66,9.08,21.13,0.89,1,-1,-1
263,10,362.21,217.91,6.93,19.54,0.79,1,-1,-1
263,14,356.43,221.55,6.46,16.47,0.70,1,-1,-1
263,15,368.83,215.22,7.23,21.72,0.81,1,-1,-1
264,1,350.97,218.49,5.74,18.03,0.77,1,-1,-1
264,3,439.47,203.23,9.32,21.87,0.86,1,-1,-1
264,14,356.95,219.48,7.84,20.63,0.67,1,-1,-1
264,15,367.56,215.73,7.60,20.83,0.81,1,-1,-1
265,1,350.41,218.44,5.80,17.02,0.79,1,-1,-1
265,3,439.28,202.62,8.52,19.91,0.89,1,-1,-1
265,14,357.19,218.14,8.99,21.50,0.76,1,-1,-1
265,15,366.20,215.66,8.56,21.84,0.79,1,-1,-1
266,1,349.50,218.78,6.11,17.69,0.79,1,-1,-1
266,3,438.96,202.20,8.18,20.46,0.88,1,-1,-1
266,14,357.68,218.20,8.72,22.75,0.79,1,-1,-1
266,15,365.74,215.29,7.91,21.32,0.77,1,-1,-1
267,1,348.62,218.65,6.60,17.95,0.80,1,-1,-1
267,3,438.58,201.52,8.28,21.33,0.89,1,-1,-1
267,14,358.42,220.06,8.52,20.57,0.74,1,-1,-1
267,15,365.54,217.07,6.77,21.91,0.76,1,-1,-1
268,1,347.54,218.40,6.97,17.46,0.80,1,-1,-1
268,3,438.41,201.51,8.16,21.26,0.88,1,-1,-1
268,14,358.41,219.41,8.02,21.32,0.68,1,-1,-1
268,15,364.82,218.62,6.63,21.65,0.62,1,-1,-1
269,1,347.50,218.51,6.46,16.31,0.69,1,-1,-1
269,3,438.14,201.20,8.23,21.58,0.87,1,-1,-1
269,14,358.65,219.06,7.28,18.34,0.64,1,-1,-1
269,15,364.49,219.28,6.23,18.37,0.64,1,-1,-1
270,3,438.11,200.49,8.20,20.85,0.87,1,-1,-1
270,15,364.88,219.55,5.79,14.06,0.67,1,-1,-1
271,3,438.06,199.96,8.26,18.84,0.85,1,-1,-1
272,3,437.71,199.68,8.59,21.17,0.88,1,-1,-1
273,3,436.80,199.61,9.26,21.40,0.85,1,-1,-1
274,3,436.54,199.53,9.09,21.07,0.83,1,-1,-1
275,3,436.50,198.85,8.77,21.60,0.85,1,-1,-1
276,3,436.39,198.33,8.24,20.10,0.84,1,-1,-1
277,3,435.77,197.51,8.52,21.15,0.80,1,-1,-1
278,1,341.62,219.03,5.74,16.59,0.80,1,-1,-1
278,3,435.33,197.37,8.99,21.39,0.84,1,-1,-1
279,1,341.02,218.73,6.31,16.71,0.79,1,-1,-1
279,3,435.26,197.34,9.12,21.33,0.85,1,-1,-1
279,10,353.53,218.33,5.97,14.19,0.65,1,-1,-1
280,1,340.46,218.83,6.42,17.33,0.82,1,-1,-1
280,3,435.15,197.30,9.27,21.40,0.85,1,-1,-1
280,10,353.38,218.75,6.25,18.83,0.80,1,-1,-1
281,1,340.00,219.25,6.41,17.10,0.80,1,-1,-1
281,3,434.77,196.32,9.54,19.49,0.86,1,-1,-1
281,10,352.66,218.11,6.53,18.78,0.77,1,-1,-1
281,14,373.10,218.34,7.53,20.78,0.81,1,-1,-1
281,15,357.53,217.11,6.03,20.17,0.74,1,-1,-1
281,16,363.01,219.71,8.00,21.57,0.84,1,-1,-1
282,1,339.54,219.36,6.44,16.84,0.82,1,-1,-1
282,3,434.72,195.71,9.47,20.60,0.86,1,-1,-1
282,10,352.02,218.20,6.62,18.75,0.78,1,-1,-1
282,14,373.72,218.00,7.55,22.16,0.82,1,-1,-1
282,15,356.66,215.89,6.60,21.30,0.77,1,-1,-1
282,16,363.22,220.12,8.38,21.41,0.87,1,-1,-1
283,1,339.09,219.20,6.40,16.97,0.81,1,-1,-1
283,3,434.41,195.56,9.20,19.84,0.88,1,-1,-1
283,10,351.77,218.29,6.71,19.07,0.78,1,-1,-1
283,14,374.36,217.66,7.25,21.50,0.79,1,-1,-1
283,15,356.51,215.75,6.56,19.99,0.78,1,-1,-1
283,16,363.86,220.29,8.31,21.28,0.87,1,-1,-1
284,1,338.56,219.14,6.38,16.97,0.82,1,-1,-1
284,3,434.02,195.71,9.34,21.31,0.86,1,-1,-1
284,10,351.08,218.22,6.84,19.13,0.79,1,-1,-1
284,14,373.51,215.01,8.86,25.30,0.80,1,-1,-1
284,15,356.18,215.61,6.47,19.47,0.73,1,-1,-1
284,16,364.09,219.66,8.44,21.87,0.88,1,-1,-1
285,1,338.20,219.22,6.08,16.68,0.83,1,-1,-1
285,3,433.19,195.78,9.78,20.86,0.86,1,-1,-1
285,10,350.32,218.57,7.11,18.85,0.79,1,-1,-1
285,14,375.12,218.19,7.59,21.27,0.83,1,-1,-1
285,15,355.38,216.27,6.78,19.48,0.79,1,-1,-1
285,16,364.57,219.30,8.64,22.62,0.85,1,-1,-1
286,1,338.07,219.52,5.68,15.99,0.81,1,-1,-1
286,3,432.66,194.87,9.26,21.08,0.87,1,-1,-1
286,10,349.56,218.48,6.85,18.67,0.79,1,-1,-1
286,14,375.52,218.26,7.47,21.15,0.82,1,-1,-1
286,15,354.86,216.32,7.03,19.58,0.81,1,-1,-1
286,16,364.75,219.36,8.83,22.84,0.85,1,-1,-1
287,1,337.76,219.51,5.74,15.35,0.80,1,-1,-1
287,3,432.24,194.04,9.40,20.61,0.85,1,-1,-1
287,10,349.02,218.25,6.25,18.68,0.81,1,-1,-1
287,14,375.71,217.94,7.60,22.74,0.82,1,-1,-1
287,15,354.37,216.33,6.99,19.72,0.79,1,-1,-1
287,16,364.96,219.54,8.88,22.72,0.85,1,-1,-1
288,1,337.36,219.22,5.86,17.23,0.81,1,-1,-1
288,3,431.97,193.31,8.69,21.47,0.85,1,-1,-1
288,10,348.35,218.53,6.15,18.16,0.81,1,-1,-1
288,14,375.98,217.62,7.71,23.10,0.82,1,-1,-1
288,15,353.84,216.05,7.19,20.17,0.83,1,-1,-1
288,16,365.09,219.45,9.03,22.68,0.85,1,-1,-1
289,1,337.00,219.24,6.06,16.94,0.79,1,-1,-1
289,3,431.64,193.19,9.24,21.71,0.86,1,-1,-1
289,10,347.93,218.69,6.29,18.32,0.81,1,-1,-1
289,14,376.68,217.82,8.06,21.90,0.86,1,-1,-1
289,15,353.53,215.77,7.08,20.22,0.79,1,-1,-1
289,16,365.86,219.39,8.76,22.34,0.85,1,-1,-1
290,1,336.43,219.13,6.19,17.68,0.80,1,-1,-1
290,3,431.08,193.18,9.80,21.69,0.86,1,-1,-1
290,10,347.67,218.67,6.34,18.06,0.80,1,-1,-1
290,14,377.39,218.03,7.78,22.13,0.85,1,-1,-1
290,15,352.75,216.06,6.53,19.96,0.83,1,-1,-1
290,16,366.28,220.07,8.70,21.65,0.85,1,-1,-1
291,1,335.77,219.29,6.16,16.82,0.78,1,-1,-1
291,3,430.64,193.01,10.14,21.27,0.87,1,-1,-1
291,10,346.96,218.34,6.55,19.59,0.78,1,-1,-1
291,14,377.95,217.93,7.90,21.97,0.86,1,-1,-1
291,15,352.20,216.43,6.84,20.99,0.80,1,-1,-1
291,16,366.85,220.45,8.57,21.29,0.86,1,-1,-1
292,1,335.80,219.34,5.56,14.71,0.69,1,-1,-1
292,3,430.44,192.31,9.28,20.56,0.85,1,-1,-1
292,10,346.78,218.45,6.40,19.14,0.79,1,-1,-1
292,14,378.37,217.73,7.78,21.10,0.86,1,-1,-1
292,15,351.60,216.46,6.65,20.54,0.84,1,-1,-1
292,16,367.56,220.36,8.60,22.08,0.87,1,-1,-1
293,3,430.23,191.92,9.10,20.63,0.86,1,-1,-1
293,10,346.51,218.49,6.14,16.44,0.74,1,-1,-1
293,14,378.57,217.70,7.92,21.83,0.86,1,-1,-1
293,15,351.41,216.24,6.09,18.21,0.83,1,-1,-1
293,16,367.79,219.79,8.81,21.91,0.86,1,-1,-1
294,3,428.65,191.84,9.57,20.94,0.85,1,-1,-1
294,14,378.86,218.12,8.10,21.69,0.85,1,-1,-1
294,16,368.00,219.61,9.13,20.53,0.85,1,-1,-1
295,3,428.21,191.63,9.58,21.19,0.86,1,-1,-1
295,14,379.50,218.07,7.49,17.25,0.86,1,-1,-1
295,16,369.15,219.78,7.96,13.25,0.83,1,-1,-1
296,3,427.60,191.53,10.00,20.94,0.85,1,-1,-1
296,14,379.99,217.73,7.30,10.16,0.74,1,-1,-1
297,3,427.67,191.12,9.39,20.86,0.85,1,-1,-1
298,3,427.50,190.38,9.23,20.79,0.85,1,-1,-1
299,3,427.55,190.07,9.68,20.75,0.88,1,-1,-1
299,10,343.66,219.10,6.12,15.82,0.71,1,-1,-1
300,1,331.70,219.43,6.07,16.62,0.63,1,-1,-1
300,3,427.06,190.11,10.20,20.99,0.87,1,-1,-1
300,10,343.40,218.71,5.99,17.47,0.78,1,-1,-1
300,15,347.04,216.26,7.37,19.15,0.80,1,-1,-1
300,16,370.41,220.63,7.53,11.98,0.63,1,-1,-1
