1,1,238.60,211.47,55.75,172.65,0.95,1,-1,-1
1,2,329.20,230.41,12.47,32.53,0.88,1,-1,-1
1,3,105.67,224.46,17.15,34.66,0.87,1,-1,-1
1,4,18.86,220.28,15.99,46.68,0.87,1,-1,-1
1,5,278.22,224.21,9.58,12.81,0.72,1,-1,-1
2,1,235.95,210.93,54.38,169.76,0.95,1,-1,-1
2,2,330.06,230.60,12.25,32.22,0.87,1,-1,-1
2,3,105.62,224.56,17.04,35.55,0.87,1,-1,-1
2,4,19.43,220.13,15.45,46.52,0.85,1,-1,-1
2,5,275.76,224.03,13.53,26.78,0.70,1,-1,-1
2,6,33.04,220.52,14.22,44.46,0.75,1,-1,-1
3,1,232.21,212.38,54.02,166.47,0.95,1,-1,-1
3,2,330.68,230.68,13.11,32.01,0.87,1,-1,-1
3,3,105.57,224.49,17.08,35.75,0.88,1,-1,-1
3,4,19.64,219.74,15.62,46.80,0.83,1,-1,-1
3,5,277.22,224.34,12.92,31.77,0.85,1,-1,-1
3,6,32.69,220.60,14.64,44.62,0.78,1,-1,-1
3,7,84.40,227.69,7.64,17.53,0.77,1,-1,-1
4,1,227.39,213.91,52.97,170.06,0.94,1,-1,-1
4,2,331.33,231.14,13.36,32.13,0.88,1,-1,-1
4,3,105.62,224.48,17.05,36.38,0.89,1,-1,-1
4,4,19.85,219.41,16.02,48.96,0.86,1,-1,-1
4,5,277.47,224.38,12.21,31.99,0.88,1,-1,-1
4,6,32.85,220.68,14.74,44.91,0.81,1,-1,-1
4,7,85.46,227.35,8.15,18.38,0.77,1,-1,-1
5,1,223.96,215.25,52.11,166.11,0.94,1,-1,-1
5,2,331.91,230.94,13.53,31.72,0.88,1,-1,-1
5,3,105.66,224.58,17.00,35.56,0.89,1,-1,-1
5,4,19.78,219.26,16.19,48.91,0.86,1,-1,-1
5,5,277.71,224.44,11.90,31.87,0.88,1,-1,-1
5,6,32.91,220.89,14.88,45.68,0.79,1,-1,-1
5,7,86.67,227.29,7.91,18.24,0.79,1,-1,-1
6,1,220.78,214.29,49.51,149.87,0.97,1,-1,-1
6,2,335.08,230.70,12.45,32.56,0.87,1,-1,-1
6,3,105.77,224.66,16.86,36.36,0.89,1,-1,-1
6,4,19.81,220.34,16.04,48.04,0.87,1,-1,-1
6,5,278.30,224.50,11.31,31.91,0.88,1,-1,-1
6,6,33.10,220.90,14.85,45.54,0.83,1,-1,-1
6,7,87.48,227.72,7.72,18.12,0.72,1,-1,-1
7,1,217.63,211.02,49.54,155.18,0.96,1,-1,-1
7,2,337.97,231.40,11.01,30.13,0.86,1,-1,-1
7,3,106.00,224.77,16.61,35.26,0.88,1,-1,-1
7,4,19.55,220.32,16.23,48.38,0.87,1,-1,-1
7,5,278.88,225.00,11.55,31.41,0.87,1,-1,-1
7,6,33.38,220.74,14.63,46.40,0.81,1,-1,-1
7,7,87.97,227.59,8.08,20.55,0.73,1,-1,-1
7,8,47.63,225.02,7.92,19.27,0.72,1,-1,-1
8,1,213.30,211.58,49.39,148.95,0.96,1,-1,-1
8,2,338.76,231.38,12.45,32.25,0.88,1,-1,-1
8,3,106.62,224.86,16.13,34.55,0.86,1,-1,-1
8,4,19.12,219.20,17.18,51.36,0.87,1,-1,-1
8,5,279.32,224.84,12.22,32.04,0.88,1,-1,-1
8,6,34.31,220.87,14.28,46.05,0.80,1,-1,-1
8,7,89.13,227.56,8.65,18.94,0.78,1,-1,-1
8,8,47.45,224.51,7.97,20.33,0.66,1,-1,-1
9,1,207.37,216.62,47.87,146.56,0.94,1,-1,-1
9,2,340.09,231.98,14.31,32.01,0.91,1,-1,-1
9,3,107.60,225.30,16.25,33.51,0.83,1,-1,-1
9,4,19.47,219.90,17.15,51.68,0.84,1,-1,-1
9,5,279.98,224.85,12.53,32.08,0.88,1,-1,-1
9,6,34.75,222.37,14.89,46.41,0.82,1,-1,-1
9,7,90.48,227.10,8.80,19.53,0.75,1,-1,-1
9,8,47.52,224.55,8.19,20.74,0.55,1,-1,-1
10,1,204.82,217.40,46.08,142.03,0.95,1,-1,-1
10,2,341.28,232.01,14.27,32.08,0.90,1,-1,-1
10,3,108.38,225.52,16.42,32.24,0.83,1,-1,-1
10,4,19.80,219.63,17.24,51.94,0.82,1,-1,-1
10,5,280.49,224.70,13.17,32.16,0.89,1,-1,-1
10,6,36.10,222.43,14.32,47.17,0.82,1,-1,-1
10,7,91.18,226.48,8.69,20.22,0.75,1,-1,-1
10,8,47.37,224.52,8.30,21.86,0.53,1,-1,-1
11,1,199.56,214.65,45.87,137.62,0.95,1,-1,-1
11,2,346.00,232.14,11.93,32.92,0.90,1,-1,-1
11,3,109.82,226.96,17.02,32.22,0.84,1,-1,-1
11,4,20.26,220.12,17.48,52.09,0.89,1,-1,-1
11,5,282.57,224.22,13.30,32.40,0.88,1,-1,-1
11,6,35.79,221.19,16.13,48.39,0.85,1,-1,-1
11,7,93.19,226.92,8.36,18.32,0.84,1,-1,-1
11,8,47.44,224.42,9.16,24.48,0.37,1,-1,-1
12,1,195.64,215.16,46.28,134.27,0.94,1,-1,-1
12,2,347.77,233.23,15.42,32.68,0.89,1,-1,-1
12,3,110.05,226.54,19.31,30.74,0.70,1,-1,-1
12,4,20.96,217.85,18.80,54.43,0.88,1,-1,-1
12,5,285.22,224.84,12.86,32.42,0.89,1,-1,-1
12,6,35.96,221.00,16.88,48.70,0.82,1,-1,-1
12,7,95.31,227.15,9.44,20.19,0.81,1,-1,-1
12,8,47.99,225.20,8.72,23.02,0.34,1,-1,-1
13,1,192.42,216.69,47.29,133.00,0.96,1,-1,-1
13,2,348.68,233.69,15.44,32.43,0.89,1,-1,-1
13,3,114.74,226.31,17.08,29.16,0.49,1,-1,-1
13,4,21.19,218.08,18.87,54.35,0.90,1,-1,-1
13,5,286.04,225.44,13.62,31.70,0.89,1,-1,-1
13,6,37.84,221.47,15.64,47.91,0.84,1,-1,-1
13,7,97.15,226.24,10.09,20.72,0.84,1,-1,-1
13,8,49.44,225.52,7.94,21.66,0.28,1,-1,-1
14,1,190.24,218.50,45.89,127.57,0.95,1,-1,-1
14,2,352.26,233.56,15.63,32.56,0.90,1,-1,-1
14,3,117.66,227.80,14.89,26.26,0.64,1,-1,-1
14,4,20.91,219.16,19.26,53.24,0.89,1,-1,-1
14,5,287.15,226.00,13.95,31.50,0.88,1,-1,-1
14,6,37.85,221.37,16.45,50.67,0.84,1,-1,-1
14,7,98.56,225.98,10.51,21.35,0.81,1,-1,-1
14,8,50.54,225.21,7.88,20.66,0.45,1,-1,-1
15,1,188.30,219.44,43.95,116.94,0.94,1,-1,-1
15,2,356.68,233.45,15.58,31.35,0.89,1,-1,-1
15,3,118.87,223.86,15.46,30.23,0.79,1,-1,-1
15,4,20.85,218.58,19.19,53.96,0.90,1,-1,-1
15,5,289.90,225.96,12.61,32.28,0.87,1,-1,-1
15,6,38.69,220.54,16.00,51.03,0.82,1,-1,-1
15,7,100.94,226.02,10.04,20.80,0.82,1,-1,-1
15,8,51.56,225.26,7.34,19.46,0.58,1,-1,-1
16,1,186.31,214.43,42.14,123.19,0.95,1,-1,-1
16,2,358.22,234.07,16.75,32.56,0.90,1,-1,-1
16,3,122.19,222.52,13.89,28.26,0.83,1,-1,-1
16,4,20.94,218.18,18.56,53.79,0.89,1,-1,-1
16,5,292.87,225.79,11.31,31.87,0.87,1,-1,-1
16,6,39.90,220.31,15.72,51.53,0.86,1,-1,-1
16,7,102.58,225.59,10.46,21.27,0.83,1,-1,-1
16,8,52.64,225.12,7.24,19.75,0.64,1,-1,-1
17,1,184.51,213.42,41.54,123.98,0.95,1,-1,-1
17,2,359.64,234.21,16.18,33.24,0.90,1,-1,-1
17,3,122.67,222.58,15.31,31.04,0.82,1,-1,-1
17,4,20.97,217.07,19.36,56.17,0.86,1,-1,-1
17,5,293.90,226.42,12.17,31.82,0.88,1,-1,-1
17,6,39.66,220.67,16.73,51.66,0.88,1,-1,-1
17,7,104.45,225.66,10.77,22.91,0.85,1,-1,-1
17,8,52.87,225.13,7.51,19.73,0.72,1,-1,-1
18,1,182.11,215.82,41.35,121.00,0.95,1,-1,-1
18,2,363.08,233.49,14.81,34.31,0.89,1,-1,-1
18,3,125.37,222.43,14.85,30.81,0.84,1,-1,-1
18,4,21.43,217.71,19.76,56.32,0.84,1,-1,-1
18,5,294.14,226.92,14.44,31.21,0.90,1,-1,-1
18,6,41.28,221.14,16.35,52.14,0.87,1,-1,-1
18,7,106.43,225.70,10.84,23.93,0.84,1,-1,-1
18,8,53.47,224.95,8.18,22.28,0.75,1,-1,-1
19,1,181.37,217.26,39.22,115.20,0.95,1,-1,-1
19,2,366.55,233.58,13.17,33.76,0.89,1,-1,-1
19,3,126.70,221.97,15.52,30.35,0.86,1,-1,-1
19,4,21.44,219.04,20.03,53.08,0.86,1,-1,-1
19,5,295.91,227.48,14.94,29.77,0.89,1,-1,-1
19,6,41.74,220.22,15.78,52.69,0.86,1,-1,-1
19,7,108.14,225.73,11.01,21.76,0.86,1,-1,-1
19,8,53.52,225.07,9.22,23.80,0.71,1,-1,-1
20,1,180.76,216.32,36.33,111.71,0.95,1,-1,-1
20,2,368.01,234.25,17.12,33.76,0.89,1,-1,-1
20,3,127.94,222.12,16.74,30.22,0.85,1,-1,-1
20,4,22.68,218.33,20.18,56.93,0.88,1,-1,-1
20,5,301.13,227.24,12.88,31.89,0.86,1,-1,-1
20,6,41.72,219.34,18.47,53.85,0.88,1,-1,-1
20,7,110.60,225.74,11.29,22.42,0.85,1,-1,-1
20,8,55.24,224.90,8.77,21.19,0.59,1,-1,-1
21,1,181.33,214.14,34.92,113.31,0.95,1,-1,-1
21,2,369.98,234.96,15.59,32.92,0.88,1,-1,-1
21,3,129.19,221.84,17.14,33.23,0.87,1,-1,-1
21,4,24.43,218.17,19.54,57.87,0.85,1,-1,-1
21,5,302.63,227.40,12.91,32.26,0.89,1,-1,-1
21,6,42.72,220.12,17.72,53.71,0.88,1,-1,-1
21,7,112.39,225.51,11.91,25.62,0.84,1,-1,-1
21,8,56.17,224.61,8.62,20.30,0.60,1,-1,-1
22,1,179.85,214.27,36.37,112.22,0.94,1,-1,-1
22,2,375.16,234.32,14.18,33.21,0.88,1,-1,-1
22,3,130.41,221.50,17.34,30.25,0.86,1,-1,-1
22,4,25.64,217.00,18.56,59.15,0.90,1,-1,-1
22,5,302.72,227.76,15.39,32.58,0.89,1,-1,-1
22,6,43.14,220.58,17.93,53.87,0.89,1,-1,-1
22,7,114.33,225.49,12.05,25.91,0.84,1,-1,-1
22,8,56.96,224.65,8.36,20.49,0.66,1,-1,-1
23,1,179.11,217.74,37.72,108.91,0.94,1,-1,-1
23,2,378.95,233.89,14.41,33.99,0.90,1,-1,-1
23,3,133.44,221.18,16.26,31.35,0.85,1,-1,-1
23,4,26.28,217.58,19.53,58.75,0.90,1,-1,-1
23,5,304.70,228.63,16.71,31.57,0.88,1,-1,-1
23,6,43.65,219.22,17.56,55.39,0.87,1,-1,-1
23,7,117.45,225.61,12.08,26.80,0.84,1,-1,-1
23,8,58.01,225.08,8.56,22.42,0.73,1,-1,-1
24,1,178.53,218.69,35.39,105.22,0.94,1,-1,-1
24,2,380.75,234.40,15.00,34.22,0.90,1,-1,-1
24,3,134.79,220.70,16.18,31.47,0.72,1,-1,-1
24,4,27.57,218.29,19.66,57.66,0.86,1,-1,-1
24,5,308.31,228.68,14.51,33.54,0.89,1,-1,-1
24,6,44.67,218.41,17.17,56.93,0.88,1,-1,-1
24,7,120.75,226.08,11.50,25.84,0.83,1,-1,-1
24,8,59.02,224.37,8.44,23.23,0.73,1,-1,-1
25,1,177.87,217.06,33.99,102.16,0.93,1,-1,-1
25,2,382.61,234.27,14.78,35.15,0.89,1,-1,-1
25,3,136.12,220.22,15.96,29.14,0.88,1,-1,-1
25,4,28.21,217.91,19.82,60.44,0.88,1,-1,-1
25,5,311.11,228.34,12.66,33.23,0.87,1,-1,-1
25,6,45.57,217.99,18.35,58.75,0.87,1,-1,-1
25,7,122.57,226.05,11.85,24.49,0.86,1,-1,-1
25,8,59.70,224.19,8.34,23.30,0.74,1,-1,-1
26,1,174.18,214.94,33.56,103.30,0.95,1,-1,-1
26,2,386.45,233.65,13.76,35.58,0.90,1,-1,-1
26,3,138.06,219.60,16.09,36.19,0.85,1,-1,-1
26,4,28.62,216.77,20.02,61.41,0.90,1,-1,-1
26,5,313.10,228.22,12.89,33.45,0.85,1,-1,-1
26,6,46.68,219.34,17.82,58.94,0.87,1,-1,-1
26,7,126.06,225.81,12.33,25.07,0.82,1,-1,-1
26,8,61.12,225.22,8.08,23.44,0.79,1,-1,-1
27,1,172.04,216.58,34.71,102.17,0.95,1,-1,-1
27,2,388.57,233.68,13.80,34.74,0.90,1,-1,-1
27,3,139.71,219.71,15.72,39.18,0.78,1,-1,-1
27,4,29.31,216.09,20.92,62.22,0.89,1,-1,-1
27,5,313.92,228.78,14.96,33.08,0.85,1,-1,-1
27,6,47.39,218.67,16.25,58.43,0.85,1,-1,-1
27,7,128.11,226.36,13.36,28.69,0.79,1,-1,-1
27,8,61.88,225.70,7.95,22.73,0.78,1,-1,-1
28,1,170.28,218.77,34.49,99.46,0.94,1,-1,-1
28,2,389.74,234.40,14.67,34.83,0.89,1,-1,-1
28,3,140.07,219.43,17.11,41.86,0.89,1,-1,-1
28,4,29.68,216.54,21.50,62.53,0.90,1,-1,-1
28,5,315.21,229.10,15.79,34.18,0.86,1,-1,-1
28,6,47.47,217.16,18.98,59.95,0.87,1,-1,-1
28,7,132.23,227.05,12.46,26.85,0.65,1,-1,-1
28,8,62.34,225.65,7.87,23.91,0.67,1,-1,-1
29,1,169.99,219.34,32.29,92.10,0.93,1,-1,-1
29,2,390.24,234.70,16.63,35.14,0.91,1,-1,-1
29,3,141.18,219.66,17.18,40.29,0.80,1,-1,-1
29,4,31.19,217.48,21.17,61.59,0.90,1,-1,-1
29,5,319.95,229.45,12.90,33.47,0.84,1,-1,-1
29,6,48.43,216.74,19.36,60.15,0.87,1,-1,-1
29,8,64.12,225.28,7.39,22.62,0.60,1,-1,-1
30,1,170.41,217.10,29.28,93.89,0.95,1,-1,-1
30,2,395.80,233.79,14.86,35.72,0.90,1,-1,-1
30,3,141.52,220.11,18.76,35.81,0.87,1,-1,-1
30,4,32.31,216.53,22.00,65.20,0.89,1,-1,-1
30,5,322.70,229.06,12.82,33.81,0.87,1,-1,-1
30,6,50.12,217.63,17.72,61.28,0.86,1,-1,-1
30,8,64.58,225.32,7.96,23.25,0.67,1,-1,-1
31,1,168.66,216.32,31.01,94.88,0.94,1,-1,-1
31,2,400.18,234.07,14.86,36.03,0.91,1,-1,-1
31,3,144.07,220.70,18.70,46.64,0.89,1,-1,-1
31,4,34.82,215.20,21.37,65.58,0.90,1,-1,-1
31,5,324.03,229.82,15.85,34.64,0.89,1,-1,-1
31,6,52.58,218.05,16.58,61.11,0.87,1,-1,-1
31,8,65.44,225.55,8.65,23.65,0.72,1,-1,-1
32,1,166.42,218.79,33.22,91.96,0.93,1,-1,-1
32,2,402.41,235.08,15.91,35.61,0.90,1,-1,-1
32,3,147.15,220.88,17.01,38.15,0.82,1,-1,-1
32,4,35.84,215.37,22.50,65.84,0.90,1,-1,-1
32,5,325.36,230.48,16.95,34.82,0.91,1,-1,-1
32,6,52.92,217.06,18.28,62.35,0.83,1,-1,-1
32,8,66.55,225.58,8.95,22.68,0.55,1,-1,-1
33,1,167.15,219.34,31.04,89.53,0.92,1,-1,-1
33,2,403.03,235.20,16.62,36.61,0.91,1,-1,-1
33,3,147.69,221.39,18.74,39.24,0.84,1,-1,-1
33,4,36.51,215.82,22.11,67.55,0.88,1,-1,-1
33,5,326.96,230.37,16.67,35.43,0.90,1,-1,-1
33,6,54.25,217.11,20.22,62.86,0.84,1,-1,-1
33,8,67.17,225.43,9.41,25.02,0.26,1,-1,-1
34,1,165.86,219.93,29.04,86.32,0.93,1,-1,-1
34,2,406.64,234.47,14.85,37.42,0.90,1,-1,-1
34,3,149.35,222.09,17.18,38.61,0.86,1,-1,-1
34,4,38.26,216.19,21.86,67.68,0.86,1,-1,-1
34,5,331.32,230.32,13.85,35.79,0.90,1,-1,-1
34,6,55.42,217.40,19.11,63.67,0.87,1,-1,-1
34,8,67.50,225.46,9.59,24.54,0.54,1,-1,-1
35,1,164.04,217.28,28.61,87.45,0.92,1,-1,-1
35,2,410.62,233.94,13.21,37.99,0.91,1,-1,-1
35,3,150.69,222.44,16.87,44.44,0.83,1,-1,-1
35,4,38.96,215.49,22.49,69.20,0.87,1,-1,-1
35,5,334.38,229.90,12.06,36.22,0.88,1,-1,-1
35,6,55.80,217.76,22.53,64.27,0.88,1,-1,-1
36,1,161.58,217.10,28.58,87.58,0.92,1,-1,-1
36,2,411.56,234.41,14.74,37.25,0.89,1,-1,-1
36,3,152.59,223.17,15.60,43.14,0.82,1,-1,-1
36,4,39.92,214.33,22.99,69.47,0.88,1,-1,-1
36,5,335.90,230.56,16.02,36.02,0.89,1,-1,-1
36,6,57.23,217.87,23.58,64.39,0.89,1,-1,-1
37,1,160.07,219.51,27.43,84.80,0.91,1,-1,-1
37,2,412.00,235.53,18.61,36.53,0.90,1,-1,-1
37,3,153.84,222.74,15.58,46.60,0.81,1,-1,-1
37,4,40.07,214.01,24.12,70.19,0.90,1,-1,-1
37,5,336.70,230.45,17.81,36.72,0.91,1,-1,-1
37,6,60.11,216.03,22.41,66.57,0.88,1,-1,-1
37,7,190.87,227.40,19.60,31.09,0.79,1,-1,-1
38,1,155.45,220.14,30.00,83.97,0.93,1,-1,-1
38,2,414.43,235.49,16.58,37.12,0.88,1,-1,-1
38,3,154.47,223.07,15.48,47.42,0.71,1,-1,-1
38,4,41.21,214.77,25.19,70.01,0.90,1,-1,-1
38,5,337.01,230.88,18.07,36.41,0.89,1,-1,-1
38,6,62.63,216.05,21.15,66.28,0.89,1,-1,-1
38,7,196.18,225.67,20.39,33.53,0.81,1,-1,-1
39,1,155.59,219.41,27.01,79.21,0.94,1,-1,-1
39,2,422.61,235.07,12.71,37.09,0.83,1,-1,-1
39,4,42.91,216.28,24.09,70.21,0.91,1,-1,-1
39,5,344.55,230.01,13.48,37.73,0.89,1,-1,-1
39,6,64.35,217.46,22.28,66.21,0.89,1,-1,-1
39,7,206.49,225.20,22.06,35.68,0.85,1,-1,-1
40,1,154.70,217.51,27.55,81.05,0.93,1,-1,-1
40,2,425.76,235.18,13.54,38.11,0.83,1,-1,-1
40,4,44.72,215.15,23.82,72.18,0.90,1,-1,-1
40,5,347.29,229.91,13.85,37.71,0.90,1,-1,-1
40,6,64.50,217.32,24.00,68.59,0.90,1,-1,-1
40,7,215.29,225.29,21.21,36.42,0.82,1,-1,-1
41,1,153.13,218.06,25.80,80.77,0.93,1,-1,-1
41,2,426.92,236.56,16.07,37.55,0.85,1,-1,-1
41,3,170.82,223.83,15.48,44.21,0.79,1,-1,-1
41,4,46.41,214.09,24.62,72.82,0.90,1,-1,-1
41,5,348.43,230.67,16.79,37.65,0.92,1,-1,-1
41,6,65.53,217.13,24.42,68.32,0.90,1,-1,-1
41,7,224.51,227.43,21.12,33.87,0.82,1,-1,-1
42,1,151.52,219.65,26.22,78.89,0.93,1,-1,-1
42,2,428.82,235.90,16.59,39.10,0.85,1,-1,-1
42,3,170.35,223.66,18.79,40.49,0.79,1,-1,-1
42,4,49.16,214.43,24.58,73.28,0.89,1,-1,-1
42,5,350.46,231.09,18.04,37.47,0.91,1,-1,-1
42,6,67.83,216.16,23.99,70.00,0.90,1,-1,-1
42,7,233.32,228.08,21.43,34.26,0.83,1,-1,-1
43,1,149.73,219.80,25.73,77.51,0.92,1,-1,-1
43,2,434.38,235.26,14.98,39.73,0.83,1,-1,-1
43,3,172.03,223.66,21.54,42.84,0.88,1,-1,-1
43,4,49.71,213.94,26.16,75.34,0.86,1,-1,-1
43,5,355.35,230.12,15.50,38.98,0.90,1,-1,-1
43,6,68.91,215.27,25.96,72.91,0.90,1,-1,-1
43,7,243.87,226.02,21.89,40.12,0.78,1,-1,-1
44,1,148.81,218.81,23.99,75.66,0.93,1,-1,-1
44,2,437.53,235.42,14.60,39.71,0.84,1,-1,-1
44,3,174.32,223.72,24.43,44.23,0.91,1,-1,-1
44,4,50.02,214.35,26.58,76.77,0.89,1,-1,-1
44,5,359.11,229.74,14.27,39.42,0.86,1,-1,-1
44,6,70.70,215.71,26.41,74.04,0.91,1,-1,-1
44,7,252.29,225.45,23.24,41.62,0.86,1,-1,-1
45,1,146.34,217.23,24.32,76.33,0.93,1,-1,-1
45,2,437.58,235.98,19.16,39.21,0.87,1,-1,-1
45,3,177.19,223.72,23.45,45.79,0.88,1,-1,-1
45,4,50.53,213.27,29.17,78.04,0.89,1,-1,-1
45,5,361.16,229.81,15.59,39.61,0.91,1,-1,-1
45,6,74.08,216.74,25.21,72.60,0.90,1,-1,-1
45,7,261.38,226.17,23.67,42.95,0.88,1,-1,-1
45,9,35.87,224.61,7.05,24.50,0.72,1,-1,-1
46,1,144.40,217.83,24.59,75.48,0.94,1,-1,-1
46,2,438.96,236.94,19.52,38.90,0.91,1,-1,-1
46,3,180.39,223.80,23.54,43.62,0.91,1,-1,-1
46,4,52.57,212.88,25.07,78.61,0.90,1,-1,-1
46,5,361.62,231.51,19.49,38.08,0.92,1,-1,-1
46,6,74.30,214.69,27.11,75.09,0.91,1,-1,-1
46,7,270.52,227.31,25.21,43.15,0.89,1,-1,-1
46,9,35.66,224.33,7.33,25.01,0.72,1,-1,-1
47,1,142.42,219.51,24.94,74.58,0.94,1,-1,-1
47,2,444.61,235.19,17.61,40.54,0.85,1,-1,-1
47,3,183.29,223.86,24.30,43.70,0.91,1,-1,-1
47,4,54.07,213.57,25.73,78.07,0.90,1,-1,-1
47,5,362.23,231.60,19.65,38.59,0.92,1,-1,-1
47,6,76.35,214.07,26.82,75.83,0.92,1,-1,-1
47,7,280.50,228.50,25.99,46.31,0.84,1,-1,-1
47,9,36.51,224.02,6.66,24.52,0.69,1,-1,-1
48,1,140.65,219.92,24.50,71.30,0.92,1,-1,-1
48,2,447.31,230.92,16.33,44.57,0.76,1,-1,-1
48,3,186.44,223.87,24.21,43.95,0.90,1,-1,-1
48,4,56.58,214.70,26.74,77.93,0.90,1,-1,-1
48,5,366.70,230.81,16.64,39.26,0.89,1,-1,-1
48,6,76.39,216.01,29.17,74.24,0.91,1,-1,-1
48,7,290.51,228.86,26.56,48.81,0.85,1,-1,-1
48,9,36.58,224.26,6.54,24.31,0.73,1,-1,-1
49,1,139.34,218.87,23.49,69.48,0.93,1,-1,-1
49,2,453.51,237.24,17.78,39.43,0.87,1,-1,-1
49,3,190.51,223.32,24.26,44.40,0.88,1,-1,-1
49,4,57.31,215.57,26.04,78.94,0.89,1,-1,-1
49,5,372.99,230.02,14.57,40.08,0.88,1,-1,-1
49,6,79.06,216.73,29.50,76.16,0.93,1,-1,-1
49,7,305.42,228.72,28.33,52.43,0.87,1,-1,-1
49,9,36.74,224.59,6.32,24.12,0.74,1,-1,-1
50,1,138.86,217.90,22.52,70.53,0.94,1,-1,-1
50,2,454.23,236.44,18.97,41.49,0.86,1,-1,-1
50,3,194.33,224.01,23.82,45.58,0.89,1,-1,-1
50,4,61.28,215.09,24.09,80.07,0.90,1,-1,-1
50,5,374.70,230.97,17.28,39.61,0.91,1,-1,-1
50,6,81.68,214.96,27.96,78.03,0.91,1,-1,-1
50,7,319.40,229.42,30.83,52.84,0.87,1,-1,-1
50,9,36.94,224.04,6.16,24.37,0.71,1,-1,-1
51,1,137.31,218.71,24.30,69.68,0.95,1,-1,-1
51,2,459.13,234.56,17.90,43.22,0.83,1,-1,-1
51,3,197.07,224.03,24.06,46.08,0.91,1,-1,-1
51,4,63.07,213.45,25.58,82.12,0.91,1,-1,-1
51,5,375.80,231.44,19.71,39.43,0.92,1,-1,-1
51,6,83.05,213.86,28.75,79.38,0.93,1,-1,-1
51,7,333.84,229.09,30.28,54.15,0.88,1,-1,-1
51,9,37.13,223.70,6.16,24.81,0.64,1,-1,-1
52,1,135.95,220.32,24.96,67.97,0.92,1,-1,-1
52,2,464.86,234.34,15.15,43.76,0.64,1,-1,-1
52,3,200.41,223.72,24.05,47.38,0.90,1,-1,-1
52,4,60.89,213.50,31.10,83.73,0.90,1,-1,-1
52,5,381.26,231.19,17.18,40.19,0.89,1,-1,-1
52,6,84.39,215.84,30.70,80.43,0.92,1,-1,-1
52,7,350.49,230.00,29.37,58.89,0.85,1,-1,-1
52,9,37.11,224.13,6.25,23.70,0.70,1,-1,-1
53,1,135.07,220.45,22.91,66.28,0.92,1,-1,-1
53,2,465.21,215.96,20.51,62.45,0.80,1,-1,-1
53,3,204.48,223.71,23.27,47.09,0.90,1,-1,-1
53,4,61.19,215.31,33.71,83.52,0.90,1,-1,-1
53,6,87.26,214.89,30.63,81.80,0.91,1,-1,-1
53,7,368.92,228.77,31.62,64.26,0.90,1,-1,-1
53,9,36.68,224.67,6.86,24.38,0.71,1,-1,-1
54,1,134.24,219.00,21.30,65.22,0.93,1,-1,-1
54,2,466.27,216.06,22.69,62.12,0.77,1,-1,-1
54,3,207.27,223.25,23.85,47.84,0.90,1,-1,-1
54,4,63.86,215.31,33.67,85.67,0.91,1,-1,-1
54,6,89.39,214.72,30.99,82.74,0.92,1,-1,-1
54,7,386.31,229.48,30.93,59.47,0.82,1,-1,-1
54,9,37.06,224.60,6.68,23.75,0.69,1,-1,-1
55,1,131.77,217.78,21.84,68.18,0.94,1,-1,-1
55,2,472.09,238.17,19.68,40.27,0.88,1,-1,-1
55,3,210.68,224.60,24.41,46.73,0.88,1,-1,-1
55,4,68.85,213.73,28.59,87.06,0.92,1,-1,-1
55,5,389.67,231.03,20.66,40.77,0.88,1,-1,-1
55,6,94.16,213.69,29.72,83.58,0.93,1,-1,-1
55,7,404.85,228.99,34.04,61.90,0.88,1,-1,-1
55,9,37.08,223.92,6.98,24.36,0.70,1,-1,-1
55,10,59.06,229.69,3.55,10.44,0.70,1,-1,-1
56,1,130.22,219.05,22.19,66.53,0.95,1,-1,-1
56,2,478.93,238.09,15.45,40.40,0.88,1,-1,-1
56,3,214.32,223.41,24.70,50.84,0.92,1,-1,-1
56,4,71.19,213.18,28.38,87.66,0.92,1,-1,-1
56,5,390.46,231.20,22.46,41.57,0.93,1,-1,-1
56,6,95.09,212.92,31.79,86.05,0.91,1,-1,-1
56,7,420.14,229.02,38.63,67.95,0.86,1,-1,-1
56,9,36.93,223.80,7.17,24.28,0.70,1,-1,-1
56,10,59.07,229.71,3.54,10.54,0.67,1,-1,-1
57,1,128.47,220.06,22.19,65.29,0.93,1,-1,-1
57,2,484.44,238.90,15.22,40.69,0.82,1,-1,-1
57,3,217.48,223.20,25.58,53.59,0.90,1,-1,-1
57,4,73.80,213.12,29.87,88.96,0.90,1,-1,-1
57,5,394.43,231.50,18.53,41.66,0.92,1,-1,-1
57,6,97.67,214.03,32.47,87.52,0.88,1,-1,-1
57,7,442.38,230.25,38.48,73.16,0.88,1,-1,-1
57,9,37.00,224.28,6.94,23.68,0.73,1,-1,-1
57,10,59.23,229.77,3.51,10.58,0.67,1,-1,-1
58,1,127.91,219.17,20.66,65.49,0.93,1,-1,-1
58,3,220.52,224.03,26.66,52.26,0.91,1,-1,-1
58,4,76.02,214.78,28.54,88.23,0.87,1,-1,-1
58,5,401.13,230.90,14.31,42.33,0.90,1,-1,-1
58,6,99.93,214.55,30.69,88.24,0.88,1,-1,-1
58,7,462.90,231.03,42.08,75.65,0.88,1,-1,-1
58,9,36.78,224.30,6.91,24.60,0.75,1,-1,-1
58,10,59.26,229.77,3.85,10.86,0.73,1,-1,-1
59,1,128.26,219.32,18.63,62.48,0.92,1,-1,-1
59,3,224.57,223.38,27.41,54.01,0.91,1,-1,-1
59,4,78.28,215.22,29.79,90.08,0.91,1,-1,-1
59,5,405.32,231.02,14.36,41.99,0.89,1,-1,-1
59,6,101.67,213.98,27.46,89.52,0.88,1,-1,-1
59,7,485.94,230.74,40.38,75.12,0.85,1,-1,-1
59,9,36.98,223.83,6.87,24.99,0.70,1,-1,-1
59,10,59.28,229.64,3.94,10.93,0.72,1,-1,-1
60,1,128.03,218.79,18.30,63.07,0.92,1,-1,-1
60,2,495.86,238.78,15.93,41.85,0.85,1,-1,-1
60,3,228.93,224.03,28.58,54.14,0.91,1,-1,-1
60,4,81.06,213.94,29.29,92.51,0.91,1,-1,-1
60,5,406.50,231.40,18.35,42.16,0.91,1,-1,-1
60,6,104.84,212.86,26.96,90.27,0.86,1,-1,-1
60,7,516.22,232.03,40.60,75.06,0.85,1,-1,-1
60,9,37.30,223.61,6.51,24.96,0.63,1,-1,-1
60,10,59.60,229.69,3.86,10.84,0.74,1,-1,-1
61,1,129.18,219.42,17.26,62.44,0.85,1,-1,-1
61,2,499.13,238.52,13.92,42.53,0.87,1,-1,-1
61,3,232.92,223.77,28.97,56.05,0.92,1,-1,-1
61,4,83.46,212.38,30.03,93.70,0.88,1,-1,-1
61,5,407.16,231.81,20.66,42.23,0.94,1,-1,-1
61,6,106.91,213.55,27.75,90.42,0.87,1,-1,-1
61,7,537.71,235.53,41.67,77.29,0.88,1,-1,-1
61,9,37.64,223.35,5.82,24.35,0.56,1,-1,-1
61,10,59.78,229.95,3.92,10.76,0.66,1,-1,-1
62,1,129.41,220.64,15.82,62.11,0.75,1,-1,-1
62,2,499.97,238.79,21.86,42.19,0.93,1,-1,-1
62,3,240.85,224.09,30.07,61.14,0.90,1,-1,-1
62,4,83.94,213.27,35.44,96.72,0.89,1,-1,-1
62,5,414.19,229.94,17.83,44.82,0.88,1,-1,-1
62,6,108.08,216.09,32.69,91.86,0.89,1,-1,-1
62,7,574.48,232.99,42.46,86.68,0.90,1,-1,-1
62,9,38.45,224.43,5.07,20.77,0.51,1,-1,-1
62,10,60.52,229.50,3.49,10.49,0.62,1,-1,-1
63,2,501.06,239.63,22.81,42.19,0.92,1,-1,-1
63,3,246.01,223.77,31.82,61.17,0.91,1,-1,-1
63,4,85.20,214.67,36.87,95.48,0.92,1,-1,-1
63,5,419.16,231.04,13.27,43.84,0.85,1,-1,-1
63,6,111.03,216.07,36.64,91.88,0.90,1,-1,-1
63,7,599.96,232.19,38.79,82.05,0.88,1,-1,-1
63,9,38.41,223.98,5.10,21.84,0.35,1,-1,-1
63,10,60.74,229.25,3.28,10.60,0.62,1,-1,-1
64,2,510.40,239.25,16.95,42.87,0.87,1,-1,-1
64,3,254.33,223.97,33.25,62.02,0.92,1,-1,-1
64,4,89.35,213.21,35.07,100.29,0.93,1,-1,-1
64,5,422.38,231.06,19.11,44.33,0.91,1,-1,-1
64,6,118.51,212.88,34.46,94.53,0.93,1,-1,-1
64,9,38.28,223.73,5.04,21.74,0.30,1,-1,-1
64,10,61.11,229.24,3.09,10.56,0.66,1,-1,-1
65,2,518.60,238.87,14.94,43.20,0.84,1,-1,-1
65,3,261.97,224.68,34.18,61.95,0.93,1,-1,-1
65,4,93.72,211.67,33.46,102.19,0.92,1,-1,-1
65,5,422.63,232.18,24.79,43.79,0.94,1,-1,-1
65,6,122.93,212.37,35.15,99.53,0.91,1,-1,-1
65,10,61.19,229.40,3.09,10.49,0.67,1,-1,-1
66,2,518.79,239.59,18.76,43.16,0.92,1,-1,-1
66,3,268.77,224.59,35.10,63.63,0.93,1,-1,-1
66,4,97.18,211.30,32.24,101.89,0.92,1,-1,-1
66,5,424.76,232.20,23.44,44.23,0.87,1,-1,-1
66,6,127.12,213.90,35.50,98.43,0.90,1,-1,-1
66,10,61.19,229.45,3.17,10.41,0.69,1,-1,-1
67,2,520.33,240.35,21.60,43.30,0.91,1,-1,-1
67,3,275.95,225.26,34.66,68.50,0.92,1,-1,-1
67,4,99.76,211.86,37.37,103.28,0.88,1,-1,-1
67,5,431.54,232.23,17.48,44.02,0.88,1,-1,-1
67,6,128.94,214.41,36.70,99.16,0.91,1,-1,-1
67,10,61.33,229.49,3.29,10.53,0.67,1,-1,-1
68,2,526.45,239.79,18.68,43.85,0.89,1,-1,-1
68,3,283.79,225.69,32.91,70.10,0.91,1,-1,-1
68,4,101.63,213.14,38.43,105.03,0.82,1,-1,-1
68,5,438.57,232.06,15.32,44.51,0.82,1,-1,-1
68,6,132.60,213.32,36.74,100.36,0.91,1,-1,-1
68,9,39.24,224.06,9.21,24.30,0.75,1,-1,-1
68,10,61.21,229.41,3.82,11.04,0.72,1,-1,-1
69,2,533.50,238.87,14.68,44.66,0.87,1,-1,-1
69,3,292.47,225.53,37.93,68.00,0.90,1,-1,-1
69,4,105.92,212.12,35.71,108.21,0.87,1,-1,-1
69,5,440.65,232.69,16.82,44.13,0.88,1,-1,-1
69,6,136.71,212.13,36.15,101.63,0.89,1,-1,-1
69,9,38.97,223.62,10.05,25.92,0.80,1,-1,-1
69,10,61.17,229.52,3.89,10.91,0.74,1,-1,-1
70,2,535.29,239.57,19.00,44.45,0.90,1,-1,-1
70,3,302.33,226.08,38.19,67.67,0.91,1,-1,-1
70,4,110.97,210.92,34.49,109.22,0.89,1,-1,-1
70,5,441.47,232.50,22.02,45.21,0.94,1,-1,-1
70,6,140.35,211.32,37.99,105.78,0.93,1,-1,-1
70,8,102.74,224.71,11.26,35.17,0.69,1,-1,-1
70,9,39.51,223.73,9.98,25.01,0.81,1,-1,-1
70,10,61.28,229.60,3.99,10.86,0.75,1,-1,-1
70,11,631.49,253.18,5.77,12.46,0.73,1,-1,-1
71,2,535.70,240.74,22.74,44.03,0.91,1,-1,-1
71,3,315.31,225.19,36.81,72.29,0.90,1,-1,-1
71,4,113.07,209.79,37.41,114.39,0.89,1,-1,-1
71,5,446.69,234.05,18.95,44.32,0.90,1,-1,-1
71,6,141.32,213.22,43.85,106.22,0.94,1,-1,-1
71,8,103.99,224.71,11.38,32.14,0.76,1,-1,-1
71,9,39.51,224.19,10.76,27.78,0.80,1,-1,-1
71,10,61.66,229.44,3.73,10.50,0.72,1,-1,-1
71,11,630.54,253.15,4.03,11.56,0.78,1,-1,-1
72,2,541.41,240.83,19.60,44.02,0.87,1,-1,-1
72,3,323.99,225.34,39.41,77.47,0.89,1,-1,-1
72,4,112.88,210.55,42.03,114.97,0.93,1,-1,-1
72,5,451.89,233.75,17.39,44.75,0.37,1,-1,-1
72,6,145.43,213.62,44.97,105.61,0.94,1,-1,-1
72,8,104.42,224.31,11.52,36.60,0.75,1,-1,-1
72,9,39.60,223.93,10.93,29.16,0.72,1,-1,-1
72,10,61.78,229.21,3.90,11.00,0.74,1,-1,-1
72,11,629.84,253.25,3.87,11.96,0.75,1,-1,-1
73,1,108.99,221.04,15.28,51.97,0.79,1,-1,-1
73,2,551.35,240.05,15.55,44.12,0.80,1,-1,-1
73,3,337.62,224.83,40.49,78.61,0.90,1,-1,-1
73,4,117.06,211.32,42.06,115.68,0.93,1,-1,-1
73,5,457.82,232.62,15.97,45.93,0.87,1,-1,-1
73,6,153.17,211.55,43.88,107.83,0.92,1,-1,-1
73,8,106.32,224.36,10.68,37.29,0.47,1,-1,-1
73,9,39.61,223.64,11.72,30.15,0.77,1,-1,-1
73,10,61.95,229.01,3.95,11.06,0.74,1,-1,-1
73,11,626.93,253.21,6.20,12.21,0.77,1,-1,-1
74,1,107.35,219.87,17.19,54.91,0.92,1,-1,-1
74,2,552.89,240.75,17.76,44.73,0.90,1,-1,-1
74,3,348.60,225.86,41.13,79.13,0.88,1,-1,-1
74,4,121.76,210.55,41.38,118.92,0.93,1,-1,-1
74,5,458.34,233.56,25.08,45.54,0.93,1,-1,-1
74,6,159.03,210.52,43.44,111.66,0.89,1,-1,-1
74,9,44.14,223.83,7.88,24.85,0.72,1,-1,-1
74,10,62.00,229.02,4.08,11.18,0.77,1,-1,-1
74,11,626.19,253.41,6.92,12.25,0.80,1,-1,-1
75,1,105.80,220.81,18.41,51.56,0.92,1,-1,-1
75,2,553.78,241.43,21.19,44.55,0.92,1,-1,-1
75,3,360.32,225.70,43.21,78.04,0.91,1,-1,-1
75,4,125.50,208.55,38.97,120.23,0.94,1,-1,-1
75,5,459.13,233.45,26.40,46.28,0.85,1,-1,-1
75,6,162.41,212.43,46.67,111.35,0.93,1,-1,-1
75,9,40.73,223.82,11.11,29.69,0.69,1,-1,-1
75,10,61.95,229.10,4.21,11.43,0.78,1,-1,-1
75,11,626.03,252.99,5.93,12.33,0.77,1,-1,-1
76,1,103.47,222.10,22.83,51.24,0.89,1,-1,-1
76,2,560.33,241.27,17.94,44.90,0.90,1,-1,-1
76,3,374.10,226.87,49.46,83.95,0.89,1,-1,-1
76,4,131.24,207.20,40.26,122.15,0.92,1,-1,-1
76,5,464.88,217.40,22.21,62.84,0.82,1,-1,-1
76,6,167.27,214.43,47.74,112.28,0.92,1,-1,-1
76,9,43.46,223.66,9.23,26.26,0.73,1,-1,-1
76,10,61.92,229.10,4.51,11.69,0.76,1,-1,-1
76,11,625.37,252.50,5.42,12.55,0.76,1,-1,-1
77,1,103.00,222.30,17.82,52.01,0.89,1,-1,-1
77,2,567.86,241.05,12.29,45.19,0.89,1,-1,-1
77,3,389.12,226.55,46.56,88.22,0.91,1,-1,-1
77,4,134.20,208.37,46.25,124.04,0.93,1,-1,-1
77,5,466.00,216.07,22.11,64.21,0.72,1,-1,-1
77,6,172.08,214.13,46.73,112.79,0.92,1,-1,-1
77,8,114.59,223.94,13.36,39.68,0.77,1,-1,-1
77,9,43.68,223.32,9.18,26.28,0.78,1,-1,-1
77,10,62.02,229.08,4.25,11.41,0.76,1,-1,-1
77,11,625.25,252.18,4.08,12.67,0.78,1,-1,-1
78,1,102.19,221.01,16.82,51.46,0.91,1,-1,-1
78,2,569.60,240.99,14.99,45.55,0.90,1,-1,-1
78,3,405.31,229.15,45.87,87.70,0.91,1,-1,-1
78,4,137.53,208.53,45.14,126.92,0.93,1,-1,-1
78,5,477.19,232.97,16.25,47.22,0.84,1,-1,-1
78,6,178.26,212.12,43.33,115.16,0.90,1,-1,-1
78,8,115.19,223.71,14.24,40.85,0.83,1,-1,-1
78,9,44.43,222.70,9.20,27.50,0.78,1,-1,-1
78,10,61.98,228.79,4.58,12.21,0.75,1,-1,-1
78,11,623.95,252.01,4.64,12.90,0.76,1,-1,-1
79,1,101.52,220.70,16.73,51.98,0.91,1,-1,-1
79,2,569.89,241.29,21.18,45.73,0.93,1,-1,-1
79,3,418.77,229.74,48.20,83.62,0.89,1,-1,-1
79,4,142.02,210.12,42.21,127.32,0.93,1,-1,-1
79,5,478.49,234.35,22.19,46.60,0.91,1,-1,-1
79,6,183.79,211.73,45.10,116.74,0.93,1,-1,-1
79,8,115.37,223.52,15.20,37.39,0.81,1,-1,-1
79,9,44.21,223.11,10.12,28.68,0.85,1,-1,-1
79,10,62.03,229.01,4.45,11.94,0.76,1,-1,-1
79,11,622.36,252.19,6.02,12.80,0.79,1,-1,-1
80,1,100.22,221.64,17.22,50.33,0.90,1,-1,-1
80,2,575.93,241.80,17.04,45.29,0.89,1,-1,-1
80,3,437.41,227.84,48.99,86.14,0.89,1,-1,-1
80,4,146.26,207.60,43.52,130.47,0.93,1,-1,-1
80,5,480.68,234.86,23.75,46.77,0.74,1,-1,-1
80,6,187.85,212.78,52.76,117.63,0.94,1,-1,-1
80,8,115.64,223.41,16.95,40.62,0.84,1,-1,-1
80,9,45.11,223.43,10.02,33.02,0.81,1,-1,-1
80,10,62.28,228.85,4.49,12.09,0.72,1,-1,-1
80,11,621.67,252.14,6.68,13.13,0.83,1,-1,-1
81,1,98.60,222.41,17.78,46.64,0.89,1,-1,-1
81,2,583.50,241.45,12.84,44.76,0.87,1,-1,-1
81,3,452.80,227.40,49.58,91.77,0.91,1,-1,-1
81,4,148.81,206.16,47.21,133.11,0.95,1,-1,-1
81,5,489.76,234.67,17.16,47.39,0.75,1,-1,-1
81,6,190.63,215.43,53.71,118.40,0.95,1,-1,-1
81,8,117.01,223.41,17.07,33.71,0.84,1,-1,-1
81,9,45.45,223.15,9.93,32.85,0.82,1,-1,-1
81,10,62.24,229.04,4.55,11.94,0.69,1,-1,-1
81,11,621.34,251.72,6.45,13.25,0.81,1,-1,-1
82,1,97.54,222.19,17.08,48.69,0.91,1,-1,-1
82,2,584.27,241.75,21.25,45.33,0.92,1,-1,-1
82,3,475.72,227.69,48.41,96.24,0.90,1,-1,-1
82,4,150.02,209.43,53.83,134.79,0.95,1,-1,-1
82,6,205.29,213.48,48.11,120.34,0.92,1,-1,-1
82,8,118.49,223.23,18.75,33.03,0.85,1,-1,-1
82,9,45.09,222.57,11.07,30.51,0.85,1,-1,-1
82,10,62.41,228.70,4.81,12.28,0.73,1,-1,-1
82,11,620.51,251.45,4.86,13.17,0.75,1,-1,-1
83,1,97.14,221.69,15.74,48.11,0.91,1,-1,-1
83,2,584.87,242.32,23.14,44.72,0.91,1,-1,-1
83,3,489.93,225.87,49.12,97.93,0.90,1,-1,-1
83,4,153.69,210.55,53.77,135.23,0.95,1,-1,-1
83,6,208.91,212.37,52.03,122.05,0.93,1,-1,-1
83,8,119.75,223.06,19.16,32.10,0.86,1,-1,-1
83,9,45.30,222.77,11.66,30.32,0.84,1,-1,-1
83,10,62.55,228.61,4.79,12.39,0.75,1,-1,-1
83,11,619.98,251.39,4.66,13.25,0.75,1,-1,-1
84,1,94.86,221.41,16.54,49.27,0.92,1,-1,-1
84,2,591.03,241.50,19.76,46.22,0.91,1,-1,-1
84,3,511.65,232.90,53.76,87.23,0.88,1,-1,-1
84,4,163.51,206.54,50.49,143.96,0.93,1,-1,-1
84,5,498.18,235.83,21.84,46.24,0.84,1,-1,-1
84,6,215.36,213.48,55.63,125.17,0.88,1,-1,-1
84,8,122.00,223.04,19.17,32.10,0.86,1,-1,-1
84,9,45.32,223.58,12.32,31.88,0.85,1,-1,-1
84,10,62.68,228.65,4.70,12.21,0.77,1,-1,-1
84,11,618.17,251.48,5.45,13.08,0.79,1,-1,-1
85,1,93.30,222.54,17.23,47.68,0.92,1,-1,-1
85,2,598.33,241.24,14.19,45.87,0.86,1,-1,-1
85,3,529.15,232.98,54.08,94.78,0.92,1,-1,-1
85,4,169.41,206.60,47.57,144.67,0.95,1,-1,-1
85,5,499.83,235.60,26.57,47.65,0.92,1,-1,-1
85,6,220.11,215.21,59.60,129.04,0.95,1,-1,-1
85,8,123.88,222.89,20.40,31.86,0.86,1,-1,-1
85,9,44.87,223.42,12.79,30.78,0.85,1,-1,-1
85,10,62.77,228.76,4.65,12.17,0.78,1,-1,-1
85,11,617.47,251.93,6.11,12.94,0.78,1,-1,-1
86,1,91.92,222.67,16.50,48.52,0.91,1,-1,-1
86,2,602.59,240.67,17.98,45.24,0.83,1,-1,-1
86,3,551.41,232.87,58.38,100.94,0.90,1,-1,-1
86,4,178.20,204.50,51.58,146.53,0.94,1,-1,-1
86,5,509.26,235.19,17.49,48.07,0.89,1,-1,-1
86,6,232.00,212.28,54.02,132.11,0.93,1,-1,-1
86,8,126.65,222.64,21.11,31.10,0.86,1,-1,-1
86,9,45.41,222.57,12.64,31.58,0.87,1,-1,-1
86,10,62.71,228.83,4.75,12.29,0.77,1,-1,-1
86,11,617.04,251.76,5.35,12.15,0.38,1,-1,-1
87,1,91.82,221.90,15.13,48.02,0.89,1,-1,-1
87,3,582.34,235.28,52.83,95.39,0.90,1,-1,-1
87,4,183.94,207.81,63.20,149.79,0.93,1,-1,-1
87,5,518.11,234.82,15.21,48.43,0.86,1,-1,-1
87,6,242.78,210.10,48.03,135.55,0.81,1,-1,-1
87,8,129.97,222.46,21.42,33.44,0.85,1,-1,-1
87,9,46.32,222.97,12.18,30.81,0.88,1,-1,-1
87,10,62.69,228.75,4.67,12.21,0.76,1,-1,-1
88,1,90.89,221.85,15.91,47.93,0.91,1,-1,-1
88,3,602.77,230.45,37.43,97.81,0.90,1,-1,-1
88,4,189.02,206.26,57.83,156.16,0.94,1,-1,-1
88,5,518.44,235.47,23.23,48.40,0.94,1,-1,-1
88,6,247.48,210.79,61.72,136.19,0.95,1,-1,-1
88,8,132.55,222.03,21.72,33.49,0.88,1,-1,-1
88,9,46.57,223.53,12.59,30.63,0.86,1,-1,-1
88,10,62.83,228.75,4.48,12.08,0.76,1,-1,-1
89,1,90.38,222.31,16.34,47.02,0.91,1,-1,-1
89,3,613.10,226.21,27.20,100.85,0.85,1,-1,-1
89,4,196.26,208.80,54.34,153.83,0.93,1,-1,-1
89,5,518.80,236.30,26.18,48.26,0.95,1,-1,-1
89,6,248.53,212.18,63.84,137.71,0.94,1,-1,-1
89,8,134.46,222.07,21.70,35.82,0.87,1,-1,-1
89,9,46.72,223.56,11.95,30.63,0.84,1,-1,-1
89,10,62.91,228.75,4.42,12.17,0.74,1,-1,-1
89,11,613.15,251.84,5.20,11.80,0.74,1,-1,-1
90,1,89.36,223.48,16.95,45.46,0.92,1,-1,-1
90,2,620.71,241.05,13.52,46.40,0.89,1,-1,-1
90,4,206.03,204.59,55.90,157.12,0.94,1,-1,-1
90,5,525.01,236.06,22.30,48.93,0.90,1,-1,-1
90,6,257.84,210.90,63.41,141.66,0.95,1,-1,-1
90,8,137.27,221.76,22.20,35.93,0.87,1,-1,-1
90,9,47.12,222.95,12.62,30.70,0.87,1,-1,-1
90,10,62.97,228.81,4.74,12.36,0.70,1,-1,-1
90,11,612.88,251.81,5.80,12.35,0.79,1,-1,-1
91,1,88.65,222.99,16.08,45.40,0.89,1,-1,-1
91,2,620.59,241.61,18.88,46.04,0.93,1,-1,-1
91,4,210.43,203.49,60.70,161.44,0.95,1,-1,-1
91,5,533.59,235.58,16.47,49.46,0.85,1,-1,-1
91,6,275.82,211.28,55.93,143.76,0.94,1,-1,-1
91,8,139.75,221.81,21.31,41.06,0.89,1,-1,-1
91,9,47.40,222.74,12.78,30.84,0.87,1,-1,-1
91,10,63.14,228.80,4.71,12.36,0.67,1,-1,-1
91,11,612.30,251.38,4.49,11.28,0.72,1,-1,-1
92,1,88.38,222.20,14.51,45.68,0.89,1,-1,-1
92,2,621.82,242.46,18.19,45.30,0.93,1,-1,-1
92,4,215.77,206.58,64.47,165.81,0.92,1,-1,-1
92,5,538.12,235.47,16.82,49.69,0.90,1,-1,-1
92,6,277.56,208.21,64.68,150.09,0.90,1,-1,-1
92,8,142.65,221.88,21.52,41.13,0.88,1,-1,-1
92,9,47.10,223.19,12.89,32.34,0.87,1,-1,-1
92,10,63.52,228.70,4.54,11.74,0.68,1,-1,-1
92,11,611.53,251.33,4.79,12.76,0.80,1,-1,-1
93,1,86.90,221.36,14.94,45.92,0.90,1,-1,-1
93,2,627.13,240.83,12.68,46.47,0.86,1,-1,-1
93,4,225.67,206.86,62.43,170.51,0.92,1,-1,-1
93,5,538.04,236.57,25.58,49.08,0.95,1,-1,-1
93,6,284.89,210.62,69.38,149.88,0.94,1,-1,-1
93,8,144.85,222.15,22.38,41.33,0.89,1,-1,-1
93,9,47.28,223.36,13.05,30.91,0.89,1,-1,-1
93,10,63.54,228.26,4.66,12.18,0.67,1,-1,-1
93,11,610.81,251.55,4.82,12.34,0.77,1,-1,-1
94,1,85.40,222.87,15.62,42.27,0.91,1,-1,-1
94,4,238.55,206.20,56.10,171.18,0.92,1,-1,-1
94,5,538.62,236.80,27.83,49.41,0.94,1,-1,-1
94,6,293.07,211.30,70.06,153.61,0.94,1,-1,-1
94,8,147.23,221.93,22.90,42.66,0.88,1,-1,-1
94,9,47.41,222.87,13.35,31.73,0.90,1,-1,-1
94,10,63.74,228.24,4.53,12.20,0.73,1,-1,-1
94,11,609.38,251.63,5.89,12.77,0.79,1,-1,-1
95,1,83.52,223.72,16.05,41.06,0.90,1,-1,-1
95,4,250.90,199.35,57.20,178.85,0.93,1,-1,-1
95,5,545.87,236.70,21.80,50.29,0.90,1,-1,-1
95,6,310.63,207.00,59.94,159.40,0.94,1,-1,-1
95,8,150.73,222.05,20.76,44.09,0.85,1,-1,-1
95,9,47.81,222.12,13.21,32.64,0.89,1,-1,-1
95,10,64.15,228.49,4.28,12.00,0.75,1,-1,-1
95,11,608.84,251.64,5.11,12.11,0.78,1,-1,-1
96,1,83.21,223.17,15.58,43.18,0.89,1,-1,-1
96,4,258.16,200.79,84.99,179.70,0.90,1,-1,-1
96,5,556.08,237.03,14.59,49.79,0.85,1,-1,-1
96,6,317.52,206.65,60.64,161.73,0.84,1,-1,-1
96,8,154.21,222.19,19.74,43.60,0.88,1,-1,-1
96,9,48.07,222.31,13.50,33.90,0.89,1,-1,-1
96,10,64.47,228.48,3.82,11.74,0.72,1,-1,-1
96,11,607.49,250.99,5.41,12.91,0.78,1,-1,-1
97,1,83.15,222.55,14.86,42.94,0.90,1,-1,-1
97,4,264.78,203.28,90.23,179.43,0.91,1,-1,-1
97,5,558.87,236.68,18.53,50.64,0.93,1,-1,-1
97,6,323.42,207.01,74.35,164.25,0.92,1,-1,-1
97,8,157.83,221.76,21.66,47.34,0.86,1,-1,-1
97,9,48.67,223.00,13.30,33.65,0.88,1,-1,-1
97,10,64.49,228.36,3.88,11.89,0.68,1,-1,-1
97,11,607.00,251.07,4.46,11.70,0.76,1,-1,-1
98,1,82.72,222.98,14.96,43.61,0.90,1,-1,-1
98,4,266.84,205.93,90.91,181.55,0.93,1,-1,-1
98,5,558.94,238.07,24.03,49.37,0.93,1,-1,-1
98,6,320.66,211.98,83.02,171.18,0.93,1,-1,-1
98,8,160.13,221.49,22.84,48.13,0.86,1,-1,-1
98,9,48.84,223.05,13.24,32.60,0.88,1,-1,-1
98,10,64.53,228.28,3.95,12.39,0.73,1,-1,-1
98,11,605.60,251.39,5.92,12.26,0.82,1,-1,-1
99,1,81.84,223.89,14.84,40.54,0.90,1,-1,-1
99,4,300.97,202.70,62.71,184.43,0.87,1,-1,-1
99,5,563.79,237.83,23.88,50.39,0.93,1,-1,-1
99,6,342.30,206.92,73.75,165.22,0.92,1,-1,-1
99,8,166.24,221.48,27.46,47.28,0.85,1,-1,-1
99,9,48.75,222.32,13.94,33.61,0.89,1,-1,-1
99,10,64.63,228.37,4.18,12.17,0.72,1,-1,-1
99,11,604.94,251.35,5.85,11.97,0.76,1,-1,-1
100,1,80.71,223.62,14.05,40.83,0.89,1,-1,-1
100,4,316.07,202.70,70.32,191.66,0.88,1,-1,-1
100,5,577.22,236.99,14.44,51.32,0.87,1,-1,-1
100,6,375.47,206.65,50.93,174.01,0.86,1,-1,-1
100,8,171.77,221.58,26.94,47.60,0.83,1,-1,-1
100,9,48.49,222.62,13.97,34.27,0.88,1,-1,-1
100,10,64.47,228.43,4.75,12.70,0.72,1,-1,-1
100,11,603.86,250.82,4.46,11.17,0.75,1,-1,-1
101,1,80.20,222.62,13.68,40.49,0.89,1,-1,-1
101,4,327.39,203.75,89.78,193.51,0.93,1,-1,-1
101,5,579.62,237.27,17.46,51.23,0.91,1,-1,-1
101,6,380.37,211.05,72.48,178.83,0.86,1,-1,-1
101,8,176.56,221.50,23.04,47.02,0.87,1,-1,-1
101,9,48.23,223.25,14.17,34.14,0.88,1,-1,-1
101,10,64.75,228.61,4.49,11.97,0.73,1,-1,-1
101,11,603.50,250.98,3.82,9.60,0.68,1,-1,-1
102,1,78.82,223.07,14.30,39.71,0.91,1,-1,-1
102,4,331.11,201.49,91.37,199.69,0.93,1,-1,-1
102,5,579.63,237.90,23.47,50.47,0.93,1,-1,-1
102,6,383.03,208.56,81.16,174.26,0.88,1,-1,-1
102,8,180.45,220.99,22.13,42.98,0.84,1,-1,-1
102,9,47.97,223.09,14.15,34.54,0.89,1,-1,-1
102,10,64.92,228.36,4.51,12.30,0.75,1,-1,-1
102,11,602.07,250.71,4.36,9.18,0.57,1,-1,-1
103,1,77.20,224.03,15.13,38.84,0.90,1,-1,-1
103,4,351.58,201.77,74.08,202.59,0.90,1,-1,-1
103,5,581.76,237.82,25.00,50.66,0.93,1,-1,-1
103,6,395.07,206.85,77.95,175.28,0.82,1,-1,-1
103,8,184.17,221.23,24.62,51.41,0.87,1,-1,-1
103,9,48.33,222.35,14.15,35.41,0.90,1,-1,-1
103,10,65.00,228.29,4.48,12.34,0.75,1,-1,-1
104,1,76.16,223.90,14.85,40.05,0.89,1,-1,-1
104,4,374.03,188.24,66.41,211.50,0.87,1,-1,-1
104,5,589.95,236.94,18.79,46.85,0.88,1,-1,-1
104,6,426.64,206.83,57.40,179.82,0.82,1,-1,-1
104,8,188.51,221.57,23.75,53.64,0.87,1,-1,-1
104,9,48.81,222.41,14.11,35.34,0.89,1,-1,-1
104,10,65.30,228.34,4.37,12.32,0.76,1,-1,-1
105,1,75.57,224.12,14.53,39.80,0.89,1,-1,-1
105,4,384.97,181.86,66.99,219.77,0.89,1,-1,-1
105,5,596.46,236.67,14.88,46.90,0.82,1,-1,-1
105,6,436.55,205.03,57.24,184.49,0.83,1,-1,-1
105,8,191.66,221.67,25.31,52.89,0.85,1,-1,-1
105,9,48.96,222.98,14.54,36.42,0.90,1,-1,-1
105,10,65.29,228.45,4.59,12.39,0.77,1,-1,-1
106,1,75.50,222.30,13.24,41.05,0.90,1,-1,-1
106,4,393.40,197.74,112.49,209.95,0.86,1,-1,-1
106,5,601.95,236.96,15.29,48.83,0.86,1,-1,-1
106,6,435.96,205.80,89.83,188.06,0.91,1,-1,-1
106,8,197.01,222.32,24.56,53.84,0.86,1,-1,-1
106,9,49.23,223.88,14.82,36.01,0.90,1,-1,-1
106,10,65.58,228.49,4.40,12.44,0.77,1,-1,-1
107,1,74.97,222.11,13.50,40.21,0.89,1,-1,-1
107,4,393.22,198.79,118.42,209.68,0.90,1,-1,-1
107,5,602.14,238.14,21.48,47.92,0.92,1,-1,-1
107,6,460.06,208.19,72.52,178.21,0.85,1,-1,-1
107,8,199.88,223.64,30.43,53.88,0.85,1,-1,-1
107,9,49.74,223.92,14.64,35.07,0.90,1,-1,-1
107,10,65.65,228.37,4.31,12.47,0.78,1,-1,-1
107,11,598.32,250.26,4.43,9.47,0.67,1,-1,-1
108,1,74.12,223.01,13.85,39.23,0.89,1,-1,-1
108,4,418.28,201.96,96.61,211.69,0.79,1,-1,-1
108,5,604.43,238.80,22.64,47.80,0.93,1,-1,-1
108,6,483.32,207.05,56.77,178.59,0.60,1,-1,-1
108,8,205.48,223.03,26.69,55.30,0.85,1,-1,-1
108,9,49.70,223.37,14.88,35.59,0.91,1,-1,-1
108,10,65.82,228.19,4.27,12.62,0.77,1,-1,-1
108,11,597.36,250.35,4.11,9.15,0.70,1,-1,-1
109,1,73.56,223.33,13.64,39.35,0.88,1,-1,-1
109,4,454.18,186.63,97.73,224.05,0.78,1,-1,-1
109,5,610.97,238.12,18.85,49.00,0.91,1,-1,-1
109,6,495.99,208.93,57.67,185.82,0.38,1,-1,-1
109,8,210.08,222.71,27.03,57.64,0.88,1,-1,-1
109,9,49.70,223.35,14.80,35.63,0.90,1,-1,-1
109,10,65.95,228.15,4.26,12.47,0.77,1,-1,-1
109,11,596.52,250.21,4.03,9.45,0.70,1,-1,-1
110,1,73.26,222.80,13.18,40.07,0.88,1,-1,-1
110,4,469.85,176.07,92.93,235.57,0.72,1,-1,-1
110,5,619.88,237.00,13.42,49.63,0.84,1,-1,-1
110,6,512.56,187.13,57.57,201.71,0.41,1,-1,-1
110,8,214.88,221.35,26.33,60.61,0.88,1,-1,-1
110,9,49.50,223.96,15.15,38.19,0.90,1,-1,-1
110,10,66.06,228.31,4.20,12.22,0.73,1,-1,-1
110,11,595.71,250.08,4.05,9.30,0.65,1,-1,-1
111,1,71.94,221.19,13.43,39.35,0.89,1,-1,-1
111,4,477.45,195.33,114.51,224.66,0.90,1,-1,-1
111,5,623.21,238.00,15.71,49.23,0.91,1,-1,-1
111,6,533.07,194.09,61.81,196.85,0.42,1,-1,-1
111,8,221.35,222.56,30.57,65.33,0.89,1,-1,-1
111,9,49.53,224.67,15.25,36.31,0.91,1,-1,-1
111,10,66.25,228.42,4.19,12.40,0.72,1,-1,-1
111,11,594.95,250.13,4.04,9.36,0.71,1,-1,-1
112,1,70.85,221.12,13.93,39.09,0.89,1,-1,-1
112,4,480.58,177.69,119.09,246.46,0.91,1,-1,-1
112,5,623.37,239.04,16.62,48.37,0.91,1,-1,-1
112,6,547.52,197.15,58.06,194.53,0.20,1,-1,-1
112,8,227.05,221.75,30.44,64.09,0.90,1,-1,-1
112,9,49.90,224.19,15.21,36.80,0.92,1,-1,-1
112,10,66.40,228.08,4.45,12.82,0.60,1,-1,-1
112,11,594.46,250.03,3.96,9.35,0.50,1,-1,-1
113,1,69.27,221.96,15.34,38.27,0.88,1,-1,-1
113,4,511.95,171.00,99.85,257.79,0.85,1,-1,-1
113,5,626.45,246.29,13.33,39.72,0.80,1,-1,-1
113,8,234.92,221.77,30.21,66.61,0.91,1,-1,-1
113,9,50.71,223.65,15.31,37.04,0.90,1,-1,-1
113,10,66.65,227.77,4.65,12.97,0.50,1,-1,-1
114,1,67.88,221.90,14.74,38.25,0.86,1,-1,-1
114,4,556.82,169.39,74.30,256.86,0.86,1,-1,-1
114,8,243.27,222.63,31.14,65.83,0.87,1,-1,-1
114,9,51.50,224.52,14.89,36.72,0.90,1,-1,-1
115,1,67.73,220.66,13.67,38.25,0.88,1,-1,-1
115,4,559.73,167.75,80.13,262.13,0.86,1,-1,-1
115,8,250.96,223.94,31.59,64.58,0.85,1,-1,-1
115,9,51.65,225.21,15.19,36.91,0.91,1,-1,-1
116,1,68.10,220.41,12.50,37.74,0.89,1,-1,-1
116,4,560.32,187.46,79.51,243.39,0.89,1,-1,-1
116,8,257.56,223.97,33.21,69.06,0.88,1,-1,-1
116,9,51.88,225.12,15.31,37.78,0.90,1,-1,-1
117,1,67.60,220.27,12.64,37.63,0.91,1,-1,-1
117,4,565.09,198.61,74.89,231.45,0.89,1,-1,-1
117,8,264.41,222.36,36.16,73.27,0.88,1,-1,-1
117,9,51.93,224.72,15.95,38.19,0.90,1,-1,-1
117,11,589.33,249.60,4.90,9.25,0.71,1,-1,-1
118,1,66.92,221.17,12.77,35.92,0.89,1,-1,-1
118,8,273.07,222.17,37.35,73.51,0.89,1,-1,-1
118,9,51.89,224.66,16.41,38.04,0.91,1,-1,-1
118,11,588.87,249.64,4.54,9.92,0.75,1,-1,-1
119,1,66.31,221.49,12.89,35.20,0.89,1,-1,-1
119,8,281.77,221.44,34.26,73.89,0.88,1,-1,-1
119,9,52.29,225.17,15.70,36.51,0.90,1,-1,-1
120,1,65.93,221.14,12.14,35.97,0.88,1,-1,-1
120,8,289.84,221.78,35.98,75.69,0.86,1,-1,-1
120,9,52.49,225.89,15.54,38.60,0.89,1,-1,-1
121,1,64.67,219.78,11.72,36.85,0.89,1,-1,-1
121,8,304.99,221.41,38.03,78.59,0.88,1,-1,-1
121,9,53.66,224.73,14.84,40.75,0.89,1,-1,-1
122,1,64.96,220.46,10.83,36.53,0.88,1,-1,-1
122,8,316.74,222.19,39.15,82.46,0.87,1,-1,-1
122,9,54.45,224.60,15.38,40.77,0.88,1,-1,-1
123,1,64.49,220.86,10.81,34.67,0.84,1,-1,-1
123,8,322.55,222.95,44.59,84.43,0.88,1,-1,-1
123,9,54.98,225.55,15.29,40.70,0.87,1,-1,-1
123,11,584.88,249.50,4.12,11.19,0.64,1,-1,-1
124,1,63.88,221.32,9.91,34.46,0.77,1,-1,-1
124,8,333.29,222.23,47.16,88.40,0.90,1,-1,-1
124,9,55.53,226.71,15.44,39.44,0.86,1,-1,-1
124,11,584.78,249.62,4.00,10.98,0.69,1,-1,-1
125,1,63.35,220.96,10.50,31.43,0.74,1,-1,-1
125,8,346.88,222.47,46.84,90.54,0.87,1,-1,-1
125,9,55.80,227.00,16.26,40.24,0.85,1,-1,-1
125,11,584.12,250.02,4.32,10.88,0.75,1,-1,-1
126,1,62.62,220.15,11.10,31.74,0.32,1,-1,-1
126,8,358.74,222.64,51.32,90.28,0.90,1,-1,-1
126,9,57.45,226.30,16.49,41.02,0.86,1,-1,-1
126,11,583.52,249.46,4.55,11.57,0.77,1,-1,-1
127,1,61.06,220.36,11.95,23.59,0.42,1,-1,-1
127,8,371.37,223.44,54.96,87.69,0.89,1,-1,-1
127,9,57.48,225.74,16.98,41.20,0.89,1,-1,-1
127,11,582.85,249.00,5.00,13.08,0.68,1,-1,-1
128,1,59.77,220.89,10.81,15.43,0.51,1,-1,-1
128,8,385.38,224.23,56.86,92.75,0.88,1,-1,-1
128,9,57.88,226.77,16.56,40.31,0.89,1,-1,-1
128,11,582.58,248.41,4.32,11.20,0.69,1,-1,-1
129,1,58.39,221.37,10.48,17.73,0.58,1,-1,-1
129,8,399.38,222.91,55.03,100.10,0.91,1,-1,-1
129,9,57.87,227.15,16.83,40.85,0.89,1,-1,-1
129,11,582.16,247.97,4.54,12.40,0.67,1,-1,-1
130,1,56.74,221.39,12.11,33.13,0.66,1,-1,-1
130,8,415.98,228.82,60.78,97.69,0.87,1,-1,-1
130,9,58.14,226.90,17.19,42.06,0.87,1,-1,-1
130,11,581.60,248.37,4.57,11.04,0.70,1,-1,-1
131,1,57.48,220.36,10.12,28.58,0.66,1,-1,-1
131,8,430.23,228.81,61.15,99.31,0.86,1,-1,-1
131,9,58.94,226.36,17.44,42.60,0.88,1,-1,-1
131,11,580.27,248.46,5.86,12.85,0.76,1,-1,-1
132,1,56.28,220.21,11.09,30.54,0.80,1,-1,-1
132,8,445.46,229.09,58.45,97.59,0.83,1,-1,-1
132,9,60.54,225.93,16.73,43.56,0.87,1,-1,-1
132,11,579.85,248.91,4.85,11.56,0.61,1,-1,-1
133,1,55.50,221.51,11.24,31.07,0.84,1,-1,-1
133,8,466.38,222.23,58.14,101.33,0.85,1,-1,-1
133,9,61.21,226.78,16.75,42.43,0.85,1,-1,-1
133,11,579.32,248.86,4.40,10.16,0.42,1,-1,-1
134,1,55.07,221.71,11.25,32.30,0.87,1,-1,-1
134,8,482.08,228.98,59.90,93.79,0.80,1,-1,-1
134,9,62.14,226.87,16.76,43.35,0.87,1,-1,-1
135,1,54.74,220.91,10.81,33.76,0.88,1,-1,-1
135,8,496.82,223.26,65.71,106.84,0.86,1,-1,-1
135,9,62.23,226.02,17.54,44.28,0.89,1,-1,-1
136,1,54.54,220.60,11.03,33.49,0.89,1,-1,-1
136,8,518.50,223.99,57.55,110.38,0.82,1,-1,-1
136,9,62.87,225.64,17.74,44.67,0.90,1,-1,-1
137,1,54.09,220.75,11.10,32.99,0.88,1,-1,-1
137,8,537.74,231.14,60.97,107.47,0.88,1,-1,-1
137,9,63.97,226.12,18.72,45.29,0.90,1,-1,-1
138,1,53.83,221.66,10.80,31.93,0.87,1,-1,-1
138,8,558.54,226.19,63.60,111.93,0.88,1,-1,-1
138,9,64.05,226.70,19.15,44.33,0.91,1,-1,-1
139,1,53.51,221.74,10.80,32.05,0.88,1,-1,-1
139,8,584.01,227.53,55.72,102.84,0.89,1,-1,-1
139,9,63.76,225.72,19.59,46.26,0.92,1,-1,-1
140,1,53.15,220.86,10.92,32.21,0.87,1,-1,-1
140,8,597.60,225.20,42.96,110.81,0.82,1,-1,-1
140,9,65.27,225.15,19.07,46.68,0.92,1,-1,-1
141,1,52.51,220.86,10.96,32.66,0.88,1,-1,-1
141,8,610.61,222.95,29.90,118.28,0.83,1,-1,-1
141,9,66.78,225.31,18.70,46.95,0.92,1,-1,-1
142,1,51.50,221.77,11.18,30.58,0.89,1,-1,-1
142,9,68.47,226.41,18.56,45.72,0.92,1,-1,-1
143,1,50.75,221.76,10.83,31.82,0.89,1,-1,-1
143,9,69.44,226.12,19.81,46.82,0.91,1,-1,-1
144,1,50.59,221.31,10.23,31.08,0.88,1,-1,-1
144,9,70.49,224.99,20.92,48.20,0.92,1,-1,-1
145,1,50.77,220.76,9.80,30.15,0.88,1,-1,-1
145,9,71.46,224.99,19.50,48.89,0.92,1,-1,-1
146,1,49.96,221.29,10.37,29.82,0.88,1,-1,-1
146,9,71.90,226.19,21.69,47.38,0.92,1,-1,-1
147,1,49.53,221.80,10.42,29.41,0.88,1,-1,-1
147,9,72.43,226.28,22.08,48.82,0.92,1,-1,-1
148,1,49.29,222.04,9.96,29.43,0.87,1,-1,-1
148,9,73.62,224.96,21.03,50.60,0.94,1,-1,-1
149,1,48.94,221.51,9.42,31.36,0.86,1,-1,-1
149,9,75.97,224.77,20.12,50.73,0.92,1,-1,-1
150,1,48.55,221.08,9.50,29.80,0.85,1,-1,-1
150,9,77.05,225.38,20.35,50.42,0.91,1,-1,-1
151,1,47.38,221.77,10.20,29.98,0.86,1,-1,-1
151,9,78.83,226.43,22.32,50.49,0.93,1,-1,-1
152,1,46.95,222.53,9.58,30.09,0.86,1,-1,-1
152,9,80.15,225.29,23.96,51.93,0.93,1,-1,-1
152,10,76.46,227.62,4.59,13.58,0.71,1,-1,-1
153,1,46.95,221.78,9.41,29.75,0.86,1,-1,-1
153,9,80.78,224.51,23.79,52.86,0.95,1,-1,-1
153,10,76.55,227.63,4.81,13.83,0.74,1,-1,-1
154,1,46.96,221.34,8.88,30.10,0.87,1,-1,-1
154,9,81.41,225.04,23.97,53.60,0.94,1,-1,-1
154,10,76.68,227.56,4.70,13.60,0.76,1,-1,-1
155,1,46.42,221.35,9.14,29.58,0.86,1,-1,-1
155,9,82.07,226.11,24.70,51.67,0.94,1,-1,-1
155,10,76.86,227.47,4.57,13.33,0.78,1,-1,-1
156,1,46.18,222.74,9.22,27.02,0.85,1,-1,-1
156,9,83.16,225.63,24.17,53.79,0.94,1,-1,-1
156,10,76.85,227.61,4.57,13.32,0.79,1,-1,-1
157,1,46.09,222.83,9.06,28.76,0.84,1,-1,-1
157,9,85.50,224.44,22.34,55.09,0.94,1,-1,-1
157,10,76.92,227.72,4.46,13.16,0.80,1,-1,-1
158,1,45.43,222.39,9.05,28.35,0.85,1,-1,-1
158,9,87.71,223.93,21.81,56.06,0.93,1,-1,-1
158,10,76.93,227.68,4.45,13.48,0.79,1,-1,-1
159,1,45.47,221.73,8.53,28.31,0.83,1,-1,-1
159,9,89.15,225.02,23.02,55.40,0.93,1,-1,-1
159,10,76.94,227.47,4.59,13.71,0.79,1,-1,-1
160,1,45.16,221.74,8.76,29.12,0.85,1,-1,-1
160,9,91.24,225.48,23.77,55.57,0.94,1,-1,-1
160,10,77.10,227.66,4.65,13.29,0.78,1,-1,-1
161,1,45.24,222.59,8.05,28.38,0.85,1,-1,-1
161,9,93.03,224.83,22.87,57.10,0.93,1,-1,-1
161,10,77.42,228.05,4.40,12.58,0.78,1,-1,-1
162,1,44.84,222.78,7.76,27.96,0.84,1,-1,-1
162,9,94.24,223.90,24.63,58.13,0.93,1,-1,-1
162,10,77.49,227.75,4.63,13.17,0.79,1,-1,-1
163,1,44.78,222.77,7.31,26.22,0.82,1,-1,-1
163,9,96.63,224.38,25.45,57.95,0.93,1,-1,-1
163,10,77.75,227.50,4.65,13.49,0.79,1,-1,-1
164,1,44.83,222.26,7.04,26.20,0.76,1,-1,-1
164,9,96.85,225.43,27.48,58.48,0.94,1,-1,-1
164,10,78.36,227.01,4.96,13.79,0.81,1,-1,-1
165,1,44.67,223.63,6.36,24.42,0.79,1,-1,-1
165,9,98.23,224.70,26.80,59.85,0.94,1,-1,-1
165,10,78.62,227.04,4.76,13.76,0.81,1,-1,-1
166,1,44.58,224.15,6.36,24.61,0.70,1,-1,-1
166,9,100.74,223.48,24.70,61.34,0.95,1,-1,-1
166,10,78.68,227.04,4.78,13.64,0.80,1,-1,-1
167,1,44.81,224.23,5.62,22.82,0.71,1,-1,-1
167,9,103.54,223.45,24.47,61.87,0.95,1,-1,-1
167,10,78.81,226.99,4.93,13.74,0.79,1,-1,-1
168,1,44.71,224.09,5.27,23.60,0.73,1,-1,-1
168,9,105.94,224.64,26.60,61.10,0.94,1,-1,-1
168,10,78.94,226.70,5.24,13.77,0.76,1,-1,-1
169,1,44.03,223.78,5.96,23.95,0.73,1,-1,-1
169,9,107.70,225.49,28.35,62.06,0.94,1,-1,-1
169,10,79.18,226.77,5.30,13.59,0.75,1,-1,-1
170,1,40.58,223.30,9.14,25.85,0.84,1,-1,-1
170,9,109.92,224.62,28.79,63.81,0.94,1,-1,-1
170,10,79.97,227.49,4.89,13.02,0.74,1,-1,-1
171,1,40.41,223.81,8.71,24.76,0.84,1,-1,-1
171,9,111.31,223.80,29.37,64.65,0.95,1,-1,-1
171,10,80.30,227.59,4.78,13.15,0.78,1,-1,-1
172,1,40.04,223.99,7.88,25.13,0.65,1,-1,-1
172,9,112.32,224.41,29.19,64.73,0.94,1,-1,-1
172,10,80.60,227.53,4.70,13.44,0.77,1,-1,-1
173,1,39.93,223.45,7.80,25.80,0.50,1,-1,-1
173,9,113.93,226.04,31.03,64.81,0.94,1,-1,-1
173,10,81.14,227.36,4.61,13.73,0.81,1,-1,-1
174,1,40.08,223.57,7.34,18.19,0.47,1,-1,-1
174,9,116.01,225.81,30.40,66.20,0.95,1,-1,-1
174,10,81.49,227.19,4.56,13.83,0.82,1,-1,-1
175,9,121.01,223.85,28.20,68.54,0.95,1,-1,-1
175,10,81.85,227.30,4.43,13.54,0.79,1,-1,-1
176,9,123.89,224.13,27.50,68.75,0.95,1,-1,-1
176,10,82.03,227.39,4.57,14.09,0.80,1,-1,-1
177,9,126.66,225.62,27.74,68.67,0.95,1,-1,-1
177,10,82.30,227.36,4.73,14.06,0.81,1,-1,-1
178,9,129.31,226.16,29.50,69.51,0.94,1,-1,-1
178,10,82.49,227.03,5.03,14.49,0.81,1,-1,-1
179,1,37.27,222.41,5.60,22.68,0.64,1,-1,-1
179,9,130.93,224.78,30.35,71.22,0.95,1,-1,-1
179,10,82.66,227.06,5.28,14.56,0.82,1,-1,-1
180,1,37.46,224.10,5.32,21.27,0.67,1,-1,-1
180,9,131.43,224.29,32.87,72.77,0.95,1,-1,-1
180,10,82.92,227.53,5.22,13.90,0.82,1,-1,-1
181,1,37.39,223.79,5.67,22.47,0.74,1,-1,-1
181,9,132.33,225.34,35.24,72.44,0.94,1,-1,-1
181,10,83.16,227.62,5.28,13.98,0.83,1,-1,-1
182,1,36.94,223.17,6.13,23.82,0.77,1,-1,-1
182,9,134.48,226.84,36.49,73.89,0.95,1,-1,-1
182,10,83.34,227.34,5.59,14.32,0.81,1,-1,-1
183,1,36.64,222.83,6.64,23.41,0.82,1,-1,-1
183,9,137.43,226.45,34.79,74.69,0.95,1,-1,-1
183,10,83.55,226.99,5.90,14.90,0.79,1,-1,-1
184,1,36.54,223.38,6.48,20.63,0.76,1,-1,-1
184,9,142.00,224.74,32.05,76.66,0.96,1,-1,-1
184,10,84.13,226.89,5.24,14.68,0.80,1,-1,-1
185,1,36.54,223.52,6.10,18.39,0.74,1,-1,-1
185,9,145.88,224.52,30.13,77.52,0.95,1,-1,-1
185,10,84.42,227.09,4.97,14.46,0.81,1,-1,-1
186,1,36.14,223.37,6.22,19.06,0.78,1,-1,-1
186,9,148.20,226.06,29.86,77.83,0.95,1,-1,-1
186,10,84.47,227.43,4.95,14.11,0.81,1,-1,-1
187,1,35.66,222.61,6.31,19.50,0.77,1,-1,-1
187,9,150.74,227.24,29.99,78.07,0.95,1,-1,-1
187,10,84.56,227.29,5.04,14.22,0.80,1,-1,-1
188,1,35.65,222.54,6.23,21.60,0.77,1,-1,-1
188,9,151.56,226.02,31.21,79.59,0.94,1,-1,-1
188,10,84.53,227.13,5.26,14.36,0.80,1,-1,-1
189,1,35.64,223.18,5.46,18.75,0.70,1,-1,-1
189,9,152.36,225.02,38.14,80.79,0.95,1,-1,-1
189,10,84.65,227.05,5.20,14.46,0.81,1,-1,-1
190,1,35.58,223.22,5.47,19.17,0.61,1,-1,-1
190,9,153.22,225.72,40.97,84.22,0.96,1,-1,-1
190,10,84.82,227.30,5.04,14.08,0.82,1,-1,-1
191,1,35.91,223.49,4.46,16.92,0.34,1,-1,-1
191,9,152.92,227.33,44.85,83.71,0.95,1,-1,-1
191,10,85.03,227.42,4.89,14.03,0.81,1,-1,-1
192,9,157.09,227.26,43.19,84.99,0.96,1,-1,-1
192,10,85.15,227.22,5.19,14.22,0.81,1,-1,-1
193,9,164.70,226.11,37.78,85.44,0.95,1,-1,-1
193,10,85.40,227.08,5.82,14.60,0.81,1,-1,-1
194,9,172.74,226.40,33.81,87.27,0.95,1,-1,-1
194,10,85.85,226.99,5.47,14.51,0.82,1,-1,-1
195,9,174.64,227.55,34.82,89.11,0.96,1,-1,-1
195,10,86.01,227.07,5.37,14.47,0.83,1,-1,-1
196,9,177.95,228.60,35.26,88.92,0.95,1,-1,-1
196,10,86.12,227.20,5.29,14.33,0.82,1,-1,-1
197,9,180.92,227.10,38.74,90.28,0.95,1,-1,-1
197,10,86.33,227.12,5.20,14.34,0.81,1,-1,-1
198,9,183.43,225.99,41.98,91.54,0.96,1,-1,-1
198,10,86.49,226.92,5.14,14.55,0.81,1,-1,-1
199,9,188.34,227.67,45.93,93.57,0.95,1,-1,-1
199,10,86.72,227.09,5.23,14.01,0.80,1,-1,-1
200,9,190.43,228.95,47.58,95.03,0.95,1,-1,-1
200,10,86.88,227.25,5.44,14.08,0.81,1,-1,-1
201,9,195.78,227.72,44.57,96.93,0.95,1,-1,-1
201,10,87.27,227.32,5.15,13.99,0.76,1,-1,-1
202,9,202.55,226.44,41.37,98.42,0.95,1,-1,-1
202,10,87.78,227.04,5.03,14.43,0.79,1,-1,-1
203,9,209.10,226.92,39.78,99.77,0.97,1,-1,-1
203,10,88.11,226.71,5.38,14.87,0.79,1,-1,-1
204,9,212.80,228.61,40.45,101.21,0.96,1,-1,-1
204,10,88.27,226.73,5.44,14.86,0.80,1,-1,-1
205,9,215.95,228.70,40.39,103.81,0.95,1,-1,-1
205,10,88.98,226.92,4.94,14.39,0.80,1,-1,-1
206,9,218.61,227.65,43.69,105.33,0.95,1,-1,-1
206,10,89.05,227.10,5.23,14.55,0.80,1,-1,-1
207,9,223.28,226.28,49.07,106.90,0.96,1,-1,-1
207,10,89.36,227.04,5.09,14.58,0.79,1,-1,-1
208,9,226.29,226.57,53.01,109.70,0.96,1,-1,-1
208,10,89.58,226.96,5.21,14.65,0.81,1,-1,-1
209,9,230.31,229.26,55.80,110.50,0.95,1,-1,-1
209,10,89.98,226.88,5.34,14.40,0.82,1,-1,-1
210,9,236.55,229.95,53.36,113.02,0.96,1,-1,-1
210,10,90.17,227.21,5.76,14.39,0.82,1,-1,-1
211,9,242.98,227.91,48.93,115.72,0.97,1,-1,-1
211,10,90.40,227.33,5.95,14.26,0.81,1,-1,-1
212,9,251.12,226.31,47.97,118.59,0.96,1,-1,-1
212,10,90.82,226.68,6.22,15.16,0.79,1,-1,-1
213,9,256.79,228.50,49.75,119.76,0.95,1,-1,-1
213,10,91.66,226.54,5.93,15.26,0.79,1,-1,-1
214,9,261.22,230.39,47.37,119.90,0.95,1,-1,-1
214,10,92.15,226.58,5.60,15.40,0.81,1,-1,-1
215,9,267.60,228.79,49.53,124.22,0.95,1,-1,-1
215,10,92.51,226.88,5.46,15.08,0.81,1,-1,-1
216,9,272.18,227.17,53.96,125.90,0.96,1,-1,-1
216,10,92.76,226.89,5.58,14.83,0.81,1,-1,-1
217,9,276.88,227.96,60.96,128.86,0.95,1,-1,-1
217,10,93.17,226.67,5.44,15.58,0.81,1,-1,-1
218,9,283.18,229.30,64.00,130.41,0.95,1,-1,-1
218,10,93.36,226.68,5.74,15.71,0.81,1,-1,-1
219,9,292.80,230.45,61.66,134.64,0.96,1,-1,-1
219,10,93.69,226.74,5.69,15.39,0.80,1,-1,-1
220,9,306.04,226.96,53.66,139.53,0.97,1,-1,-1
220,10,94.09,226.90,6.15,15.73,0.81,1,-1,-1
221,9,312.78,227.25,56.21,140.17,0.94,1,-1,-1
221,10,94.39,226.70,6.17,15.84,0.81,1,-1,-1
221,12,45.53,224.00,5.40,19.43,0.72,1,-1,-1
222,9,316.36,230.41,70.95,139.69,0.95,1,-1,-1
222,10,94.82,226.66,5.76,15.62,0.81,1,-1,-1
222,12,45.56,223.94,5.82,20.93,0.61,1,-1,-1
223,9,324.59,229.60,64.02,143.74,0.95,1,-1,-1
223,10,95.31,226.57,5.77,15.92,0.82,1,-1,-1
223,12,45.14,219.43,7.90,30.98,0.76,1,-1,-1
224,9,337.41,228.65,55.22,145.34,0.94,1,-1,-1
224,10,95.75,226.66,5.66,15.67,0.82,1,-1,-1
224,12,45.32,219.96,7.95,30.47,0.64,1,-1,-1
225,9,346.20,225.55,58.82,149.00,0.96,1,-1,-1
225,10,95.85,226.78,5.86,15.63,0.81,1,-1,-1
225,12,45.62,219.35,8.81,32.58,0.76,1,-1,-1
226,9,354.25,225.41,64.12,152.57,0.97,1,-1,-1
226,10,96.18,226.88,5.71,15.58,0.81,1,-1,-1
226,12,45.80,218.65,9.21,33.28,0.77,1,-1,-1
227,9,365.06,229.05,67.07,154.06,0.94,1,-1,-1
227,10,96.64,226.65,5.96,15.75,0.80,1,-1,-1
227,12,47.40,218.77,8.12,27.85,0.74,1,-1,-1
228,9,371.91,227.93,61.33,155.15,0.95,1,-1,-1
228,10,96.72,226.65,6.44,15.81,0.80,1,-1,-1
228,12,47.41,219.27,8.50,29.93,0.75,1,-1,-1
229,9,381.19,225.40,57.38,158.20,0.95,1,-1,-1
229,10,97.12,226.62,6.24,15.53,0.76,1,-1,-1
229,12,47.17,219.29,8.97,32.49,0.78,1,-1,-1
230,9,391.63,222.77,59.52,159.59,0.94,1,-1,-1
230,10,97.62,226.72,6.33,15.65,0.83,1,-1,-1
230,12,47.04,218.71,9.54,33.57,0.79,1,-1,-1
231,9,400.73,224.45,73.03,159.85,0.92,1,-1,-1
231,10,98.05,226.62,6.23,15.95,0.82,1,-1,-1
231,12,47.33,218.57,9.56,34.13,0.83,1,-1,-1
232,9,405.21,228.06,76.29,156.56,0.93,1,-1,-1
232,10,98.42,226.49,6.11,16.05,0.82,1,-1,-1
232,12,47.31,218.88,10.23,33.19,0.82,1,-1,-1
233,9,414.12,224.78,68.49,159.86,0.92,1,-1,-1
233,10,99.18,226.06,5.71,16.35,0.80,1,-1,-1
233,12,47.81,219.34,10.12,32.37,0.77,1,-1,-1
234,9,428.22,224.44,59.32,160.10,0.89,1,-1,-1
234,10,99.45,226.09,5.88,16.38,0.82,1,-1,-1
234,12,48.24,219.22,10.26,32.77,0.78,1,-1,-1
235,9,438.82,223.54,61.97,162.31,0.91,1,-1,-1
235,10,99.61,226.47,6.01,15.98,0.84,1,-1,-1
235,12,48.35,218.55,10.47,33.92,0.83,1,-1,-1
236,9,446.39,222.80,63.97,164.79,0.92,1,-1,-1
236,10,99.81,226.49,5.93,16.09,0.83,1,-1,-1
236,12,48.53,218.34,10.75,33.51,0.82,1,-1,-1
237,9,454.91,221.12,69.70,166.21,0.94,1,-1,-1
237,10,100.16,226.39,5.97,16.02,0.81,1,-1,-1
237,12,48.63,218.56,10.88,32.76,0.81,1,-1,-1
238,9,455.05,221.31,69.58,165.28,0.94,1,-1,-1
238,10,100.40,226.20,6.19,16.23,0.82,1,-1,-1
238,12,48.71,218.62,10.82,33.42,0.82,1,-1,-1
238,13,580.37,248.15,4.38,11.32,0.71,1,-1,-1
239,9,458.19,221.47,76.94,165.42,0.96,1,-1,-1
239,10,100.73,226.32,6.72,16.35,0.84,1,-1,-1
239,12,47.89,218.63,11.46,30.77,0.77,1,-1,-1
239,13,580.78,248.23,5.20,11.90,0.64,1,-1,-1
240,9,468.32,222.59,76.60,163.22,0.96,1,-1,-1
240,10,101.23,226.46,6.44,16.12,0.81,1,-1,-1
240,12,48.03,218.44,11.61,33.07,0.78,1,-1,-1
240,13,582.25,248.68,4.53,11.33,0.65,1,-1,-1
241,9,477.22,225.29,73.07,160.59,0.95,1,-1,-1
241,10,101.41,226.53,6.42,16.12,0.82,1,-1,-1
241,12,47.78,218.10,11.76,30.17,0.82,1,-1,-1
241,13,583.29,248.72,4.36,11.82,0.62,1,-1,-1
242,9,477.78,224.46,71.27,161.56,0.94,1,-1,-1
242,10,101.70,226.39,6.89,16.32,0.81,1,-1,-1
242,12,47.55,218.06,11.81,26.00,0.78,1,-1,-1
242,13,584.01,248.39,4.52,11.83,0.66,1,-1,-1
243,9,479.59,224.42,69.16,164.40,0.96,1,-1,-1
243,10,102.62,226.10,6.15,16.00,0.82,1,-1,-1
243,12,47.59,218.60,11.29,19.90,0.74,1,-1,-1
243,13,584.74,248.64,4.37,11.36,0.72,1,-1,-1
244,9,482.50,223.73,65.12,165.25,0.96,1,-1,-1
244,10,102.95,226.03,6.05,16.36,0.82,1,-1,-1
244,12,47.96,218.82,10.73,15.73,0.82,1,-1,-1
244,13,585.22,248.87,4.36,11.27,0.61,1,-1,-1
245,9,485.49,222.76,62.07,166.10,0.96,1,-1,-1
245,10,103.32,226.41,5.91,16.17,0.82,1,-1,-1
246,9,484.82,222.93,63.44,164.26,0.96,1,-1,-1
246,10,103.66,226.61,5.69,16.03,0.83,1,-1,-1
246,13,588.34,249.03,3.91,10.56,0.62,1,-1,-1
247,9,484.18,222.90,64.76,163.23,0.96,1,-1,-1
247,10,103.69,226.56,5.75,16.19,0.84,1,-1,-1
247,13,588.69,248.76,4.10,10.78,0.70,1,-1,-1
248,9,485.02,223.09,64.39,161.96,0.96,1,-1,-1
248,10,103.68,226.48,6.05,16.35,0.84,1,-1,-1
248,13,588.98,248.88,4.60,10.27,0.72,1,-1,-1
249,9,485.98,223.75,63.90,162.64,0.96,1,-1,-1
249,10,103.74,226.48,6.57,13.53,0.83,1,-1,-1
249,13,589.86,248.93,4.86,9.83,0.71,1,-1,-1
250,9,487.60,222.62,62.96,164.97,0.96,1,-1,-1
250,10,104.49,226.37,5.47,7.98,0.67,1,-1,-1
250,13,590.78,249.35,4.99,9.58,0.74,1,-1,-1
251,9,488.13,222.59,63.07,163.33,0.96,1,-1,-1
251,13,591.93,249.58,4.74,9.55,0.77,1,-1,-1
252,9,488.09,222.57,63.32,163.55,0.95,1,-1,-1
252,13,592.97,249.58,4.43,9.92,0.78,1,-1,-1
253,9,487.80,222.89,63.60,163.60,0.96,1,-1,-1
253,13,593.57,249.31,4.55,9.93,0.80,1,-1,-1
254,9,487.77,222.40,63.72,164.08,0.95,1,-1,-1
254,13,593.84,249.44,4.99,10.17,0.78,1,-1,-1
255,9,487.89,223.93,64.37,161.51,0.95,1,-1,-1
255,13,594.52,249.68,5.06,10.01,0.77,1,-1,-1
256,9,488.40,224.35,64.07,161.28,0.96,1,-1,-1
256,13,595.00,249.80,5.60,9.92,0.75,1,-1,-1
257,9,488.22,224.51,64.49,161.12,0.96,1,-1,-1
257,13,596.72,249.92,4.91,9.93,0.77,1,-1,-1
258,9,488.28,224.53,64.54,161.20,0.96,1,-1,-1
258,13,597.91,249.70,4.41,9.95,0.74,1,-1,-1
259,9,488.30,224.67,64.60,161.04,0.96,1,-1,-1
259,13,598.81,249.62,4.45,10.15,0.75,1,-1,-1
260,9,488.61,224.80,64.32,160.68,0.96,1,-1,-1
260,13,599.55,249.87,4.13,9.66,0.71,1,-1,-1
261,9,488.56,224.67,64.38,160.65,0.96,1,-1,-1
261,13,600.21,250.04,3.82,9.33,0.70,1,-1,-1
261,14,34.03,218.60,11.87,39.03,0.84,1,-1,-1
262,9,488.68,224.48,64.30,160.87,0.96,1,-1,-1
262,13,601.36,250.02,3.90,9.38,0.65,1,-1,-1
262,14,32.92,219.27,11.25,38.56,0.83,1,-1,-1
263,9,488.94,224.53,63.97,160.93,0.96,1,-1,-1
263,13,602.09,250.47,4.82,9.15,0.63,1,-1,-1
263,14,31.68,219.22,10.69,39.06,0.84,1,-1,-1
264,9,489.01,224.39,63.95,161.06,0.96,1,-1,-1
264,10,108.45,226.25,6.18,17.14,0.83,1,-1,-1
264,13,603.21,250.21,3.99,10.27,0.71,1,-1,-1
264,14,30.51,219.03,10.83,38.40,0.86,1,-1,-1
265,9,488.99,224.11,63.92,161.34,0.96,1,-1,-1
265,10,108.37,226.49,6.42,17.07,0.82,1,-1,-1
265,13,603.62,250.21,4.96,12.97,0.76,1,-1,-1
265,14,29.84,218.97,10.55,38.55,0.86,1,-1,-1
266,9,488.12,223.81,64.15,162.63,0.96,1,-1,-1
266,10,108.40,226.55,7.03,17.06,0.83,1,-1,-1
266,13,604.55,250.57,5.23,13.26,0.74,1,-1,-1
266,14,28.98,218.82,10.91,40.01,0.84,1,-1,-1
267,9,488.18,223.28,64.00,163.27,0.95,1,-1,-1
267,10,108.49,226.56,6.98,16.87,0.83,1,-1,-1
267,13,605.07,250.59,4.85,12.59,0.78,1,-1,-1
267,14,28.34,219.24,11.40,38.91,0.86,1,-1,-1
268,9,488.84,223.77,63.87,162.06,0.94,1,-1,-1
268,10,109.17,226.19,6.90,17.38,0.82,1,-1,-1
268,13,605.07,250.67,5.63,12.79,0.80,1,-1,-1
268,14,26.95,219.15,12.49,39.46,0.84,1,-1,-1
269,9,490.42,224.00,61.39,162.28,0.94,1,-1,-1
269,10,109.59,226.38,6.95,17.44,0.85,1,-1,-1
269,13,606.30,250.47,4.97,13.21,0.80,1,-1,-1
269,14,25.21,219.07,13.82,40.14,0.83,1,-1,-1
270,9,488.35,223.98,71.05,160.68,0.93,1,-1,-1
270,10,109.94,226.69,7.04,17.35,0.84,1,-1,-1
270,13,606.84,250.53,4.89,13.23,0.81,1,-1,-1
270,14,23.36,218.74,13.03,40.64,0.84,1,-1,-1
271,9,488.52,223.35,63.62,162.73,0.89,1,-1,-1
271,10,110.04,226.72,7.40,17.35,0.84,1,-1,-1
271,13,607.32,250.59,5.39,13.39,0.81,1,-1,-1
271,14,21.72,217.57,13.43,42.00,0.87,1,-1,-1
272,9,488.45,224.21,62.57,161.88,0.94,1,-1,-1
272,10,110.31,226.51,7.48,17.50,0.85,1,-1,-1
272,13,607.29,250.54,6.63,13.37,0.83,1,-1,-1
272,14,21.30,218.23,12.84,41.20,0.86,1,-1,-1
273,9,488.35,223.22,62.10,162.62,0.94,1,-1,-1
273,10,111.11,226.34,7.25,17.48,0.81,1,-1,-1
273,13,607.63,250.56,6.35,13.34,0.83,1,-1,-1
273,14,20.38,218.42,13.40,40.89,0.84,1,-1,-1
274,9,488.45,224.08,61.81,161.80,0.95,1,-1,-1
274,10,111.55,226.35,7.22,17.62,0.81,1,-1,-1
274,13,608.46,250.54,5.04,13.08,0.80,1,-1,-1
274,14,18.53,219.08,13.73,40.88,0.84,1,-1,-1
275,9,488.55,223.74,61.79,161.60,0.94,1,-1,-1
275,10,111.96,226.59,6.96,17.53,0.81,1,-1,-1
275,13,609.19,250.45,4.42,9.91,0.58,1,-1,-1
275,14,15.94,218.96,14.89,41.29,0.87,1,-1,-1
276,9,492.07,225.07,58.22,160.73,0.91,1,-1,-1
276,10,112.44,226.33,7.49,17.98,0.80,1,-1,-1
276,14,13.70,217.95,16.42,42.47,0.87,1,-1,-1
277,9,490.26,223.07,60.25,162.48,0.88,1,-1,-1
277,10,112.96,226.20,7.28,18.31,0.81,1,-1,-1
277,14,14.29,217.90,13.50,42.10,0.83,1,-1,-1
278,9,487.83,224.87,63.66,161.53,0.91,1,-1,-1
278,10,113.51,226.24,7.26,18.34,0.83,1,-1,-1
278,14,16.08,217.95,9.81,42.24,0.84,1,-1,-1
279,9,486.29,223.41,63.54,162.98,0.95,1,-1,-1
279,10,114.12,226.18,7.70,18.70,0.83,1,-1,-1
279,14,14.67,218.25,10.13,41.14,0.82,1,-1,-1
280,9,486.16,222.58,62.95,163.05,0.95,1,-1,-1
280,10,114.52,226.53,7.89,18.08,0.84,1,-1,-1
280,14,12.78,218.27,11.11,43.74,0.84,1,-1,-1
281,9,486.03,223.93,63.95,162.40,0.96,1,-1,-1
281,10,115.09,226.69,7.93,18.53,0.84,1,-1,-1
281,14,12.02,218.74,10.83,43.68,0.83,1,-1,-1
282,9,486.19,222.42,64.38,163.46,0.96,1,-1,-1
282,10,115.48,226.30,8.17,18.52,0.83,1,-1,-1
282,14,11.79,217.93,10.34,44.47,0.80,1,-1,-1
283,9,486.45,223.43,63.83,163.18,0.96,1,-1,-1
283,10,116.90,226.06,7.28,18.47,0.82,1,-1,-1
283,13,612.15,251.39,6.37,13.19,0.82,1,-1,-1
283,14,10.07,218.08,11.82,43.92,0.85,1,-1,-1
284,9,486.40,223.61,63.98,162.82,0.96,1,-1,-1
284,10,117.66,225.99,7.09,18.64,0.84,1,-1,-1
284,13,612.63,251.31,6.25,13.35,0.80,1,-1,-1
284,14,9.43,218.21,12.08,44.32,0.84,1,-1,-1
285,9,485.99,222.36,64.52,163.54,0.96,1,-1,-1
285,10,118.18,226.29,7.11,18.32,0.84,1,-1,-1
285,13,614.67,251.51,5.11,13.08,0.82,1,-1,-1
285,14,8.39,218.17,11.48,44.53,0.83,1,-1,-1
286,9,486.38,223.73,63.93,162.31,0.96,1,-1,-1
286,10,118.61,226.61,7.30,18.17,0.83,1,-1,-1
286,13,616.09,251.40,4.37,12.61,0.77,1,-1,-1
286,14,7.92,217.96,11.71,44.27,0.81,1,-1,-1
287,9,486.42,223.80,63.94,162.46,0.97,1,-1,-1
287,10,119.24,226.42,7.13,17.99,0.82,1,-1,-1
287,13,615.71,251.62,5.58,12.89,0.82,1,-1,-1
287,14,6.63,217.47,12.70,43.92,0.81,1,-1,-1
288,9,486.35,224.04,64.02,162.15,0.97,1,-1,-1
288,10,120.11,226.30,7.31,18.15,0.81,1,-1,-1
288,13,615.91,251.69,6.57,13.12,0.77,1,-1,-1
288,14,5.92,217.45,13.72,44.59,0.82,1,-1,-1
289,9,486.42,223.15,64.04,163.38,0.96,1,-1,-1
289,10,120.88,226.36,8.35,18.55,0.84,1,-1,-1
289,13,619.26,251.90,4.19,7.75,0.62,1,-1,-1
289,14,6.00,217.13,13.81,45.05,0.83,1,-1,-1
290,9,486.48,224.61,63.87,162.23,0.96,1,-1,-1
290,10,121.09,226.40,8.50,18.57,0.88,1,-1,-1
290,14,6.83,217.12,12.97,44.11,0.80,1,-1,-1
291,9,486.46,223.31,64.00,163.29,0.96,1,-1,-1
291,10,121.44,226.57,8.50,18.80,0.86,1,-1,-1
291,14,7.94,217.55,11.51,44.10,0.80,1,-1,-1
292,9,486.51,223.25,64.07,163.55,0.96,1,-1,-1
292,10,122.19,226.41,8.17,18.80,0.85,1,-1,-1
292,14,7.80,217.17,11.34,44.64,0.80,1,-1,-1
293,9,486.50,223.46,64.13,162.95,0.96,1,-1,-1
293,10,123.38,225.86,7.62,18.90,0.84,1,-1,-1
293,14,8.56,217.79,10.98,43.30,0.76,1,-1,-1
294,9,486.57,223.75,63.94,161.88,0.96,1,-1,-1
294,10,124.25,225.45,7.08,18.74,0.82,1,-1,-1
294,14,7.54,217.21,12.24,43.25,0.75,1,-1,-1
295,9,486.64,224.32,64.15,161.79,0.96,1,-1,-1
295,10,124.75,226.70,7.15,18.41,0.83,1,-1,-1
295,14,7.36,217.74,12.82,43.92,0.77,1,-1,-1
296,9,486.63,224.11,64.20,161.95,0.96,1,-1,-1
296,10,124.84,226.87,7.28,18.60,0.83,1,-1,-1
296,13,625.79,252.14,4.34,13.22,0.68,1,-1,-1
296,14,7.35,218.55,13.40,42.05,0.81,1,-1,-1
297,9,486.65,224.33,64.18,161.27,0.97,1,-1,-1
297,10,125.11,226.16,7.82,19.33,0.84,1,-1,-1
297,13,626.34,251.68,5.26,13.80,0.78,1,-1,-1
297,14,6.97,216.91,14.24,45.51,0.81,1,-1,-1
298,9,486.75,223.34,64.28,162.07,0.96,1,-1,-1
298,10,125.82,225.85,7.73,19.03,0.84,1,-1,-1
298,13,626.46,251.99,6.75,13.13,0.81,1,-1,-1
298,14,8.53,216.45,12.52,45.07,0.81,1,-1,-1
299,9,486.79,224.28,64.36,160.73,0.96,1,-1,-1
299,10,126.31,226.55,7.97,18.81,0.84,1,-1,-1
299,13,628.47,252.32,5.32,12.93,0.76,1,-1,-1
299,14,10.03,217.17,12.30,44.90,0.70,1,-1,-1
300,9,486.82,223.74,64.51,161.08,0.96,1,-1,-1
300,10,126.69,226.66,7.96,18.38,0.86,1,-1,-1
300,13,629.91,252.00,4.35,12.99,0.77,1,-1,-1
300,14,11.25,217.45,12.78,44.55,0.82,1,-1,-1
