1,1,208.44,217.97,44.82,121.86,0.95,1,-1,-1
1,2,93.82,216.67,31.27,99.77,0.94,1,-1,-1
1,3,180.77,225.76,23.94,71.61,0.93,1,-1,-1
1,4,76.24,221.16,19.50,62.45,0.92,1,-1,-1
1,5,410.49,231.45,17.24,38.91,0.90,1,-1,-1
1,6,441.18,236.81,12.55,31.97,0.88,1,-1,-1
1,7,66.71,220.14,9.85,34.18,0.86,1,-1,-1
1,8,489.10,237.95,13.46,34.11,0.85,1,-1,-1
1,9,52.40,221.76,9.77,31.33,0.78,1,-1,-1
2,1,207.09,218.90,42.12,119.52,0.95,1,-1,-1
2,2,96.74,213.08,31.33,102.85,0.95,1,-1,-1
2,3,184.70,223.41,23.48,74.43,0.94,1,-1,-1
2,4,75.88,220.34,21.02,64.03,0.91,1,-1,-1
2,5,414.68,230.85,16.27,39.85,0.89,1,-1,-1
2,6,443.34,236.29,13.74,32.55,0.88,1,-1,-1
2,7,67.59,221.00,10.10,34.49,0.83,1,-1,-1
2,8,491.53,238.85,14.47,33.70,0.87,1,-1,-1
2,9,53.13,222.06,9.09,31.41,0.78,1,-1,-1
3,1,202.18,217.06,41.94,117.77,0.94,1,-1,-1
3,2,98.32,211.24,33.17,104.33,0.94,1,-1,-1
3,3,188.69,223.32,21.71,76.55,0.92,1,-1,-1
3,4,75.84,219.20,21.28,65.06,0.92,1,-1,-1
3,5,417.58,231.82,16.05,39.02,0.89,1,-1,-1
3,6,445.82,236.84,13.26,32.16,0.88,1,-1,-1
3,7,69.06,221.12,10.72,33.47,0.77,1,-1,-1
3,8,494.30,239.11,16.13,33.87,0.86,1,-1,-1
3,9,53.36,221.38,9.85,31.29,0.80,1,-1,-1
4,1,199.02,218.10,38.54,115.79,0.93,1,-1,-1
4,2,100.78,212.65,35.48,106.57,0.93,1,-1,-1
4,3,189.54,225.40,22.54,72.33,0.85,1,-1,-1
4,4,75.82,219.22,21.80,65.60,0.93,1,-1,-1
4,5,419.51,232.45,16.93,38.99,0.90,1,-1,-1
4,6,446.82,237.40,15.37,31.69,0.91,1,-1,-1
4,7,69.99,220.79,9.41,32.88,0.75,1,-1,-1
4,8,498.40,238.70,13.56,35.21,0.89,1,-1,-1
4,9,53.69,221.20,10.71,29.92,0.79,1,-1,-1
5,1,191.80,215.94,41.94,116.90,0.96,1,-1,-1
5,2,104.22,214.71,35.29,106.80,0.91,1,-1,-1
5,4,75.35,220.35,23.31,64.21,0.94,1,-1,-1
5,5,422.04,232.32,16.91,39.75,0.90,1,-1,-1
5,6,447.71,237.68,16.40,31.80,0.89,1,-1,-1
5,7,70.10,220.12,11.50,33.81,0.79,1,-1,-1
5,8,501.58,238.52,13.55,32.68,0.89,1,-1,-1
5,9,53.71,222.12,12.31,30.40,0.80,1,-1,-1
6,1,191.91,217.66,37.75,115.12,0.95,1,-1,-1
6,2,109.31,213.10,34.75,110.41,0.90,1,-1,-1
6,4,77.32,220.33,22.97,67.02,0.90,1,-1,-1
6,5,426.77,231.50,15.52,40.58,0.90,1,-1,-1
6,6,451.52,236.77,15.33,32.71,0.89,1,-1,-1
6,7,71.28,220.46,11.16,34.80,0.79,1,-1,-1
6,8,503.25,239.86,17.55,34.29,0.91,1,-1,-1
6,9,54.02,221.79,14.54,33.17,0.84,1,-1,-1
7,1,190.04,218.57,36.85,112.73,0.93,1,-1,-1
7,2,114.99,211.39,33.34,112.11,0.91,1,-1,-1
7,4,76.98,219.44,23.81,68.97,0.91,1,-1,-1
7,5,428.90,231.46,16.31,40.59,0.90,1,-1,-1
7,6,455.19,236.86,13.24,33.05,0.89,1,-1,-1
7,7,72.05,220.98,10.66,33.33,0.78,1,-1,-1
7,8,504.76,240.33,18.55,34.19,0.89,1,-1,-1
7,9,54.26,220.81,15.39,33.82,0.86,1,-1,-1
7,10,102.28,224.72,22.27,75.28,0.82,1,-1,-1
8,1,187.65,218.51,35.83,110.04,0.93,1,-1,-1
8,2,120.14,210.20,32.76,117.87,0.92,1,-1,-1
8,3,213.80,226.11,24.11,80.76,0.87,1,-1,-1
8,4,77.60,218.10,23.59,70.08,0.92,1,-1,-1
8,5,430.38,232.48,21.33,40.01,0.94,1,-1,-1
8,6,457.47,237.50,13.27,32.45,0.87,1,-1,-1
8,7,72.41,220.48,10.34,35.69,0.76,1,-1,-1
8,8,511.25,239.92,14.44,34.46,0.86,1,-1,-1
8,9,56.35,221.18,12.35,33.08,0.84,1,-1,-1
8,10,106.49,224.61,24.08,79.87,0.85,1,-1,-1
9,1,185.81,217.57,35.61,108.28,0.92,1,-1,-1
9,2,124.70,212.89,31.42,111.76,0.93,1,-1,-1
9,3,214.19,227.15,26.39,80.51,0.90,1,-1,-1
9,4,78.24,219.20,23.37,70.52,0.93,1,-1,-1
9,5,432.08,232.67,20.45,40.54,0.94,1,-1,-1
9,6,458.84,237.81,13.20,32.23,0.88,1,-1,-1
9,7,72.91,219.60,10.15,36.51,0.80,1,-1,-1
9,8,514.77,239.79,13.09,34.74,0.86,1,-1,-1
9,9,55.78,221.83,12.19,31.34,0.86,1,-1,-1
9,10,108.75,224.32,22.92,79.35,0.88,1,-1,-1
10,1,183.42,216.98,33.94,108.53,0.94,1,-1,-1
10,2,127.22,215.21,33.66,118.05,0.91,1,-1,-1
10,3,218.54,224.86,26.83,83.58,0.94,1,-1,-1
10,4,78.55,220.17,23.22,69.80,0.93,1,-1,-1
10,5,436.77,232.40,18.25,40.85,0.91,1,-1,-1
10,6,460.34,237.31,14.05,33.35,0.88,1,-1,-1
10,7,73.50,219.41,10.36,36.31,0.79,1,-1,-1
10,8,517.55,239.22,13.79,35.28,0.84,1,-1,-1
10,9,57.06,221.97,11.30,31.85,0.86,1,-1,-1
10,10,110.57,223.50,24.36,81.92,0.90,1,-1,-1
11,1,179.65,217.18,35.69,107.61,0.94,1,-1,-1
11,2,128.27,213.07,36.32,119.97,0.91,1,-1,-1
11,3,223.06,223.14,26.19,85.01,0.94,1,-1,-1
11,4,78.51,220.12,23.06,71.46,0.94,1,-1,-1
11,5,442.37,231.76,15.60,41.55,0.90,1,-1,-1
11,6,463.68,236.88,13.13,33.67,0.87,1,-1,-1
11,7,74.38,220.02,9.75,35.12,0.66,1,-1,-1
11,8,518.55,240.18,17.23,35.25,0.87,1,-1,-1
11,9,57.13,221.14,10.13,33.55,0.82,1,-1,-1
11,10,111.81,224.19,25.72,80.78,0.88,1,-1,-1
12,1,178.02,218.16,34.30,106.88,0.95,1,-1,-1
12,2,130.62,209.48,38.27,125.10,0.93,1,-1,-1
12,3,225.96,224.44,34.53,85.43,0.94,1,-1,-1
12,4,77.62,219.31,23.93,72.44,0.93,1,-1,-1
12,5,445.24,232.46,15.17,40.68,0.90,1,-1,-1
12,6,465.37,236.87,13.93,34.14,0.89,1,-1,-1
12,7,75.27,220.75,8.84,30.76,0.45,1,-1,-1
12,8,524.24,240.71,12.27,30.51,0.79,1,-1,-1
12,9,57.19,221.16,11.92,32.65,0.81,1,-1,-1
12,10,112.61,224.97,27.30,84.21,0.90,1,-1,-1
13,1,176.14,218.69,33.56,106.34,0.94,1,-1,-1
13,2,134.51,209.20,39.48,126.20,0.93,1,-1,-1
13,3,226.99,226.60,38.24,87.09,0.95,1,-1,-1
13,4,77.90,218.46,23.97,73.40,0.93,1,-1,-1
13,5,446.89,233.37,17.22,40.21,0.91,1,-1,-1
13,6,466.56,237.43,14.57,33.38,0.89,1,-1,-1
13,7,76.21,220.36,10.12,45.14,0.66,1,-1,-1
13,8,527.08,240.16,12.20,35.62,0.86,1,-1,-1
13,9,56.89,224.94,11.80,29.29,0.79,1,-1,-1
13,10,113.29,225.05,28.03,83.86,0.91,1,-1,-1
14,1,173.66,217.73,33.51,103.51,0.92,1,-1,-1
14,2,137.80,211.42,50.97,127.58,0.94,1,-1,-1
14,3,233.26,226.20,33.70,86.65,0.95,1,-1,-1
14,4,75.11,219.19,27.18,76.73,0.93,1,-1,-1
14,5,448.63,233.74,18.93,40.97,0.92,1,-1,-1
14,6,468.18,237.79,16.03,33.45,0.89,1,-1,-1
14,7,74.81,219.79,12.02,45.91,0.72,1,-1,-1
14,8,529.95,240.17,13.12,34.73,0.87,1,-1,-1
14,9,57.15,222.69,14.01,33.08,0.83,1,-1,-1
14,10,113.29,224.21,29.59,84.79,0.93,1,-1,-1
15,1,174.85,216.84,30.17,104.73,0.87,1,-1,-1
15,2,142.55,213.47,48.50,129.31,0.95,1,-1,-1
15,3,243.79,223.72,28.35,89.43,0.95,1,-1,-1
15,4,73.23,219.93,29.20,75.01,0.91,1,-1,-1
15,5,453.50,232.61,15.75,42.23,0.89,1,-1,-1
15,6,469.40,237.64,15.55,34.31,0.87,1,-1,-1
15,7,73.65,219.81,13.59,46.86,0.56,1,-1,-1
15,8,531.46,241.18,15.02,34.24,0.88,1,-1,-1
15,9,57.76,221.61,15.47,34.77,0.86,1,-1,-1
15,10,113.22,224.10,33.08,85.55,0.94,1,-1,-1
16,1,179.77,217.41,24.62,99.82,0.70,1,-1,-1
16,2,148.81,214.90,54.10,130.08,0.91,1,-1,-1
16,3,248.10,223.75,30.57,93.06,0.94,1,-1,-1
16,4,74.78,220.03,27.88,76.71,0.93,1,-1,-1
16,5,457.17,232.32,15.87,42.41,0.91,1,-1,-1
16,6,474.75,237.68,12.79,34.30,0.87,1,-1,-1
16,7,74.54,220.35,12.87,45.80,0.49,1,-1,-1
16,8,532.01,241.59,17.35,34.53,0.87,1,-1,-1
16,9,59.59,221.15,14.06,34.73,0.84,1,-1,-1
16,10,114.63,224.84,36.33,87.72,0.94,1,-1,-1
17,2,154.52,210.46,48.00,134.17,0.96,1,-1,-1
17,3,251.84,225.70,31.79,91.83,0.94,1,-1,-1
17,4,77.70,218.64,25.29,77.71,0.93,1,-1,-1
17,5,459.46,233.17,16.24,41.96,0.89,1,-1,-1
17,6,476.43,237.33,12.49,34.78,0.89,1,-1,-1
17,7,76.59,221.04,10.78,44.25,0.49,1,-1,-1
17,8,538.37,241.84,12.60,29.36,0.89,1,-1,-1
17,9,59.62,221.25,12.85,34.40,0.81,1,-1,-1
17,10,116.53,225.67,37.16,87.81,0.95,1,-1,-1
18,2,159.79,209.51,45.56,137.16,0.96,1,-1,-1
18,3,257.60,227.77,31.40,92.87,0.94,1,-1,-1
18,4,78.23,216.29,24.47,80.51,0.93,1,-1,-1
18,5,460.72,234.00,21.53,41.22,0.92,1,-1,-1
18,6,478.73,238.02,12.81,33.04,0.85,1,-1,-1
18,7,77.78,221.37,9.49,42.53,0.50,1,-1,-1
18,8,542.67,240.86,12.79,31.52,0.82,1,-1,-1
18,9,59.83,222.66,12.18,32.68,0.78,1,-1,-1
18,10,121.37,225.03,35.13,88.95,0.95,1,-1,-1
19,2,166.69,212.03,45.56,140.42,0.93,1,-1,-1
19,3,265.03,225.13,29.83,95.99,0.94,1,-1,-1
19,4,77.90,219.09,24.66,79.00,0.92,1,-1,-1
19,5,463.35,233.85,20.91,42.30,0.93,1,-1,-1
19,6,480.85,238.69,13.42,32.92,0.81,1,-1,-1
19,8,544.77,241.14,13.19,32.83,0.85,1,-1,-1
19,9,59.79,222.64,12.78,33.60,0.80,1,-1,-1
19,10,123.63,223.77,36.06,90.47,0.96,1,-1,-1
20,2,171.96,213.07,46.57,145.34,0.92,1,-1,-1
20,3,270.33,223.22,29.71,98.86,0.94,1,-1,-1
20,4,77.50,220.78,25.29,80.36,0.94,1,-1,-1
20,5,468.47,233.15,16.46,43.01,0.89,1,-1,-1
20,6,483.79,238.26,15.37,34.62,0.87,1,-1,-1
20,8,545.96,241.58,14.99,35.16,0.87,1,-1,-1
20,9,59.27,223.97,14.68,33.14,0.82,1,-1,-1
20,10,124.21,223.95,38.11,93.22,0.95,1,-1,-1
21,1,173.45,218.13,27.38,99.38,0.73,1,-1,-1
21,2,177.30,216.35,47.29,143.65,0.91,1,-1,-1
21,3,271.81,225.06,44.35,98.68,0.95,1,-1,-1
21,4,76.79,220.75,25.68,80.79,0.94,1,-1,-1
21,5,473.67,232.91,14.05,43.29,0.87,1,-1,-1
21,6,486.20,237.82,13.10,35.07,0.88,1,-1,-1
21,8,548.47,242.35,15.50,34.79,0.84,1,-1,-1
21,9,61.83,224.22,11.76,32.17,0.76,1,-1,-1
21,10,125.49,224.44,39.07,96.44,0.95,1,-1,-1
22,1,174.27,217.89,27.45,99.26,0.83,1,-1,-1
22,2,191.77,214.11,39.64,145.32,0.89,1,-1,-1
22,3,273.67,227.18,47.50,100.22,0.96,1,-1,-1
22,4,75.83,218.54,26.67,83.04,0.94,1,-1,-1
22,5,477.05,233.62,16.34,42.77,0.88,1,-1,-1
22,6,488.27,237.44,12.67,35.63,0.82,1,-1,-1
22,8,555.26,241.41,11.96,35.81,0.85,1,-1,-1
22,9,61.47,223.13,12.89,34.96,0.78,1,-1,-1
22,10,126.83,225.43,39.96,94.16,0.96,1,-1,-1
23,1,174.01,218.31,30.17,98.29,0.78,1,-1,-1
23,2,191.83,209.09,58.50,153.89,0.91,1,-1,-1
23,3,284.97,225.86,38.47,102.15,0.95,1,-1,-1
23,4,73.83,217.71,29.13,84.79,0.94,1,-1,-1
23,5,477.74,234.73,20.77,42.23,0.91,1,-1,-1
23,6,491.91,238.24,12.82,33.69,0.83,1,-1,-1
23,8,558.24,241.59,11.62,32.36,0.85,1,-1,-1
23,9,61.73,222.98,12.22,37.04,0.83,1,-1,-1
23,10,127.64,224.80,39.48,94.85,0.95,1,-1,-1
24,1,177.00,218.35,32.92,99.21,0.87,1,-1,-1
24,2,197.94,212.35,68.92,155.43,0.94,1,-1,-1
24,3,300.65,224.23,32.37,106.36,0.95,1,-1,-1
24,4,71.27,218.74,32.80,86.44,0.92,1,-1,-1
24,5,481.73,234.43,17.40,43.00,0.88,1,-1,-1
24,6,493.02,239.17,14.12,35.66,0.81,1,-1,-1
24,8,559.31,242.03,14.61,32.99,0.88,1,-1,-1
24,9,61.82,222.38,15.34,36.87,0.87,1,-1,-1
24,10,128.79,224.13,40.32,95.45,0.94,1,-1,-1
25,1,177.44,217.74,33.65,99.25,0.91,1,-1,-1
25,2,200.74,211.15,67.64,159.48,0.93,1,-1,-1
25,3,305.50,225.44,34.48,106.33,0.94,1,-1,-1
25,4,75.61,220.58,29.51,87.03,0.93,1,-1,-1
25,5,487.30,233.90,14.81,43.87,0.85,1,-1,-1
25,6,496.47,238.80,13.81,35.45,0.79,1,-1,-1
25,8,558.99,242.61,17.56,35.81,0.87,1,-1,-1
25,9,61.93,222.78,15.28,35.64,0.86,1,-1,-1
25,10,130.38,224.48,41.40,97.58,0.95,1,-1,-1
26,1,177.41,218.44,37.28,99.06,0.92,1,-1,-1
26,2,215.69,207.26,56.62,165.18,0.94,1,-1,-1
26,3,308.84,227.28,41.74,109.05,0.94,1,-1,-1
26,4,73.81,218.97,32.37,89.04,0.95,1,-1,-1
26,5,491.48,234.14,15.24,43.80,0.83,1,-1,-1
26,6,500.99,238.83,11.11,35.46,0.70,1,-1,-1
26,8,567.42,242.30,12.49,36.02,0.85,1,-1,-1
26,9,62.76,223.99,14.10,34.77,0.81,1,-1,-1
26,10,134.44,224.87,39.79,97.97,0.95,1,-1,-1
27,1,177.33,218.87,39.73,99.02,0.93,1,-1,-1
27,2,226.74,204.37,54.55,171.25,0.96,1,-1,-1
27,3,319.04,226.21,37.93,111.44,0.93,1,-1,-1
27,4,77.01,217.42,29.46,91.09,0.95,1,-1,-1
27,5,492.23,234.95,22.40,43.26,0.91,1,-1,-1
27,6,502.78,238.82,11.41,37.39,0.48,1,-1,-1
27,8,570.57,241.62,12.21,36.87,0.86,1,-1,-1
27,9,63.72,224.03,13.66,34.63,0.81,1,-1,-1
27,10,138.06,224.49,38.32,98.39,0.94,1,-1,-1
28,1,179.54,218.82,38.43,99.18,0.94,1,-1,-1
28,2,233.06,206.58,57.19,168.63,0.95,1,-1,-1
28,3,329.88,223.89,32.81,114.64,0.93,1,-1,-1
28,4,77.30,216.95,29.24,92.71,0.95,1,-1,-1
28,5,492.60,235.33,23.52,43.58,0.93,1,-1,-1
28,8,572.66,241.72,13.00,35.91,0.86,1,-1,-1
28,9,62.10,223.39,15.91,36.00,0.82,1,-1,-1
28,10,139.89,223.81,38.86,98.79,0.95,1,-1,-1
29,1,180.45,218.72,38.78,99.13,0.92,1,-1,-1
29,2,244.98,209.71,65.50,175.62,0.92,1,-1,-1
29,3,334.01,224.37,45.71,113.94,0.95,1,-1,-1
29,4,77.43,216.01,29.52,95.67,0.95,1,-1,-1
29,5,497.40,235.09,20.52,43.94,0.90,1,-1,-1
29,8,573.49,242.21,15.27,36.41,0.91,1,-1,-1
29,9,62.15,224.35,16.58,35.13,0.79,1,-1,-1
29,10,142.51,223.75,38.79,100.60,0.93,1,-1,-1
30,1,180.86,218.82,39.15,99.90,0.92,1,-1,-1
30,2,249.67,209.20,65.41,181.16,0.93,1,-1,-1
30,3,334.71,226.53,60.74,114.93,0.96,1,-1,-1
30,4,77.25,221.27,29.71,94.05,0.94,1,-1,-1
30,5,504.88,234.08,15.84,44.78,0.89,1,-1,-1
30,8,576.05,242.88,15.00,34.37,0.88,1,-1,-1
30,9,64.21,225.91,12.01,34.70,0.76,1,-1,-1
30,10,144.03,224.25,40.14,101.64,0.94,1,-1,-1
31,1,184.71,218.98,36.18,103.67,0.86,1,-1,-1
31,2,266.73,199.45,60.64,189.23,0.96,1,-1,-1
31,3,342.45,226.86,55.95,117.61,0.96,1,-1,-1
31,4,76.78,215.42,30.61,99.67,0.95,1,-1,-1
31,5,508.52,234.49,16.07,44.42,0.88,1,-1,-1
31,8,582.36,243.01,11.71,34.12,0.73,1,-1,-1
31,9,63.95,224.12,14.62,38.16,0.83,1,-1,-1
31,10,145.28,224.47,40.64,102.81,0.94,1,-1,-1
32,1,182.78,219.08,38.39,105.35,0.91,1,-1,-1
32,2,275.98,193.92,60.49,195.45,0.97,1,-1,-1
32,3,360.63,225.56,41.62,120.25,0.94,1,-1,-1
32,4,76.64,214.60,31.55,99.86,0.95,1,-1,-1
32,5,510.55,235.49,18.54,43.92,0.92,1,-1,-1
32,8,584.24,242.92,13.83,37.56,0.86,1,-1,-1
32,9,63.59,222.66,16.90,39.57,0.86,1,-1,-1
32,10,146.16,224.29,39.28,103.34,0.95,1,-1,-1
33,1,187.82,219.47,34.46,104.87,0.92,1,-1,-1
33,2,287.16,199.28,79.29,192.08,0.92,1,-1,-1
33,3,378.82,223.45,33.65,124.68,0.93,1,-1,-1
33,4,75.26,214.09,34.16,102.42,0.95,1,-1,-1
33,5,511.44,235.52,20.86,44.90,0.94,1,-1,-1
33,8,586.13,242.63,17.59,36.34,0.88,1,-1,-1
33,9,63.92,224.14,15.79,38.92,0.84,1,-1,-1
33,10,146.99,223.97,38.08,103.62,0.94,1,-1,-1
34,1,188.49,219.12,34.90,105.54,0.93,1,-1,-1
34,2,290.45,203.11,103.70,190.38,0.94,1,-1,-1
34,3,381.48,225.60,50.76,125.98,0.93,1,-1,-1
34,4,74.97,216.42,35.91,102.76,0.93,1,-1,-1
34,5,514.99,235.44,19.27,44.89,0.92,1,-1,-1
34,8,588.34,243.26,16.58,33.92,0.85,1,-1,-1
34,9,64.76,225.05,16.61,40.77,0.87,1,-1,-1
34,10,148.49,223.92,37.24,103.64,0.95,1,-1,-1
35,1,187.93,218.75,37.07,105.20,0.91,1,-1,-1
35,2,294.25,205.69,105.60,194.81,0.93,1,-1,-1
35,3,384.81,227.70,54.14,126.98,0.94,1,-1,-1
35,4,78.46,216.95,34.04,105.82,0.94,1,-1,-1
35,5,521.81,234.75,16.02,45.75,0.90,1,-1,-1
35,8,588.81,242.30,17.63,38.02,0.87,1,-1,-1
35,9,66.26,224.85,15.59,39.29,0.86,1,-1,-1
35,10,149.41,223.57,38.81,103.37,0.94,1,-1,-1
36,1,188.36,218.06,38.16,106.03,0.93,1,-1,-1
36,2,326.24,193.76,78.24,211.23,0.88,1,-1,-1
36,3,407.50,225.28,40.81,130.65,0.93,1,-1,-1
36,4,80.29,213.93,34.47,109.73,0.94,1,-1,-1
36,5,525.22,235.50,19.46,45.39,0.91,1,-1,-1
36,8,596.08,240.67,14.02,38.53,0.88,1,-1,-1
36,9,69.00,224.03,13.24,39.58,0.85,1,-1,-1
36,10,150.79,223.90,39.99,103.92,0.94,1,-1,-1
37,1,190.48,218.46,38.61,107.27,0.90,1,-1,-1
37,2,356.63,183.74,70.36,231.17,0.88,1,-1,-1
37,3,419.39,223.00,54.50,133.48,0.95,1,-1,-1
37,4,80.82,213.29,35.87,111.60,0.94,1,-1,-1
37,5,526.15,236.56,23.43,44.67,0.95,1,-1,-1
37,8,600.00,240.46,14.34,37.46,0.88,1,-1,-1
37,9,70.31,225.03,13.89,40.21,0.85,1,-1,-1
37,10,153.74,224.62,40.14,104.41,0.93,1,-1,-1
38,1,194.39,219.30,43.45,110.78,0.90,1,-1,-1
38,2,367.92,192.29,102.65,225.04,0.90,1,-1,-1
38,3,421.04,227.49,73.16,134.06,0.87,1,-1,-1
38,4,80.52,218.50,37.93,111.19,0.94,1,-1,-1
38,5,530.06,235.69,21.10,46.10,0.91,1,-1,-1
38,8,600.93,241.68,17.31,37.08,0.89,1,-1,-1
38,9,72.07,224.87,13.16,42.44,0.81,1,-1,-1
38,10,156.72,224.29,38.82,104.71,0.94,1,-1,-1
39,1,196.87,219.81,42.84,111.03,0.92,1,-1,-1
39,2,370.96,204.07,106.73,218.97,0.92,1,-1,-1
39,3,449.02,228.02,49.13,135.25,0.82,1,-1,-1
39,4,81.61,215.71,37.47,117.26,0.94,1,-1,-1
39,5,536.26,235.40,18.54,46.39,0.91,1,-1,-1
39,8,604.08,242.03,15.45,36.92,0.87,1,-1,-1
39,9,72.80,223.64,13.83,43.36,0.78,1,-1,-1
39,10,159.06,224.04,39.84,105.10,0.93,1,-1,-1
40,1,198.30,219.36,44.80,112.21,0.94,1,-1,-1
40,2,405.00,188.18,80.70,239.63,0.83,1,-1,-1
40,3,469.67,225.25,35.16,139.77,0.85,1,-1,-1
40,4,82.12,214.49,38.31,119.31,0.95,1,-1,-1
40,5,541.36,235.66,17.34,46.36,0.82,1,-1,-1
40,8,609.42,240.57,13.55,37.78,0.85,1,-1,-1
40,9,72.63,224.48,14.60,43.19,0.86,1,-1,-1
40,10,160.33,224.06,40.60,105.34,0.94,1,-1,-1
41,1,208.63,218.06,38.55,112.98,0.92,1,-1,-1
41,2,433.65,178.83,92.03,246.66,0.86,1,-1,-1
41,3,482.52,224.32,40.12,146.02,0.54,1,-1,-1
41,4,80.44,212.17,41.43,121.60,0.94,1,-1,-1
41,5,541.00,236.65,23.64,45.88,0.90,1,-1,-1
41,6,538.64,240.06,15.15,41.71,0.67,1,-1,-1
41,8,612.89,240.60,13.12,40.10,0.84,1,-1,-1
41,9,73.17,225.03,14.22,42.83,0.76,1,-1,-1
41,10,161.58,224.46,42.13,107.52,0.95,1,-1,-1
42,1,213.23,217.74,36.76,113.41,0.92,1,-1,-1
42,2,441.92,178.73,102.33,249.72,0.88,1,-1,-1
42,3,478.94,184.86,62.54,189.14,0.49,1,-1,-1
42,4,82.39,214.60,40.84,123.48,0.95,1,-1,-1
42,5,545.11,237.04,21.03,46.37,0.89,1,-1,-1
42,6,539.07,241.30,15.40,38.18,0.67,1,-1,-1
42,8,614.31,241.26,16.09,37.77,0.83,1,-1,-1
42,9,73.52,224.67,14.61,43.93,0.76,1,-1,-1
42,10,162.73,225.02,44.61,109.58,0.95,1,-1,-1
43,1,216.33,219.31,35.73,117.29,0.91,1,-1,-1
43,2,447.15,184.38,135.91,245.30,0.92,1,-1,-1
43,4,83.85,215.44,41.78,125.13,0.92,1,-1,-1
43,5,554.14,236.31,15.18,47.10,0.78,1,-1,-1
43,6,547.79,241.00,12.48,38.26,0.70,1,-1,-1
43,8,617.78,242.29,13.73,32.32,0.69,1,-1,-1
43,9,74.73,223.75,16.76,43.08,0.85,1,-1,-1
43,10,164.78,225.56,47.49,110.02,0.95,1,-1,-1
44,1,219.91,220.15,35.09,117.36,0.87,1,-1,-1
44,2,451.90,187.60,135.67,246.54,0.90,1,-1,-1
44,4,86.61,215.75,42.48,129.60,0.94,1,-1,-1
44,8,622.78,241.77,12.50,15.73,0.63,1,-1,-1
44,9,76.18,224.90,15.50,43.49,0.83,1,-1,-1
44,10,166.17,225.94,47.95,110.56,0.95,1,-1,-1
45,1,223.70,220.35,37.29,120.37,0.91,1,-1,-1
45,2,518.49,179.67,80.01,258.58,0.87,1,-1,-1
45,4,90.44,214.51,43.51,131.34,0.95,1,-1,-1
45,8,626.08,240.33,13.52,13.70,0.74,1,-1,-1
45,9,77.48,225.21,14.55,42.97,0.84,1,-1,-1
45,10,167.24,224.93,47.74,113.06,0.95,1,-1,-1
46,1,227.47,218.85,36.57,122.33,0.91,1,-1,-1
46,2,526.49,178.62,87.30,259.86,0.83,1,-1,-1
46,4,92.21,212.39,46.04,135.72,0.97,1,-1,-1
46,9,79.16,223.54,15.05,45.92,0.86,1,-1,-1
46,10,168.52,224.83,48.06,112.46,0.96,1,-1,-1
47,1,230.98,218.08,37.17,122.61,0.93,1,-1,-1
47,2,536.97,174.63,99.29,245.91,0.80,1,-1,-1
47,4,94.74,214.48,47.57,139.68,0.95,1,-1,-1
47,9,79.40,222.99,16.51,46.93,0.86,1,-1,-1
47,10,170.47,225.11,48.63,113.18,0.96,1,-1,-1
48,1,233.42,218.11,41.21,125.31,0.93,1,-1,-1
48,2,561.42,178.53,79.39,257.57,0.82,1,-1,-1
48,4,96.39,216.56,48.87,135.74,0.97,1,-1,-1
48,6,562.69,241.55,12.28,35.74,0.62,1,-1,-1
48,7,99.72,220.76,11.08,23.55,0.78,1,-1,-1
48,9,80.20,223.67,16.85,47.13,0.85,1,-1,-1
48,10,173.16,225.79,52.84,114.04,0.95,1,-1,-1
49,1,237.91,219.44,46.56,129.27,0.94,1,-1,-1
49,2,592.59,222.20,47.37,155.85,0.92,1,-1,-1
49,4,99.88,211.55,51.15,147.52,0.96,1,-1,-1
49,5,577.68,237.07,16.65,47.98,0.87,1,-1,-1
49,6,566.06,240.88,13.21,38.72,0.87,1,-1,-1
49,7,100.86,221.31,13.49,25.47,0.78,1,-1,-1
49,9,82.33,224.32,14.72,47.72,0.86,1,-1,-1
49,10,179.84,227.07,48.84,116.23,0.96,1,-1,-1
50,1,241.94,218.76,45.35,130.04,0.94,1,-1,-1
50,2,594.71,224.46,45.30,153.55,0.92,1,-1,-1
50,4,101.90,206.98,52.97,151.69,0.96,1,-1,-1
50,5,578.33,237.86,20.19,46.64,0.87,1,-1,-1
50,6,565.82,241.95,16.43,37.56,0.87,1,-1,-1
50,7,101.22,220.79,15.01,34.05,0.70,1,-1,-1
50,9,82.11,223.35,15.44,48.85,0.90,1,-1,-1
50,10,185.27,226.10,47.90,117.44,0.95,1,-1,-1
51,1,247.47,216.57,45.18,131.94,0.93,1,-1,-1
51,2,603.42,226.01,36.85,152.47,0.83,1,-1,-1
51,4,106.66,206.21,53.05,156.73,0.95,1,-1,-1
51,5,586.30,238.36,14.67,42.19,0.79,1,-1,-1
51,6,566.84,242.85,19.78,37.44,0.87,1,-1,-1
51,7,102.36,219.68,15.55,51.30,0.83,1,-1,-1
51,9,83.30,223.20,14.99,48.71,0.89,1,-1,-1
51,10,188.87,226.24,49.84,117.64,0.95,1,-1,-1
52,1,249.76,215.47,47.82,135.23,0.94,1,-1,-1
52,4,111.00,206.96,65.39,162.97,0.93,1,-1,-1
52,5,592.36,237.67,12.25,18.58,0.73,1,-1,-1
52,6,575.81,242.48,14.15,35.64,0.81,1,-1,-1
52,7,103.79,219.88,15.64,52.30,0.89,1,-1,-1
52,9,83.61,224.44,15.45,48.08,0.90,1,-1,-1
52,10,191.64,224.67,53.94,121.39,0.95,1,-1,-1
53,1,251.57,216.57,50.55,137.05,0.94,1,-1,-1
53,4,120.88,207.54,57.02,164.67,0.94,1,-1,-1
53,5,597.18,237.15,11.59,15.08,0.71,1,-1,-1
53,6,577.52,242.50,15.23,33.71,0.79,1,-1,-1
53,7,105.16,220.89,15.50,51.28,0.89,1,-1,-1
53,9,84.57,224.57,15.19,47.90,0.90,1,-1,-1
53,10,194.50,225.34,59.37,123.01,0.95,1,-1,-1
54,1,252.44,217.94,52.35,140.77,0.93,1,-1,-1
54,4,131.19,202.44,54.05,169.97,0.95,1,-1,-1
54,7,106.43,221.05,14.51,52.63,0.88,1,-1,-1
54,9,85.43,222.91,16.82,49.18,0.89,1,-1,-1
54,10,196.75,225.79,60.15,126.91,0.94,1,-1,-1
55,1,253.50,218.44,53.98,145.14,0.93,1,-1,-1
55,4,136.92,198.13,59.77,177.74,0.95,1,-1,-1
55,7,107.10,220.62,14.69,53.19,0.89,1,-1,-1
55,9,87.35,222.08,16.27,50.94,0.91,1,-1,-1
55,10,197.92,226.01,57.87,126.62,0.94,1,-1,-1
56,1,255.25,217.13,54.72,146.80,0.96,1,-1,-1
56,4,145.84,201.42,67.95,176.16,0.92,1,-1,-1
56,7,107.89,219.44,15.69,53.80,0.89,1,-1,-1
56,9,86.73,223.19,18.07,50.14,0.92,1,-1,-1
56,10,206.49,224.40,49.01,128.46,0.93,1,-1,-1
57,1,256.83,216.10,54.83,145.02,0.94,1,-1,-1
57,4,156.86,202.69,68.71,184.19,0.89,1,-1,-1
57,7,109.59,219.67,15.78,54.97,0.91,1,-1,-1
57,9,87.85,223.78,17.51,51.71,0.92,1,-1,-1
57,10,212.58,224.38,43.41,128.29,0.90,1,-1,-1
58,1,259.03,215.14,53.87,149.82,0.90,1,-1,-1
58,4,168.93,199.73,62.22,190.83,0.81,1,-1,-1
58,7,110.61,220.53,16.52,54.32,0.92,1,-1,-1
58,9,88.41,222.48,17.29,53.28,0.93,1,-1,-1
58,10,216.90,224.73,41.81,131.11,0.77,1,-1,-1
59,1,262.89,213.78,50.27,157.52,0.91,1,-1,-1
59,4,182.46,191.07,61.03,203.02,0.79,1,-1,-1
59,7,112.03,220.20,16.84,55.28,0.91,1,-1,-1
59,9,89.53,222.32,16.39,53.40,0.91,1,-1,-1
59,10,224.21,227.06,37.12,130.08,0.60,1,-1,-1
60,1,265.40,215.92,49.38,154.83,0.95,1,-1,-1
60,4,195.77,201.75,85.72,190.49,0.89,1,-1,-1
60,7,114.38,218.84,16.44,56.80,0.92,1,-1,-1
60,9,90.03,223.31,17.05,52.75,0.92,1,-1,-1
61,1,266.81,214.59,50.19,158.88,0.85,1,-1,-1
61,4,205.08,204.26,101.66,190.83,0.90,1,-1,-1
61,7,115.99,218.46,16.95,57.92,0.92,1,-1,-1
61,9,91.29,223.92,17.07,52.62,0.92,1,-1,-1
62,1,271.31,214.36,48.18,156.69,0.64,1,-1,-1
62,4,207.72,202.48,108.95,199.55,0.90,1,-1,-1
62,7,117.13,219.01,16.76,58.42,0.91,1,-1,-1
62,9,92.20,222.71,17.96,53.07,0.90,1,-1,-1
63,1,270.13,211.26,50.57,162.02,0.26,1,-1,-1
63,4,215.14,194.24,104.95,209.38,0.87,1,-1,-1
63,7,118.02,219.50,17.07,57.36,0.92,1,-1,-1
63,9,93.39,221.46,18.43,55.31,0.90,1,-1,-1
63,10,217.87,224.42,47.90,139.65,0.65,1,-1,-1
64,4,262.87,183.33,66.32,224.28,0.87,1,-1,-1
64,7,119.64,219.77,16.21,57.96,0.91,1,-1,-1
64,9,93.95,222.00,18.38,55.23,0.92,1,-1,-1
64,10,218.91,224.39,51.72,139.25,0.91,1,-1,-1
65,4,283.31,200.33,81.48,212.34,0.87,1,-1,-1
65,7,120.84,218.72,16.39,59.62,0.91,1,-1,-1
65,9,95.13,222.75,16.85,56.34,0.91,1,-1,-1
65,10,218.42,225.24,55.67,140.69,0.96,1,-1,-1
66,1,277.98,211.24,51.38,191.53,0.74,1,-1,-1
66,4,285.88,200.40,113.41,216.59,0.90,1,-1,-1
66,7,122.19,218.36,16.75,60.23,0.92,1,-1,-1
66,9,96.17,222.07,18.45,57.64,0.91,1,-1,-1
66,10,216.26,226.01,64.41,140.98,0.94,1,-1,-1
67,1,280.19,212.37,50.16,159.68,0.86,1,-1,-1
67,4,292.28,201.09,122.85,220.02,0.93,1,-1,-1
67,7,123.43,218.98,16.95,59.77,0.92,1,-1,-1
67,9,96.53,220.47,17.91,59.28,0.92,1,-1,-1
67,10,214.84,224.40,65.09,142.13,0.95,1,-1,-1
68,1,284.00,211.65,50.94,162.68,0.91,1,-1,-1
68,4,322.38,187.69,107.79,240.88,0.92,1,-1,-1
68,7,123.97,219.54,18.42,59.48,0.92,1,-1,-1
68,9,96.87,221.38,17.31,58.48,0.93,1,-1,-1
68,10,212.66,224.81,64.52,141.39,0.96,1,-1,-1
69,1,284.75,212.66,52.10,161.28,0.94,1,-1,-1
69,4,358.78,177.89,82.31,247.64,0.91,1,-1,-1
69,7,125.86,218.94,18.89,61.50,0.92,1,-1,-1
69,9,97.67,222.49,18.13,57.82,0.92,1,-1,-1
69,10,213.33,223.75,61.11,143.58,0.96,1,-1,-1
70,1,285.20,212.20,52.33,164.48,0.96,1,-1,-1
70,4,374.53,182.56,128.15,244.78,0.93,1,-1,-1
70,7,129.49,217.43,17.54,63.23,0.92,1,-1,-1
70,9,99.06,222.27,18.63,59.94,0.92,1,-1,-1
70,10,216.93,224.41,56.31,143.05,0.97,1,-1,-1
70,11,95.67,226.68,4.44,14.23,0.79,1,-1,-1
71,1,285.67,211.66,51.94,165.99,0.96,1,-1,-1
71,4,374.24,189.12,146.66,239.12,0.89,1,-1,-1
71,7,130.47,217.12,17.94,64.68,0.93,1,-1,-1
71,9,100.56,221.27,17.92,60.71,0.92,1,-1,-1
71,10,218.70,224.55,56.33,143.20,0.96,1,-1,-1
71,11,95.77,226.65,4.60,14.50,0.80,1,-1,-1
72,1,283.19,211.42,54.35,165.91,0.96,1,-1,-1
72,4,392.10,189.96,148.44,240.90,0.90,1,-1,-1
72,7,132.05,217.81,18.09,63.41,0.92,1,-1,-1
72,9,101.43,220.21,20.31,62.12,0.93,1,-1,-1
72,10,221.58,223.32,55.91,144.83,0.96,1,-1,-1
72,11,96.03,226.59,4.79,14.77,0.80,1,-1,-1
73,1,287.36,213.00,49.32,164.43,0.95,1,-1,-1
73,4,448.83,180.57,93.56,250.29,0.83,1,-1,-1
73,7,134.27,218.48,18.43,64.36,0.92,1,-1,-1
73,9,102.93,221.36,21.81,61.27,0.93,1,-1,-1
73,10,224.66,223.16,58.57,144.37,0.93,1,-1,-1
73,11,96.55,226.54,4.73,14.95,0.79,1,-1,-1
74,1,283.22,211.83,52.81,165.29,0.95,1,-1,-1
74,4,482.81,176.16,76.58,257.47,0.86,1,-1,-1
74,7,135.60,217.68,18.16,65.90,0.91,1,-1,-1
74,9,104.31,222.13,21.52,62.59,0.93,1,-1,-1
74,10,226.16,223.07,54.13,145.02,0.94,1,-1,-1
74,11,96.86,226.43,4.89,15.03,0.79,1,-1,-1
75,1,283.75,211.66,51.04,165.49,0.95,1,-1,-1
75,4,485.79,182.94,123.93,248.82,0.92,1,-1,-1
75,7,137.54,216.69,17.91,66.69,0.93,1,-1,-1
75,9,106.29,221.17,20.60,63.13,0.93,1,-1,-1
75,10,227.37,222.79,52.93,148.27,0.95,1,-1,-1
75,11,97.22,226.67,5.40,14.96,0.80,1,-1,-1
76,1,281.17,212.14,53.05,164.50,0.95,1,-1,-1
76,4,493.48,179.56,138.20,254.00,0.86,1,-1,-1
76,7,139.39,216.84,18.67,67.48,0.93,1,-1,-1
76,9,107.34,219.85,19.65,65.04,0.93,1,-1,-1
76,10,227.71,223.26,53.68,148.41,0.95,1,-1,-1
76,11,97.56,226.71,5.06,14.95,0.78,1,-1,-1
77,1,279.56,212.48,55.53,163.49,0.94,1,-1,-1
77,4,537.23,178.99,103.98,258.60,0.82,1,-1,-1
77,7,140.87,218.00,19.92,68.28,0.92,1,-1,-1
77,9,109.29,221.48,19.75,64.44,0.93,1,-1,-1
77,10,228.56,223.00,52.41,147.77,0.94,1,-1,-1
77,11,98.25,226.48,4.73,14.94,0.77,1,-1,-1
78,1,276.37,212.13,58.56,164.17,0.93,1,-1,-1
78,4,582.63,176.20,60.70,261.74,0.73,1,-1,-1
78,7,142.48,218.04,20.81,68.49,0.92,1,-1,-1
78,9,110.62,221.26,20.10,66.47,0.93,1,-1,-1
78,10,228.61,223.96,52.22,146.15,0.94,1,-1,-1
78,11,98.74,226.58,4.48,14.47,0.78,1,-1,-1
79,1,277.53,214.82,54.28,158.42,0.92,1,-1,-1
79,4,596.96,223.28,43.49,212.89,0.73,1,-1,-1
79,7,145.23,216.81,19.38,69.68,0.92,1,-1,-1
79,9,112.87,221.02,20.44,66.88,0.92,1,-1,-1
79,10,228.01,222.67,53.10,148.77,0.93,1,-1,-1
79,11,98.92,226.58,4.40,14.67,0.76,1,-1,-1
80,1,276.74,215.52,51.30,158.08,0.92,1,-1,-1
80,7,148.19,215.46,19.35,72.08,0.92,1,-1,-1
80,9,114.68,219.43,22.90,68.79,0.94,1,-1,-1
80,10,228.11,222.47,51.42,147.32,0.95,1,-1,-1
80,11,99.21,226.68,4.88,14.82,0.77,1,-1,-1
81,1,274.33,215.22,52.40,158.63,0.90,1,-1,-1
81,7,150.70,216.61,19.38,70.35,0.93,1,-1,-1
81,9,116.90,220.35,24.49,68.20,0.94,1,-1,-1
81,10,229.15,221.97,54.99,148.09,0.89,1,-1,-1
81,11,99.63,226.61,4.63,15.33,0.80,1,-1,-1
82,1,262.90,214.37,61.81,159.10,0.83,1,-1,-1
82,7,153.56,217.73,19.02,71.54,0.92,1,-1,-1
82,9,118.66,220.28,25.21,70.10,0.94,1,-1,-1
82,10,231.49,220.49,50.40,150.03,0.87,1,-1,-1
82,11,99.77,226.63,4.77,15.19,0.78,1,-1,-1
83,1,261.54,216.63,60.51,156.59,0.88,1,-1,-1
83,7,157.30,217.15,19.14,73.71,0.92,1,-1,-1
83,9,122.23,220.14,24.91,71.10,0.94,1,-1,-1
83,10,237.46,220.18,42.85,150.21,0.85,1,-1,-1
83,11,100.05,226.76,5.10,15.32,0.80,1,-1,-1
84,1,249.19,219.37,70.85,152.67,0.87,1,-1,-1
84,7,160.17,215.78,19.86,75.39,0.93,1,-1,-1
84,9,124.55,219.38,21.97,72.05,0.94,1,-1,-1
84,10,240.85,220.38,40.13,150.16,0.78,1,-1,-1
84,11,100.51,226.79,5.05,14.72,0.79,1,-1,-1
85,1,258.94,219.72,60.18,152.59,0.86,1,-1,-1
85,7,162.46,216.18,23.63,75.76,0.92,1,-1,-1
85,9,126.95,221.36,24.47,71.28,0.93,1,-1,-1
85,10,240.63,220.10,40.17,150.81,0.82,1,-1,-1
85,11,100.75,226.71,5.49,15.12,0.80,1,-1,-1
86,1,262.36,220.52,56.27,153.28,0.90,1,-1,-1
86,7,163.09,217.24,26.24,78.52,0.92,1,-1,-1
86,9,128.91,221.89,23.40,72.44,0.93,1,-1,-1
86,10,240.49,220.87,38.97,149.38,0.80,1,-1,-1
86,11,100.90,226.52,5.53,15.19,0.81,1,-1,-1
87,1,261.11,220.77,56.77,152.88,0.91,1,-1,-1
87,7,164.80,217.25,25.92,77.15,0.93,1,-1,-1
87,9,131.89,221.50,22.80,74.07,0.93,1,-1,-1
87,10,239.14,220.03,38.45,150.56,0.84,1,-1,-1
87,11,101.25,226.35,5.53,15.59,0.81,1,-1,-1
88,1,263.43,221.45,54.48,151.79,0.91,1,-1,-1
88,7,170.67,216.51,22.49,77.68,0.92,1,-1,-1
88,9,134.95,219.11,23.42,76.55,0.93,1,-1,-1
88,10,238.97,221.77,38.88,148.65,0.84,1,-1,-1
88,11,101.75,226.21,5.17,15.58,0.79,1,-1,-1
89,1,261.84,221.19,56.31,152.37,0.90,1,-1,-1
89,7,175.17,215.49,21.70,79.78,0.93,1,-1,-1
89,9,138.00,218.80,27.80,77.88,0.95,1,-1,-1
89,10,240.02,221.48,37.22,148.88,0.82,1,-1,-1
89,11,101.92,226.38,5.45,15.32,0.80,1,-1,-1
90,1,262.43,221.66,56.61,151.72,0.89,1,-1,-1
90,7,178.02,216.59,22.31,80.01,0.90,1,-1,-1
90,9,140.81,220.27,28.15,78.39,0.94,1,-1,-1
90,10,239.97,221.59,35.62,148.61,0.84,1,-1,-1
90,11,102.49,226.57,4.97,15.36,0.79,1,-1,-1
91,1,261.37,221.24,57.91,151.25,0.87,1,-1,-1
91,7,181.20,217.69,21.83,81.12,0.91,1,-1,-1
91,9,144.61,220.49,23.89,79.05,0.92,1,-1,-1
91,10,240.20,221.60,37.29,147.97,0.82,1,-1,-1
91,11,102.64,226.56,5.50,15.49,0.79,1,-1,-1
92,1,262.51,220.71,57.61,152.11,0.89,1,-1,-1
92,7,184.77,216.98,21.55,82.68,0.92,1,-1,-1
92,9,148.34,218.17,27.67,81.75,0.95,1,-1,-1
92,10,239.54,221.72,39.87,148.71,0.85,1,-1,-1
92,11,102.94,225.98,6.10,16.02,0.79,1,-1,-1
93,1,262.45,220.27,58.12,151.99,0.88,1,-1,-1
93,7,187.22,215.97,22.26,83.21,0.92,1,-1,-1
93,9,150.85,219.89,26.76,80.88,0.94,1,-1,-1
93,10,239.50,221.37,40.05,148.14,0.81,1,-1,-1
93,11,103.22,226.27,6.23,15.79,0.81,1,-1,-1
94,1,252.44,219.22,68.32,153.92,0.84,1,-1,-1
94,7,189.70,216.19,23.80,84.74,0.92,1,-1,-1
94,9,153.84,221.36,28.61,82.10,0.94,1,-1,-1
94,10,239.48,221.71,38.10,148.16,0.80,1,-1,-1
94,11,103.56,226.56,6.12,15.50,0.81,1,-1,-1
95,1,253.11,220.61,68.25,152.87,0.85,1,-1,-1
95,7,190.18,217.89,29.29,85.92,0.93,1,-1,-1
95,9,157.97,219.91,25.99,84.26,0.94,1,-1,-1
95,10,239.19,221.92,38.91,148.13,0.75,1,-1,-1
95,11,103.99,226.31,5.92,16.06,0.82,1,-1,-1
96,1,266.56,218.42,55.29,155.20,0.89,1,-1,-1
96,7,191.67,217.20,28.91,87.04,0.93,1,-1,-1
96,9,161.05,217.76,27.30,86.03,0.94,1,-1,-1
96,10,238.39,222.55,45.50,148.15,0.83,1,-1,-1
96,11,104.09,226.37,6.24,16.16,0.81,1,-1,-1
96,12,51.09,224.29,6.77,25.32,0.76,1,-1,-1
97,1,272.01,218.48,50.53,156.12,0.91,1,-1,-1
97,7,196.97,216.73,27.90,87.35,0.93,1,-1,-1
97,9,166.06,218.72,30.76,86.97,0.95,1,-1,-1
97,10,237.73,222.53,45.45,148.63,0.86,1,-1,-1
97,11,104.47,225.84,6.36,16.45,0.81,1,-1,-1
97,12,51.14,223.89,8.58,26.67,0.80,1,-1,-1
98,1,276.32,215.90,47.53,159.08,0.88,1,-1,-1
98,7,205.85,215.61,23.87,89.54,0.92,1,-1,-1
98,9,171.73,220.65,32.23,88.54,0.93,1,-1,-1
98,10,228.31,223.76,54.81,150.08,0.88,1,-1,-1
98,11,105.37,225.76,5.60,16.38,0.79,1,-1,-1
98,12,52.16,222.00,8.58,28.72,0.82,1,-1,-1
99,1,276.90,219.82,48.97,158.56,0.90,1,-1,-1
99,7,210.65,216.29,23.58,90.94,0.89,1,-1,-1
99,9,175.93,218.80,31.46,90.07,0.94,1,-1,-1
99,10,224.25,222.95,51.63,152.71,0.88,1,-1,-1
99,11,105.74,226.09,5.95,16.12,0.80,1,-1,-1
99,12,51.55,221.80,10.61,29.22,0.83,1,-1,-1
100,1,275.25,215.22,54.35,164.11,0.92,1,-1,-1
100,7,212.13,217.28,26.30,87.91,0.89,1,-1,-1
100,9,179.34,217.54,26.73,92.06,0.94,1,-1,-1
100,10,223.24,218.18,50.34,159.50,0.88,1,-1,-1
100,11,106.03,226.18,5.86,16.23,0.80,1,-1,-1
100,12,51.78,222.47,10.50,28.76,0.82,1,-1,-1
101,1,275.15,215.38,58.17,162.91,0.93,1,-1,-1
101,7,216.52,216.42,22.26,86.90,0.83,1,-1,-1
101,9,182.61,219.00,32.77,92.44,0.94,1,-1,-1
101,10,221.61,222.87,49.99,156.26,0.87,1,-1,-1
101,11,106.34,226.05,5.80,16.30,0.80,1,-1,-1
101,12,52.70,222.83,10.55,29.76,0.83,1,-1,-1
102,1,277.88,213.46,58.48,165.12,0.95,1,-1,-1
102,7,222.85,215.78,19.78,54.07,0.77,1,-1,-1
102,9,186.03,220.80,32.64,93.63,0.93,1,-1,-1
102,10,221.04,222.32,50.17,155.27,0.88,1,-1,-1
102,11,106.31,225.83,6.36,16.60,0.83,1,-1,-1
102,12,53.23,222.02,10.77,30.96,0.82,1,-1,-1
103,1,279.98,210.17,57.11,169.15,0.94,1,-1,-1
103,7,226.87,215.62,19.30,46.89,0.65,1,-1,-1
103,9,189.40,219.68,31.20,94.65,0.91,1,-1,-1
103,10,216.60,220.40,48.51,156.70,0.85,1,-1,-1
103,11,106.77,225.77,6.16,16.48,0.82,1,-1,-1
103,12,53.75,221.36,11.06,30.90,0.83,1,-1,-1
104,1,281.72,209.85,53.73,170.04,0.95,1,-1,-1
104,7,234.67,217.43,19.46,31.30,0.77,1,-1,-1
104,9,197.45,217.04,29.70,97.26,0.91,1,-1,-1
104,10,210.18,220.89,56.21,156.63,0.90,1,-1,-1
104,11,107.42,226.21,6.05,16.30,0.83,1,-1,-1
104,12,54.56,221.96,11.24,29.60,0.82,1,-1,-1
105,1,283.13,210.01,52.27,169.16,0.94,1,-1,-1
105,7,239.69,217.73,27.03,31.18,0.85,1,-1,-1
105,9,202.40,217.99,32.08,97.98,0.83,1,-1,-1
105,10,209.86,219.28,59.71,162.51,0.86,1,-1,-1
105,11,107.61,226.04,6.17,16.49,0.82,1,-1,-1
105,12,55.05,222.80,11.40,29.27,0.83,1,-1,-1
106,1,285.38,210.55,50.70,168.16,0.94,1,-1,-1
106,7,246.37,216.38,25.55,37.02,0.70,1,-1,-1
106,9,206.74,220.93,32.67,97.66,0.89,1,-1,-1
106,10,220.79,222.70,53.49,159.88,0.88,1,-1,-1
106,11,107.91,226.01,6.42,16.58,0.81,1,-1,-1
106,12,55.31,222.78,11.55,29.99,0.87,1,-1,-1
107,1,286.08,210.27,51.75,168.67,0.95,1,-1,-1
107,7,258.26,215.22,18.38,42.54,0.74,1,-1,-1
107,9,211.85,220.05,30.41,97.43,0.88,1,-1,-1
107,10,218.78,223.57,59.48,159.20,0.88,1,-1,-1
107,11,108.39,225.65,6.26,16.70,0.82,1,-1,-1
107,12,55.61,221.43,11.59,31.52,0.88,1,-1,-1
108,1,287.88,208.11,51.45,170.89,0.95,1,-1,-1
108,7,264.71,215.88,17.50,45.72,0.67,1,-1,-1
108,9,216.58,217.75,29.31,102.04,0.80,1,-1,-1
108,10,223.15,221.31,59.60,163.11,0.89,1,-1,-1
108,11,108.75,225.52,6.66,17.51,0.79,1,-1,-1
108,12,56.72,221.23,10.60,31.26,0.84,1,-1,-1
109,1,289.83,209.78,50.98,168.07,0.92,1,-1,-1
109,7,268.71,217.29,17.63,43.79,0.59,1,-1,-1
109,9,219.89,218.54,29.79,100.81,0.87,1,-1,-1
109,10,225.88,219.04,64.43,167.36,0.86,1,-1,-1
109,11,109.54,226.00,6.28,16.75,0.80,1,-1,-1
109,12,57.29,221.79,11.42,31.48,0.85,1,-1,-1
110,1,289.04,209.82,53.08,171.79,0.92,1,-1,-1
110,7,272.75,217.40,18.01,45.68,0.23,1,-1,-1
110,9,223.77,220.71,28.88,99.67,0.79,1,-1,-1
110,10,223.77,219.05,70.18,169.12,0.78,1,-1,-1
110,11,109.88,225.99,5.96,16.92,0.81,1,-1,-1
110,12,57.80,222.63,12.50,31.45,0.88,1,-1,-1
110,13,634.74,251.03,3.46,9.58,0.73,1,-1,-1
111,1,294.74,210.39,48.27,171.14,0.92,1,-1,-1
111,7,275.97,216.85,19.44,48.88,0.20,1,-1,-1
111,9,228.20,220.23,28.70,100.71,0.32,1,-1,-1
111,10,228.04,218.27,63.34,168.86,0.83,1,-1,-1
111,11,110.09,225.96,6.23,17.22,0.81,1,-1,-1
111,12,58.52,222.04,11.58,32.20,0.87,1,-1,-1
111,13,634.62,251.10,3.45,9.52,0.66,1,-1,-1
112,1,293.65,210.60,49.00,167.55,0.92,1,-1,-1
112,7,276.79,214.86,32.75,111.27,0.71,1,-1,-1
112,10,238.21,216.88,54.14,170.63,0.89,1,-1,-1
112,11,110.55,225.81,6.59,17.32,0.83,1,-1,-1
112,12,58.77,220.89,13.29,33.05,0.86,1,-1,-1
112,13,634.39,251.05,3.29,9.42,0.62,1,-1,-1
113,1,286.75,210.63,55.65,167.58,0.93,1,-1,-1
113,7,279.71,217.35,30.59,104.51,0.67,1,-1,-1
113,10,238.54,217.79,49.52,170.41,0.92,1,-1,-1
113,11,110.92,226.03,6.49,17.05,0.81,1,-1,-1
113,12,58.55,221.25,14.02,33.04,0.86,1,-1,-1
113,13,634.14,250.54,3.35,10.18,0.71,1,-1,-1
114,1,283.00,210.31,58.95,167.94,0.89,1,-1,-1
114,7,281.70,212.53,32.47,110.83,0.33,1,-1,-1
114,10,234.48,215.37,56.60,172.71,0.93,1,-1,-1
114,11,111.17,226.29,6.65,17.13,0.82,1,-1,-1
114,12,58.58,222.54,15.20,31.82,0.86,1,-1,-1
114,13,633.99,250.65,3.37,9.82,0.71,1,-1,-1
115,1,283.62,210.63,57.83,167.11,0.91,1,-1,-1
115,7,283.07,212.31,33.59,117.42,0.24,1,-1,-1
115,10,234.26,216.50,58.76,172.62,0.93,1,-1,-1
115,11,111.56,226.21,6.70,17.56,0.83,1,-1,-1
115,12,58.29,222.76,15.90,32.37,0.89,1,-1,-1
115,13,633.80,250.79,3.33,9.63,0.73,1,-1,-1
116,1,292.95,209.58,48.33,167.53,0.90,1,-1,-1
116,7,271.25,217.03,31.63,119.21,0.76,1,-1,-1
116,10,234.06,214.75,57.96,172.73,0.91,1,-1,-1
116,11,112.08,226.30,6.74,17.00,0.81,1,-1,-1
116,12,59.48,221.31,14.56,33.73,0.87,1,-1,-1
116,13,633.69,250.81,3.33,9.50,0.72,1,-1,-1
117,1,289.84,210.10,52.02,167.24,0.89,1,-1,-1
117,7,274.88,215.07,29.07,121.13,0.70,1,-1,-1
117,10,231.06,216.07,58.94,174.05,0.92,1,-1,-1
117,11,112.61,225.70,6.57,17.59,0.81,1,-1,-1
117,12,60.66,220.68,13.44,33.93,0.86,1,-1,-1
117,13,633.37,250.72,3.30,9.52,0.75,1,-1,-1
118,1,288.82,210.01,55.68,167.16,0.82,1,-1,-1
118,7,272.78,228.95,13.43,33.84,0.70,1,-1,-1
118,9,319.74,214.74,33.87,119.71,0.80,1,-1,-1
118,10,229.08,214.66,62.34,173.07,0.91,1,-1,-1
118,11,113.07,225.54,6.49,18.07,0.81,1,-1,-1
118,12,61.34,221.30,13.81,34.29,0.88,1,-1,-1
118,13,633.17,250.42,3.34,10.01,0.74,1,-1,-1
119,1,290.10,209.45,52.19,168.97,0.80,1,-1,-1
119,9,321.08,216.78,37.19,121.01,0.84,1,-1,-1
119,10,228.97,213.23,62.22,177.56,0.92,1,-1,-1
119,11,113.35,226.02,6.53,17.48,0.80,1,-1,-1
119,12,62.03,222.18,13.82,33.49,0.87,1,-1,-1
119,13,633.15,250.40,3.21,10.07,0.75,1,-1,-1
120,1,288.59,210.04,53.24,168.09,0.85,1,-1,-1
120,9,331.43,216.40,32.66,119.52,0.86,1,-1,-1
120,10,230.66,214.83,59.82,172.98,0.91,1,-1,-1
120,11,113.87,226.09,6.49,17.37,0.81,1,-1,-1
120,12,62.40,221.99,14.34,34.24,0.88,1,-1,-1
120,13,633.04,250.38,3.22,10.15,0.72,1,-1,-1
121,1,291.84,209.89,48.92,168.10,0.80,1,-1,-1
121,9,339.35,213.60,35.78,125.13,0.89,1,-1,-1
121,10,231.16,213.45,59.71,177.08,0.94,1,-1,-1
121,11,114.21,226.10,7.14,17.44,0.83,1,-1,-1
121,12,63.14,220.14,14.38,36.00,0.89,1,-1,-1
121,13,632.80,250.58,3.20,9.79,0.63,1,-1,-1
122,1,291.65,213.99,61.18,165.42,0.71,1,-1,-1
122,7,317.64,216.61,37.91,131.13,0.64,1,-1,-1
122,9,341.11,216.41,47.64,125.13,0.88,1,-1,-1
122,10,231.76,214.47,61.15,173.18,0.92,1,-1,-1
122,11,114.60,225.85,7.12,17.84,0.82,1,-1,-1
122,12,63.65,220.15,14.35,35.30,0.87,1,-1,-1
122,13,632.56,250.34,3.49,10.38,0.68,1,-1,-1
123,1,283.44,210.25,57.38,167.71,0.84,1,-1,-1
123,7,318.61,220.24,44.80,131.38,0.70,1,-1,-1
123,9,347.96,216.82,49.63,130.36,0.77,1,-1,-1
123,10,232.38,213.66,62.61,177.19,0.92,1,-1,-1
123,11,115.19,225.79,6.82,17.46,0.81,1,-1,-1
123,12,63.59,221.21,13.84,35.19,0.88,1,-1,-1
123,13,632.33,250.30,3.54,10.64,0.49,1,-1,-1
124,1,289.71,212.97,49.89,165.93,0.87,1,-1,-1
124,7,328.84,218.22,40.60,132.14,0.77,1,-1,-1
124,9,344.80,216.04,56.67,134.26,0.89,1,-1,-1
124,10,233.21,214.98,61.48,172.15,0.92,1,-1,-1
124,11,115.48,226.08,7.14,17.63,0.81,1,-1,-1
124,12,63.72,222.63,14.33,33.96,0.88,1,-1,-1
125,1,289.23,211.73,49.98,168.42,0.88,1,-1,-1
125,7,337.15,216.50,41.61,135.73,0.88,1,-1,-1
125,9,364.18,213.80,44.79,132.07,0.90,1,-1,-1
125,10,233.36,214.87,61.69,172.21,0.91,1,-1,-1
125,11,115.95,226.15,6.71,17.62,0.82,1,-1,-1
125,12,63.89,221.97,14.51,35.22,0.88,1,-1,-1
126,1,289.33,207.08,49.52,171.17,0.93,1,-1,-1
126,7,343.23,218.81,53.63,135.35,0.92,1,-1,-1
126,9,379.87,212.12,38.94,139.18,0.81,1,-1,-1
126,10,233.26,214.81,61.44,172.56,0.93,1,-1,-1
126,11,116.42,226.06,6.70,17.56,0.82,1,-1,-1
126,12,64.77,220.49,13.94,37.22,0.89,1,-1,-1
127,1,288.47,208.05,50.04,170.06,0.94,1,-1,-1
127,7,346.58,221.08,60.43,136.24,0.93,1,-1,-1
127,9,381.11,217.54,48.42,136.88,0.86,1,-1,-1
127,10,232.18,215.17,62.25,172.79,0.92,1,-1,-1
127,11,116.75,225.67,7.27,18.13,0.82,1,-1,-1
127,12,65.68,220.39,13.26,35.53,0.86,1,-1,-1
128,1,288.14,207.86,49.83,170.20,0.94,1,-1,-1
128,7,352.70,218.90,56.50,141.38,0.90,1,-1,-1
128,9,389.63,218.41,53.79,141.54,0.87,1,-1,-1
128,10,233.01,214.76,61.46,172.60,0.91,1,-1,-1
128,11,117.40,225.61,6.65,17.86,0.80,1,-1,-1
128,12,65.86,221.53,13.08,36.50,0.88,1,-1,-1
129,1,287.74,208.78,49.53,169.00,0.93,1,-1,-1
129,7,368.12,216.30,47.78,144.34,0.80,1,-1,-1
129,9,389.62,213.48,56.79,145.07,0.88,1,-1,-1
129,10,232.91,214.66,61.44,172.60,0.91,1,-1,-1
129,11,117.46,225.67,7.45,18.20,0.81,1,-1,-1
129,12,66.33,222.94,12.65,35.28,0.87,1,-1,-1
130,1,287.02,209.33,49.67,168.48,0.92,1,-1,-1
130,7,380.31,215.39,46.52,146.37,0.87,1,-1,-1
130,9,414.04,214.29,43.80,141.00,0.89,1,-1,-1
130,10,233.17,214.95,60.45,171.80,0.90,1,-1,-1
130,11,117.84,225.96,7.39,17.81,0.82,1,-1,-1
130,12,67.07,223.14,12.85,36.67,0.87,1,-1,-1
131,1,285.12,208.03,51.34,170.76,0.89,1,-1,-1
131,7,389.31,216.98,57.73,150.88,0.91,1,-1,-1
131,9,431.48,211.23,38.70,143.17,0.75,1,-1,-1
131,10,233.01,214.99,60.84,172.20,0.88,1,-1,-1
131,11,118.35,225.86,6.96,17.92,0.82,1,-1,-1
131,12,68.01,221.82,14.12,38.00,0.88,1,-1,-1
132,1,279.96,207.91,56.48,171.54,0.90,1,-1,-1
132,7,391.95,218.19,59.98,153.98,0.88,1,-1,-1
132,9,425.38,215.69,69.67,153.35,0.89,1,-1,-1
132,10,232.74,212.93,60.26,174.84,0.88,1,-1,-1
132,11,118.67,225.66,7.00,18.05,0.83,1,-1,-1
132,12,67.87,221.12,16.06,38.85,0.87,1,-1,-1
133,1,283.26,207.51,52.94,171.30,0.90,1,-1,-1
133,7,411.88,217.70,49.73,153.22,0.53,1,-1,-1
133,9,414.45,215.96,89.86,155.39,0.87,1,-1,-1
133,10,232.25,213.49,59.80,174.34,0.88,1,-1,-1
133,11,119.11,225.59,6.98,18.26,0.82,1,-1,-1
133,12,68.08,222.54,16.44,35.76,0.83,1,-1,-1
134,1,281.28,207.89,54.73,170.96,0.90,1,-1,-1
134,7,425.53,215.36,50.56,157.01,0.93,1,-1,-1
134,9,451.61,214.42,61.57,149.00,0.83,1,-1,-1
134,10,232.29,213.75,60.21,173.98,0.87,1,-1,-1
134,11,119.43,225.90,7.11,17.93,0.82,1,-1,-1
134,12,68.24,223.71,17.98,37.77,0.87,1,-1,-1
135,1,283.09,208.25,52.64,169.81,0.92,1,-1,-1
135,7,430.90,217.31,71.49,156.65,0.94,1,-1,-1
135,9,474.09,213.65,54.18,157.09,0.80,1,-1,-1
135,10,232.14,213.81,60.02,174.01,0.87,1,-1,-1
135,11,119.64,226.02,7.34,17.88,0.82,1,-1,-1
135,12,68.64,223.41,17.42,39.30,0.86,1,-1,-1
136,1,285.52,207.64,50.12,172.77,0.92,1,-1,-1
136,7,433.51,219.79,77.42,157.55,0.91,1,-1,-1
136,9,482.31,218.06,55.73,158.42,0.82,1,-1,-1
136,10,231.69,213.52,59.52,174.34,0.84,1,-1,-1
136,11,120.33,225.82,6.91,18.37,0.81,1,-1,-1
136,12,70.13,222.11,15.31,40.80,0.87,1,-1,-1
137,1,284.46,209.79,50.79,168.04,0.93,1,-1,-1
137,7,448.69,217.03,81.50,159.08,0.84,1,-1,-1
137,9,487.59,218.23,70.69,160.48,0.91,1,-1,-1
137,10,230.87,214.93,63.37,173.14,0.91,1,-1,-1
137,11,121.07,225.64,6.73,18.53,0.82,1,-1,-1
137,12,71.86,222.55,15.04,41.26,0.87,1,-1,-1
138,1,283.81,210.18,50.83,168.73,0.93,1,-1,-1
138,7,463.83,213.74,75.43,165.32,0.22,1,-1,-1
138,9,483.18,218.00,89.69,156.75,0.84,1,-1,-1
138,10,230.70,215.01,63.43,173.68,0.90,1,-1,-1
138,11,121.57,225.47,6.55,18.38,0.81,1,-1,-1
138,12,72.59,224.08,16.18,40.02,0.88,1,-1,-1
139,1,283.57,209.98,50.68,168.95,0.93,1,-1,-1
139,7,489.17,212.55,53.52,167.21,0.87,1,-1,-1
139,9,524.95,216.08,54.78,154.51,0.68,1,-1,-1
139,10,231.29,213.85,59.04,173.94,0.90,1,-1,-1
139,11,121.98,225.75,6.72,18.26,0.82,1,-1,-1
139,12,73.86,225.08,15.63,40.42,0.88,1,-1,-1
140,1,284.25,209.51,49.94,169.28,0.92,1,-1,-1
140,7,489.28,216.59,76.14,166.61,0.93,1,-1,-1
140,9,539.73,215.40,53.35,156.64,0.75,1,-1,-1
140,10,231.37,213.75,59.28,174.19,0.89,1,-1,-1
140,11,122.35,225.78,7.02,18.36,0.82,1,-1,-1
140,12,75.89,223.24,15.26,42.07,0.87,1,-1,-1
141,1,284.53,208.26,50.03,169.59,0.92,1,-1,-1
141,7,502.84,215.73,92.58,171.98,0.79,1,-1,-1
141,9,542.79,215.80,73.70,169.87,0.86,1,-1,-1
141,10,231.73,213.82,59.60,174.02,0.86,1,-1,-1
141,11,122.52,225.77,7.41,18.85,0.82,1,-1,-1
141,12,76.55,222.76,15.84,42.76,0.88,1,-1,-1
142,1,285.58,210.70,49.29,167.69,0.93,1,-1,-1
142,9,538.52,211.69,79.76,171.09,0.81,1,-1,-1
142,10,231.97,213.96,59.50,173.97,0.89,1,-1,-1
142,11,123.09,225.61,7.05,18.71,0.82,1,-1,-1
142,12,76.89,224.65,16.47,40.96,0.88,1,-1,-1
143,1,285.07,210.09,50.31,169.86,0.92,1,-1,-1
143,7,543.03,212.25,70.40,176.16,0.77,1,-1,-1
143,9,575.53,217.70,64.94,160.01,0.78,1,-1,-1
143,10,232.20,213.88,60.88,174.03,0.89,1,-1,-1
143,11,123.35,225.59,7.48,18.88,0.80,1,-1,-1
143,12,77.69,225.65,16.98,37.81,0.86,1,-1,-1
144,1,286.71,208.51,48.67,169.32,0.93,1,-1,-1
144,7,544.81,214.20,79.77,171.51,0.91,1,-1,-1
144,9,594.70,214.90,47.81,167.02,0.60,1,-1,-1
144,10,231.65,215.09,60.63,171.78,0.94,1,-1,-1
144,11,123.91,225.71,7.53,19.13,0.81,1,-1,-1
144,12,78.40,223.79,16.40,43.46,0.88,1,-1,-1
145,1,286.53,207.99,49.26,170.26,0.92,1,-1,-1
145,7,551.42,212.73,84.63,174.59,0.91,1,-1,-1
145,9,597.34,212.41,43.51,172.90,0.47,1,-1,-1
145,10,231.78,215.06,60.26,172.95,0.94,1,-1,-1
145,11,124.57,225.88,7.15,18.79,0.82,1,-1,-1
145,12,79.85,222.92,15.77,44.55,0.91,1,-1,-1
146,1,286.90,208.16,49.32,169.81,0.93,1,-1,-1
146,7,580.98,207.94,59.20,178.37,0.92,1,-1,-1
146,10,231.79,215.01,60.57,173.02,0.93,1,-1,-1
146,11,124.84,225.85,7.45,18.78,0.84,1,-1,-1
146,12,80.98,222.87,15.85,45.10,0.92,1,-1,-1
147,1,287.05,209.13,49.99,168.54,0.95,1,-1,-1
147,7,602.36,213.33,37.90,171.61,0.88,1,-1,-1
147,10,232.72,215.09,59.03,172.18,0.93,1,-1,-1
147,11,125.94,225.54,7.12,18.88,0.82,1,-1,-1
147,12,82.95,224.55,17.48,44.51,0.91,1,-1,-1
148,1,287.32,208.40,50.19,169.36,0.95,1,-1,-1
148,7,603.24,228.57,36.65,156.97,0.80,1,-1,-1
148,10,232.09,215.03,60.06,172.12,0.92,1,-1,-1
148,11,126.44,225.61,7.25,19.12,0.81,1,-1,-1
148,12,84.21,223.55,17.46,45.54,0.90,1,-1,-1
148,13,625.67,249.62,3.75,10.32,0.76,1,-1,-1
149,1,288.07,208.42,49.99,169.54,0.95,1,-1,-1
149,10,232.08,214.93,59.84,172.61,0.91,1,-1,-1
149,11,126.88,226.16,7.51,18.67,0.81,1,-1,-1
149,12,86.35,221.99,17.77,47.26,0.89,1,-1,-1
149,13,625.48,249.67,3.75,10.27,0.78,1,-1,-1
150,1,287.59,207.88,50.59,169.95,0.96,1,-1,-1
150,10,233.31,215.25,59.32,171.99,0.90,1,-1,-1
150,11,127.32,226.16,7.62,18.59,0.82,1,-1,-1
150,12,86.86,223.10,17.64,45.95,0.89,1,-1,-1
150,13,625.36,249.54,3.54,9.92,0.76,1,-1,-1
151,1,288.07,208.73,50.39,169.07,0.95,1,-1,-1
151,10,233.60,215.12,60.12,171.79,0.91,1,-1,-1
151,11,128.17,225.99,7.35,18.94,0.82,1,-1,-1
151,12,87.06,224.32,19.01,44.86,0.90,1,-1,-1
151,13,624.70,249.69,3.95,10.17,0.78,1,-1,-1
152,1,287.83,207.74,50.62,170.20,0.95,1,-1,-1
152,10,233.86,215.11,60.14,171.66,0.92,1,-1,-1
152,11,128.56,225.89,7.41,19.00,0.82,1,-1,-1
152,12,87.63,224.73,19.30,45.50,0.90,1,-1,-1
152,13,624.40,249.61,3.91,10.27,0.79,1,-1,-1
153,1,287.56,207.79,50.93,170.08,0.95,1,-1,-1
153,10,234.12,215.09,60.90,172.29,0.93,1,-1,-1
153,11,129.26,226.34,7.09,18.56,0.83,1,-1,-1
153,12,91.16,221.61,17.28,49.36,0.89,1,-1,-1
153,13,624.32,249.66,3.63,9.89,0.78,1,-1,-1
154,1,287.38,207.60,51.13,170.32,0.95,1,-1,-1
154,10,234.43,215.01,60.80,172.48,0.92,1,-1,-1
154,11,129.62,226.45,7.41,18.72,0.83,1,-1,-1
154,12,93.62,221.99,16.77,49.03,0.92,1,-1,-1
154,13,624.08,249.61,3.71,10.05,0.80,1,-1,-1
155,1,287.38,207.75,51.07,170.27,0.95,1,-1,-1
155,10,234.68,215.08,60.90,171.99,0.91,1,-1,-1
155,11,130.10,226.53,7.15,18.75,0.82,1,-1,-1
155,12,95.07,223.02,17.38,47.82,0.91,1,-1,-1
155,13,623.96,249.70,3.60,10.02,0.80,1,-1,-1
156,1,287.63,207.46,50.84,170.48,0.95,1,-1,-1
156,10,234.76,215.04,61.38,172.05,0.90,1,-1,-1
156,11,130.20,226.40,7.35,18.89,0.83,1,-1,-1
156,12,95.51,223.39,17.63,47.88,0.93,1,-1,-1
156,13,623.94,249.82,3.44,9.71,0.81,1,-1,-1
157,1,287.63,207.46,50.84,170.48,0.95,1,-1,-1
157,10,234.76,215.04,61.39,172.05,0.90,1,-1,-1
157,11,130.20,226.40,7.36,18.89,0.83,1,-1,-1
157,12,95.51,223.39,17.63,47.88,0.93,1,-1,-1
157,13,623.94,249.82,3.43,9.71,0.81,1,-1,-1
158,1,287.63,207.46,50.84,170.48,0.95,1,-1,-1
158,10,234.76,215.04,61.39,172.05,0.90,1,-1,-1
158,11,130.20,226.40,7.36,18.89,0.83,1,-1,-1
158,12,95.51,223.39,17.63,47.88,0.93,1,-1,-1
158,13,623.94,249.82,3.43,9.71,0.81,1,-1,-1
159,1,288.44,211.49,49.53,166.10,0.95,1,-1,-1
159,10,234.91,215.28,61.37,172.03,0.85,1,-1,-1
159,11,132.44,226.59,6.57,18.53,0.81,1,-1,-1
159,12,102.54,221.45,19.50,50.97,0.91,1,-1,-1
159,13,623.10,249.47,3.40,9.74,0.75,1,-1,-1
160,1,288.25,211.81,49.66,165.99,0.95,1,-1,-1
160,10,234.97,215.16,61.17,172.52,0.89,1,-1,-1
160,11,132.63,226.52,6.97,19.26,0.83,1,-1,-1
160,12,102.95,222.76,22.18,49.78,0.92,1,-1,-1
160,13,622.56,249.51,3.91,10.22,0.77,1,-1,-1
161,1,288.16,211.97,49.65,165.67,0.95,1,-1,-1
161,10,235.16,215.10,60.92,172.54,0.91,1,-1,-1
161,11,132.94,226.04,7.10,19.91,0.82,1,-1,-1
161,12,103.87,222.69,22.25,51.94,0.93,1,-1,-1
161,13,622.17,249.68,4.00,10.17,0.75,1,-1,-1
162,1,288.48,212.38,49.34,165.27,0.95,1,-1,-1
162,10,235.14,215.14,61.07,172.33,0.91,1,-1,-1
162,11,133.64,226.26,6.89,19.71,0.83,1,-1,-1
162,12,107.41,220.79,21.16,54.17,0.92,1,-1,-1
162,13,621.94,249.63,3.81,10.24,0.79,1,-1,-1
163,1,288.33,212.37,49.60,165.30,0.95,1,-1,-1
163,10,234.98,215.08,61.80,172.40,0.91,1,-1,-1
163,11,133.93,226.47,7.10,19.25,0.84,1,-1,-1
163,12,111.27,220.34,19.13,55.23,0.93,1,-1,-1
163,13,621.70,249.47,4.02,10.59,0.79,1,-1,-1
164,1,288.30,211.39,49.78,166.27,0.95,1,-1,-1
164,10,234.86,215.08,62.56,172.44,0.89,1,-1,-1
164,11,135.07,226.57,6.76,19.42,0.82,1,-1,-1
164,12,114.24,222.20,21.92,53.61,0.93,1,-1,-1
164,13,621.62,249.58,3.83,10.32,0.80,1,-1,-1
165,1,288.42,209.98,49.77,167.77,0.95,1,-1,-1
165,10,234.82,215.08,62.21,172.50,0.89,1,-1,-1
165,11,135.41,226.34,6.89,19.60,0.82,1,-1,-1
165,12,115.97,222.64,20.60,54.26,0.93,1,-1,-1
165,13,621.56,249.76,3.58,10.00,0.80,1,-1,-1
166,1,288.72,209.90,49.59,167.89,0.95,1,-1,-1
166,10,234.09,214.31,60.76,175.15,0.90,1,-1,-1
166,11,136.54,226.01,6.29,19.16,0.81,1,-1,-1
166,12,117.66,221.56,20.42,55.51,0.92,1,-1,-1
166,13,621.28,249.70,3.61,9.91,0.81,1,-1,-1
167,1,288.51,209.67,50.04,168.15,0.96,1,-1,-1
167,10,234.37,214.88,60.65,173.00,0.90,1,-1,-1
167,12,121.97,219.81,19.48,57.50,0.91,1,-1,-1
167,13,620.94,249.49,3.72,10.11,0.82,1,-1,-1
168,1,288.36,209.87,50.74,167.89,0.96,1,-1,-1
168,10,234.79,214.97,59.48,172.83,0.91,1,-1,-1
168,12,123.75,220.73,21.46,56.32,0.93,1,-1,-1
168,13,620.72,249.57,3.63,9.85,0.81,1,-1,-1
169,1,288.71,209.38,50.68,168.43,0.96,1,-1,-1
169,10,234.51,214.95,59.57,172.75,0.92,1,-1,-1
169,12,123.55,222.34,24.59,56.14,0.93,1,-1,-1
169,13,620.53,249.63,3.52,9.68,0.80,1,-1,-1
170,1,290.27,208.50,49.36,169.12,0.95,1,-1,-1
170,10,233.62,214.72,60.40,173.87,0.92,1,-1,-1
170,12,126.69,222.18,23.09,56.59,0.91,1,-1,-1
170,13,619.99,249.62,3.72,9.94,0.79,1,-1,-1
171,1,290.08,207.86,49.99,169.96,0.95,1,-1,-1
171,10,234.33,215.02,59.43,172.58,0.92,1,-1,-1
171,12,129.70,219.48,22.12,60.12,0.94,1,-1,-1
171,13,619.67,249.32,3.99,10.40,0.79,1,-1,-1
172,1,291.07,209.67,49.91,167.36,0.95,1,-1,-1
172,10,234.30,215.07,59.30,172.51,0.92,1,-1,-1
172,12,133.41,218.64,20.61,61.86,0.94,1,-1,-1
172,13,619.70,249.00,3.65,10.71,0.78,1,-1,-1
173,1,290.97,209.13,50.92,167.76,0.95,1,-1,-1
173,10,234.36,214.56,59.03,173.00,0.92,1,-1,-1
173,12,136.68,220.44,22.82,60.54,0.93,1,-1,-1
173,13,619.25,249.34,3.84,10.45,0.78,1,-1,-1
174,1,293.36,210.50,51.21,166.46,0.93,1,-1,-1
174,10,234.40,214.92,60.37,172.85,0.93,1,-1,-1
174,12,138.33,221.34,23.83,61.49,0.94,1,-1,-1
174,13,618.97,249.39,3.63,10.10,0.80,1,-1,-1
175,1,294.54,211.31,54.67,169.68,0.91,1,-1,-1
175,10,234.25,212.78,60.75,177.62,0.93,1,-1,-1
175,12,142.19,219.22,24.33,63.58,0.93,1,-1,-1
175,13,618.68,249.18,3.74,10.48,0.82,1,-1,-1
176,1,294.49,210.96,55.28,169.88,0.91,1,-1,-1
176,10,234.29,212.94,59.41,177.54,0.95,1,-1,-1
176,11,144.02,225.74,6.22,20.25,0.62,1,-1,-1
176,12,146.70,218.09,23.39,65.30,0.94,1,-1,-1
176,13,618.50,249.22,3.79,10.42,0.81,1,-1,-1
177,1,294.34,210.08,57.97,170.69,0.92,1,-1,-1
177,10,234.72,213.20,58.93,177.09,0.95,1,-1,-1
177,11,144.68,226.15,6.26,18.31,0.70,1,-1,-1
177,12,146.87,219.24,25.53,67.98,0.92,1,-1,-1
177,13,618.26,249.28,3.69,10.25,0.80,1,-1,-1
178,1,295.07,210.35,61.07,170.21,0.94,1,-1,-1
178,10,235.07,214.92,58.99,173.52,0.96,1,-1,-1
178,11,144.90,226.04,7.27,26.27,0.61,1,-1,-1
178,12,148.93,221.33,26.06,65.14,0.94,1,-1,-1
178,13,617.89,249.28,3.69,10.33,0.76,1,-1,-1
179,1,294.76,210.60,64.99,169.61,0.93,1,-1,-1
179,10,234.89,213.33,59.14,177.11,0.96,1,-1,-1
179,11,145.64,226.27,6.76,19.78,0.84,1,-1,-1
179,12,152.03,221.72,25.90,65.00,0.94,1,-1,-1
179,13,617.37,248.97,4.06,10.98,0.76,1,-1,-1
180,1,295.59,209.44,66.38,170.58,0.92,1,-1,-1
180,10,234.88,213.43,59.74,177.03,0.96,1,-1,-1
180,11,146.43,225.81,6.32,19.86,0.83,1,-1,-1
180,12,152.73,219.22,27.47,68.11,0.94,1,-1,-1
180,13,617.17,248.75,3.73,10.47,0.80,1,-1,-1
181,1,297.87,208.56,65.63,171.56,0.91,1,-1,-1
181,10,234.85,213.73,60.50,176.72,0.97,1,-1,-1
181,11,146.94,225.76,6.55,19.37,0.81,1,-1,-1
181,12,158.64,218.35,24.76,69.37,0.94,1,-1,-1
181,13,617.03,248.72,3.64,10.41,0.80,1,-1,-1
182,1,298.91,208.99,65.31,171.43,0.91,1,-1,-1
182,10,234.63,214.32,60.81,175.83,0.97,1,-1,-1
182,11,147.51,226.09,6.89,19.48,0.84,1,-1,-1
182,12,163.46,220.04,28.14,69.17,0.93,1,-1,-1
182,13,616.89,248.85,3.63,10.63,0.82,1,-1,-1
183,1,298.96,209.70,65.71,170.31,0.92,1,-1,-1
183,10,234.90,214.57,60.69,175.35,0.96,1,-1,-1
183,11,148.37,226.46,6.80,19.10,0.85,1,-1,-1
183,12,164.80,222.93,30.29,67.95,0.95,1,-1,-1
183,13,616.49,248.86,3.69,10.68,0.84,1,-1,-1
183,14,55.79,233.31,3.00,7.95,0.72,1,-1,-1
184,1,299.33,209.12,65.46,170.89,0.92,1,-1,-1
184,10,234.73,214.35,60.86,175.52,0.97,1,-1,-1
184,11,148.49,226.08,7.23,19.65,0.86,1,-1,-1
184,12,167.18,221.63,30.48,69.60,0.95,1,-1,-1
184,13,616.17,248.73,3.85,10.61,0.83,1,-1,-1
184,14,55.84,233.31,3.02,7.99,0.73,1,-1,-1
185,1,298.86,209.30,66.29,171.34,0.93,1,-1,-1
185,10,234.69,214.25,61.07,175.73,0.97,1,-1,-1
185,11,149.44,225.73,7.09,19.67,0.85,1,-1,-1
185,12,175.69,219.38,27.79,71.77,0.94,1,-1,-1
185,13,615.87,248.71,3.90,10.56,0.82,1,-1,-1
185,14,55.82,233.35,3.10,7.96,0.74,1,-1,-1
186,1,299.46,209.86,65.66,169.71,0.92,1,-1,-1
186,10,234.51,215.00,60.43,175.04,0.96,1,-1,-1
186,11,150.38,225.68,7.04,19.83,0.84,1,-1,-1
186,12,176.08,219.75,33.56,73.79,0.95,1,-1,-1
186,13,615.44,248.66,3.87,10.47,0.79,1,-1,-1
186,14,55.99,233.31,3.06,7.93,0.74,1,-1,-1
187,1,299.14,210.20,66.14,169.49,0.92,1,-1,-1
187,10,234.28,215.38,59.69,174.50,0.96,1,-1,-1
187,11,150.60,225.72,7.20,19.99,0.84,1,-1,-1
187,12,176.53,221.61,35.26,72.11,0.94,1,-1,-1
187,13,615.12,248.73,3.81,10.43,0.75,1,-1,-1
187,14,56.11,233.31,2.95,7.94,0.71,1,-1,-1
188,1,298.68,210.29,66.87,169.50,0.93,1,-1,-1
188,10,234.01,215.04,59.53,172.65,0.96,1,-1,-1
188,11,151.70,226.04,6.90,19.22,0.84,1,-1,-1
188,12,180.19,223.20,37.15,73.01,0.94,1,-1,-1
188,13,614.58,248.85,3.93,10.67,0.77,1,-1,-1
188,14,56.28,233.28,2.90,8.00,0.69,1,-1,-1
189,1,299.09,210.68,66.59,169.14,0.92,1,-1,-1
189,10,233.54,215.16,59.81,172.73,0.96,1,-1,-1
189,11,152.17,225.92,7.16,19.97,0.85,1,-1,-1
189,12,185.90,220.93,33.38,76.03,0.94,1,-1,-1
189,13,614.33,248.74,3.83,10.41,0.80,1,-1,-1
189,14,56.57,233.27,2.86,8.00,0.60,1,-1,-1
190,1,298.90,210.73,66.80,169.07,0.93,1,-1,-1
190,10,233.31,215.24,59.89,172.31,0.96,1,-1,-1
190,11,152.73,225.62,7.13,19.58,0.86,1,-1,-1
190,12,195.42,218.43,27.52,78.58,0.95,1,-1,-1
190,13,614.18,248.63,3.74,10.21,0.82,1,-1,-1
190,14,56.70,233.33,2.92,7.91,0.53,1,-1,-1
191,1,298.96,210.27,66.65,169.61,0.93,1,-1,-1
191,10,232.95,215.33,60.16,172.20,0.96,1,-1,-1
191,11,153.45,225.80,7.30,19.46,0.84,1,-1,-1
191,12,201.39,220.31,32.80,78.72,0.93,1,-1,-1
191,13,613.89,248.53,3.78,10.79,0.82,1,-1,-1
191,14,56.95,233.40,3.15,8.02,0.61,1,-1,-1
192,1,298.84,210.91,66.89,168.95,0.93,1,-1,-1
192,10,232.41,215.27,60.63,172.51,0.96,1,-1,-1
192,11,154.14,226.09,7.46,19.15,0.86,1,-1,-1
192,12,202.22,222.40,33.90,79.09,0.94,1,-1,-1
192,13,613.73,248.62,3.79,10.93,0.81,1,-1,-1
192,14,53.18,232.81,2.91,7.99,0.63,1,-1,-1
193,1,297.83,210.10,67.96,170.29,0.93,1,-1,-1
193,10,233.70,215.03,59.49,172.48,0.95,1,-1,-1
193,11,154.73,226.39,7.47,18.79,0.85,1,-1,-1
193,12,203.94,222.87,34.55,79.13,0.94,1,-1,-1
193,13,613.50,248.42,3.81,11.05,0.82,1,-1,-1
193,14,53.07,232.89,2.91,7.95,0.24,1,-1,-1
194,1,297.88,209.83,67.91,170.80,0.94,1,-1,-1
194,10,235.13,215.06,58.23,172.30,0.95,1,-1,-1
194,11,155.43,225.62,7.89,19.79,0.84,1,-1,-1
194,12,216.51,218.66,27.25,83.22,0.90,1,-1,-1
194,13,612.94,248.07,4.11,11.22,0.82,1,-1,-1
194,14,53.44,232.57,3.04,8.32,0.60,1,-1,-1
195,1,297.60,210.02,67.96,170.41,0.94,1,-1,-1
195,10,226.41,215.74,66.77,174.16,0.94,1,-1,-1
195,11,156.52,225.43,7.55,19.78,0.83,1,-1,-1
195,12,219.90,218.85,27.03,86.87,0.81,1,-1,-1
195,13,612.64,248.18,4.03,10.86,0.79,1,-1,-1
195,14,53.73,232.55,3.07,8.41,0.70,1,-1,-1
196,1,297.15,209.94,68.22,170.69,0.94,1,-1,-1
196,10,230.60,215.58,62.41,172.40,0.93,1,-1,-1
196,11,157.10,225.44,7.67,19.76,0.85,1,-1,-1
196,12,219.78,222.23,31.11,80.23,0.87,1,-1,-1
196,13,612.21,248.40,4.05,10.96,0.77,1,-1,-1
196,14,53.85,232.59,3.05,8.41,0.68,1,-1,-1
197,1,296.95,209.78,68.36,170.81,0.94,1,-1,-1
197,10,230.23,215.37,62.85,173.22,0.91,1,-1,-1
197,11,157.52,225.71,7.63,19.48,0.86,1,-1,-1
197,12,222.49,223.08,29.83,79.10,0.82,1,-1,-1
197,13,612.00,248.28,4.10,11.03,0.78,1,-1,-1
197,14,53.96,232.86,3.05,8.02,0.66,1,-1,-1
198,1,297.41,209.81,67.79,170.88,0.94,1,-1,-1
198,10,232.40,214.93,60.76,172.45,0.96,1,-1,-1
198,11,158.29,225.90,7.52,19.05,0.84,1,-1,-1
198,13,611.78,247.79,4.16,11.30,0.81,1,-1,-1
198,14,53.88,232.65,3.14,8.42,0.74,1,-1,-1
199,1,297.81,209.81,67.33,170.75,0.94,1,-1,-1
199,10,233.53,215.17,59.61,172.11,0.97,1,-1,-1
199,11,158.84,225.74,7.57,19.55,0.84,1,-1,-1
199,13,611.65,247.69,4.03,11.21,0.83,1,-1,-1
199,14,54.01,232.61,3.02,8.29,0.69,1,-1,-1
200,1,297.31,209.55,67.86,170.99,0.94,1,-1,-1
200,10,233.52,215.46,61.30,174.24,0.96,1,-1,-1
200,11,159.32,225.66,7.70,19.67,0.84,1,-1,-1
200,13,611.65,247.88,3.88,11.10,0.83,1,-1,-1
200,14,54.10,232.57,3.11,8.34,0.53,1,-1,-1
201,1,297.26,209.95,67.84,169.86,0.93,1,-1,-1
201,10,233.75,215.31,62.50,174.88,0.96,1,-1,-1
201,11,160.28,225.53,7.41,19.39,0.85,1,-1,-1
201,13,611.46,247.95,3.86,11.03,0.83,1,-1,-1
202,1,297.13,210.08,68.02,170.13,0.94,1,-1,-1
202,10,233.39,215.35,63.07,175.34,0.94,1,-1,-1
202,11,161.13,225.95,7.26,20.03,0.85,1,-1,-1
202,12,278.04,220.93,20.49,93.29,0.67,1,-1,-1
202,13,611.19,247.78,3.90,11.03,0.83,1,-1,-1
203,1,297.36,209.97,67.82,170.39,0.93,1,-1,-1
203,10,233.52,215.13,62.84,172.88,0.93,1,-1,-1
203,11,161.71,225.94,7.34,19.14,0.85,1,-1,-1
203,12,276.43,218.04,34.62,96.68,0.69,1,-1,-1
203,13,611.04,247.74,3.76,11.16,0.81,1,-1,-1
204,1,298.11,210.64,67.14,169.64,0.93,1,-1,-1
204,10,233.24,215.48,64.26,175.20,0.94,1,-1,-1
204,11,162.44,225.68,7.35,20.09,0.85,1,-1,-1
204,12,280.03,217.74,35.19,101.03,0.82,1,-1,-1
204,13,610.80,247.60,3.82,11.18,0.80,1,-1,-1
205,1,298.50,211.53,66.63,168.84,0.93,1,-1,-1
205,10,233.48,216.13,62.94,174.35,0.94,1,-1,-1
205,11,163.22,225.54,7.18,19.44,0.85,1,-1,-1
205,12,281.88,220.56,36.87,100.12,0.82,1,-1,-1
205,13,610.54,247.63,3.75,10.98,0.78,1,-1,-1
206,1,297.63,212.86,66.79,166.63,0.93,1,-1,-1
206,10,233.43,215.75,63.71,174.56,0.93,1,-1,-1
206,11,163.82,225.54,7.33,19.49,0.85,1,-1,-1
206,12,287.10,223.91,37.20,99.84,0.77,1,-1,-1
206,13,610.23,247.63,3.83,10.90,0.78,1,-1,-1
207,1,298.70,211.48,66.24,168.56,0.91,1,-1,-1
207,10,233.59,214.54,66.24,175.53,0.93,1,-1,-1
207,11,164.35,225.75,7.37,19.37,0.85,1,-1,-1
207,12,292.09,221.93,37.76,100.67,0.79,1,-1,-1
207,13,610.00,247.62,3.86,11.26,0.80,1,-1,-1
208,1,298.96,208.74,66.82,171.31,0.93,1,-1,-1
208,10,233.44,214.94,59.77,172.37,0.96,1,-1,-1
208,11,165.15,225.62,7.50,19.69,0.85,1,-1,-1
208,12,304.34,216.32,33.07,111.46,0.49,1,-1,-1
208,13,609.92,247.65,3.77,11.49,0.80,1,-1,-1
208,14,59.74,233.26,3.59,8.11,0.64,1,-1,-1
209,1,297.83,210.45,68.45,169.46,0.92,1,-1,-1
209,10,233.34,215.09,59.93,172.16,0.96,1,-1,-1
209,11,165.71,225.61,7.29,19.28,0.85,1,-1,-1
209,13,609.73,247.76,3.82,11.31,0.81,1,-1,-1
209,14,59.81,233.19,3.50,8.37,0.70,1,-1,-1
209,15,55.25,232.62,3.89,8.91,0.73,1,-1,-1
210,1,301.25,207.96,69.14,172.26,0.91,1,-1,-1
210,10,233.50,214.99,59.73,172.29,0.96,1,-1,-1
210,11,166.25,225.42,7.47,19.89,0.85,1,-1,-1
210,13,609.52,247.74,3.68,11.39,0.80,1,-1,-1
210,14,59.92,233.23,3.45,8.30,0.69,1,-1,-1
210,15,55.32,232.55,3.74,8.70,0.78,1,-1,-1
211,1,302.22,212.24,69.99,167.43,0.87,1,-1,-1
211,10,233.38,214.93,60.25,172.38,0.96,1,-1,-1
211,11,167.31,225.54,7.60,20.55,0.84,1,-1,-1
211,13,608.99,247.79,3.88,11.00,0.79,1,-1,-1
211,14,60.14,233.07,3.39,8.33,0.66,1,-1,-1
211,15,55.64,232.64,3.42,8.23,0.76,1,-1,-1
212,1,299.51,210.74,70.80,168.84,0.86,1,-1,-1
212,10,233.44,215.21,60.49,172.12,0.96,1,-1,-1
212,11,168.11,225.61,7.86,21.10,0.86,1,-1,-1
212,12,354.73,217.70,28.81,115.40,0.83,1,-1,-1
212,13,608.30,247.50,4.49,11.76,0.83,1,-1,-1
212,14,60.26,233.07,3.33,8.35,0.69,1,-1,-1
212,15,55.80,232.68,3.38,7.97,0.75,1,-1,-1
213,1,298.03,209.92,69.47,169.57,0.88,1,-1,-1
213,10,233.74,215.25,60.15,174.74,0.96,1,-1,-1
213,11,168.70,225.49,8.29,21.03,0.85,1,-1,-1
213,12,355.87,217.64,40.51,119.26,0.89,1,-1,-1
213,13,608.10,247.57,4.38,11.54,0.80,1,-1,-1
213,14,60.53,233.23,3.30,8.02,0.66,1,-1,-1
213,15,56.14,232.67,3.32,7.86,0.68,1,-1,-1
214,1,301.90,210.83,65.39,168.99,0.89,1,-1,-1
214,10,233.14,215.35,61.34,174.59,0.95,1,-1,-1
214,11,169.74,225.28,7.81,20.26,0.85,1,-1,-1
214,12,356.19,223.88,49.98,114.08,0.91,1,-1,-1
214,13,607.87,247.54,4.09,11.30,0.78,1,-1,-1
214,14,60.66,233.21,3.45,8.13,0.64,1,-1,-1
214,15,56.43,232.64,3.29,7.94,0.67,1,-1,-1
215,1,302.20,210.89,64.69,168.64,0.91,1,-1,-1
215,10,233.41,215.71,61.64,174.40,0.96,1,-1,-1
215,11,170.60,225.05,7.63,19.94,0.84,1,-1,-1
215,12,357.50,226.03,57.84,115.77,0.95,1,-1,-1
215,13,607.43,247.60,4.23,12.13,0.80,1,-1,-1
215,14,60.78,232.88,3.49,8.45,0.70,1,-1,-1
215,15,56.52,232.66,3.53,8.15,0.71,1,-1,-1
216,1,303.22,212.36,63.80,167.40,0.92,1,-1,-1
216,10,233.36,214.96,62.06,175.17,0.96,1,-1,-1
216,11,171.38,225.20,7.62,20.37,0.83,1,-1,-1
216,12,369.77,223.56,52.92,119.36,0.95,1,-1,-1
216,13,607.07,247.55,4.23,11.73,0.82,1,-1,-1
216,14,60.82,232.84,3.49,8.39,0.70,1,-1,-1
216,15,56.66,232.69,3.55,8.23,0.70,1,-1,-1
217,1,299.06,210.34,68.04,169.97,0.93,1,-1,-1
217,10,233.99,215.33,61.89,174.55,0.96,1,-1,-1
217,11,171.76,225.47,8.06,20.64,0.84,1,-1,-1
217,12,388.74,218.75,44.24,124.35,0.95,1,-1,-1
217,13,606.69,247.50,4.55,12.00,0.84,1,-1,-1
217,14,60.83,232.76,3.52,8.48,0.70,1,-1,-1
217,15,56.88,232.60,3.53,8.74,0.69,1,-1,-1
218,1,299.19,210.32,67.48,169.71,0.93,1,-1,-1
218,10,235.04,215.32,61.04,174.68,0.96,1,-1,-1
218,11,172.46,225.51,7.98,20.82,0.84,1,-1,-1
218,12,397.75,218.37,54.50,125.78,0.95,1,-1,-1
218,13,606.37,247.59,4.66,11.86,0.84,1,-1,-1
218,14,60.82,232.83,3.61,8.51,0.71,1,-1,-1
218,15,57.01,232.64,3.43,8.69,0.71,1,-1,-1
219,1,299.41,210.01,66.97,170.46,0.92,1,-1,-1
219,10,235.39,215.89,61.01,173.96,0.97,1,-1,-1
219,11,172.97,225.12,8.59,21.10,0.85,1,-1,-1
219,12,398.31,222.94,76.43,125.41,0.95,1,-1,-1
219,13,606.13,247.70,4.59,12.04,0.84,1,-1,-1
219,14,60.78,232.92,3.72,8.47,0.72,1,-1,-1
219,15,57.01,232.71,3.48,8.41,0.69,1,-1,-1
220,1,302.84,211.66,63.68,167.90,0.91,1,-1,-1
220,10,235.59,214.71,61.54,175.30,0.97,1,-1,-1
220,11,173.98,225.01,8.17,21.47,0.84,1,-1,-1
220,12,417.90,220.04,64.50,130.93,0.96,1,-1,-1
220,13,605.86,247.45,4.50,11.85,0.84,1,-1,-1
220,14,60.95,232.42,3.22,5.60,0.48,1,-1,-1
220,15,56.97,232.21,3.72,7.72,0.67,1,-1,-1
221,1,299.93,212.04,66.68,168.19,0.93,1,-1,-1
221,10,235.87,215.73,65.61,174.05,0.95,1,-1,-1
221,11,174.84,225.53,7.97,21.54,0.86,1,-1,-1
221,12,442.65,216.36,51.36,136.47,0.96,1,-1,-1
221,13,605.66,247.30,4.56,12.07,0.84,1,-1,-1
222,1,295.49,210.79,70.91,169.08,0.91,1,-1,-1
222,10,235.63,215.58,64.28,173.91,0.95,1,-1,-1
222,11,175.53,225.58,8.16,21.61,0.87,1,-1,-1
222,12,454.45,219.25,51.10,137.62,0.95,1,-1,-1
222,13,605.30,247.41,4.74,12.25,0.81,1,-1,-1
223,1,288.38,209.49,75.73,169.75,0.93,1,-1,-1
223,10,236.53,215.43,63.55,174.09,0.90,1,-1,-1
223,11,176.48,225.39,8.09,21.41,0.86,1,-1,-1
223,12,455.38,222.86,73.73,137.78,0.96,1,-1,-1
223,13,604.97,247.63,4.49,12.14,0.80,1,-1,-1
224,1,286.25,210.82,74.62,170.05,0.93,1,-1,-1
224,10,238.30,215.55,58.87,172.01,0.93,1,-1,-1
224,11,176.95,224.96,8.04,21.55,0.87,1,-1,-1
224,12,460.49,222.79,70.91,140.33,0.95,1,-1,-1
224,13,604.75,247.63,4.31,11.89,0.80,1,-1,-1
225,1,286.26,211.01,68.48,169.22,0.92,1,-1,-1
225,10,241.11,216.61,64.70,171.38,0.91,1,-1,-1
225,11,177.70,225.07,8.17,21.58,0.84,1,-1,-1
225,12,490.88,219.08,54.87,144.22,0.93,1,-1,-1
225,13,604.44,247.36,4.63,12.46,0.80,1,-1,-1
226,1,286.25,215.14,61.59,165.60,0.88,1,-1,-1
226,10,243.85,216.79,58.68,170.24,0.76,1,-1,-1
226,11,178.55,225.50,7.88,20.96,0.85,1,-1,-1
226,12,509.38,215.81,52.32,148.40,0.94,1,-1,-1
226,13,604.38,247.56,4.44,12.01,0.82,1,-1,-1
227,1,283.10,213.19,60.40,168.29,0.83,1,-1,-1
227,10,249.16,217.20,56.31,170.98,0.84,1,-1,-1
227,11,179.13,225.51,7.75,20.86,0.85,1,-1,-1
227,12,510.07,221.39,77.92,143.69,0.96,1,-1,-1
227,13,604.19,247.71,4.48,11.99,0.83,1,-1,-1
227,14,61.51,232.08,3.55,9.35,0.72,1,-1,-1
227,15,57.59,231.78,3.70,9.04,0.75,1,-1,-1
228,1,283.11,215.43,58.28,167.97,0.79,1,-1,-1
228,10,251.34,216.76,75.83,169.79,0.77,1,-1,-1
228,11,179.71,225.27,8.11,21.51,0.86,1,-1,-1
228,12,511.57,226.60,83.56,143.75,0.96,1,-1,-1
228,13,603.93,247.70,4.38,11.82,0.82,1,-1,-1
228,14,61.64,232.56,3.35,8.56,0.73,1,-1,-1
228,15,57.57,231.82,3.69,8.96,0.74,1,-1,-1
229,1,282.19,215.11,58.25,168.88,0.80,1,-1,-1
229,10,250.75,216.56,45.59,170.68,0.75,1,-1,-1
229,11,180.41,224.88,8.28,23.22,0.85,1,-1,-1
229,12,528.22,229.08,86.35,144.68,0.94,1,-1,-1
229,14,61.70,232.39,3.17,8.53,0.73,1,-1,-1
229,15,57.57,231.91,3.67,8.73,0.74,1,-1,-1
230,1,283.03,214.87,57.23,172.57,0.83,1,-1,-1
230,10,252.82,214.92,44.41,172.77,0.82,1,-1,-1
230,11,180.80,225.25,8.41,21.54,0.84,1,-1,-1
230,12,563.33,225.24,62.85,149.85,0.92,1,-1,-1
230,14,61.62,232.19,3.07,8.70,0.76,1,-1,-1
230,15,57.53,231.80,3.72,8.99,0.75,1,-1,-1
231,1,284.93,216.98,54.89,170.09,0.80,1,-1,-1
231,10,253.30,215.32,44.18,171.94,0.78,1,-1,-1
231,11,181.59,225.54,8.13,22.56,0.85,1,-1,-1
231,12,572.44,217.70,66.12,157.01,0.95,1,-1,-1
231,14,61.58,231.98,3.15,8.97,0.76,1,-1,-1
231,15,57.54,231.66,3.60,9.07,0.74,1,-1,-1
232,1,285.31,217.04,53.08,169.74,0.81,1,-1,-1
232,10,253.70,214.82,42.76,172.24,0.71,1,-1,-1
232,11,182.54,225.57,8.21,23.26,0.86,1,-1,-1
232,12,587.76,209.15,52.25,163.73,0.93,1,-1,-1
232,13,603.08,247.84,3.96,11.62,0.79,1,-1,-1
232,14,61.46,231.89,3.38,9.14,0.74,1,-1,-1
232,15,57.54,231.42,3.48,9.18,0.70,1,-1,-1
233,1,286.47,216.79,51.27,169.86,0.76,1,-1,-1
233,10,253.11,222.04,74.75,164.44,0.78,1,-1,-1
233,11,183.30,225.33,8.42,22.65,0.85,1,-1,-1
233,12,599.76,219.46,40.98,154.25,0.70,1,-1,-1
233,13,602.58,247.58,4.35,11.99,0.81,1,-1,-1
233,14,61.51,231.88,3.17,8.93,0.74,1,-1,-1
233,15,57.55,231.40,3.42,9.11,0.69,1,-1,-1
234,1,285.27,215.07,52.23,171.68,0.72,1,-1,-1
234,10,251.69,222.98,77.19,163.60,0.78,1,-1,-1
234,11,184.24,224.83,8.34,24.15,0.86,1,-1,-1
234,13,602.13,247.39,4.58,11.99,0.83,1,-1,-1
234,14,61.54,232.00,3.20,8.81,0.76,1,-1,-1
234,15,57.57,231.44,3.56,9.01,0.74,1,-1,-1
235,1,286.39,214.29,51.64,172.36,0.58,1,-1,-1
235,10,252.28,221.67,77.10,164.65,0.80,1,-1,-1
235,11,184.99,225.00,8.31,22.34,0.84,1,-1,-1
235,13,601.91,247.58,4.57,11.87,0.83,1,-1,-1
235,14,61.54,231.84,3.26,9.00,0.75,1,-1,-1
235,15,57.62,231.51,3.61,8.92,0.72,1,-1,-1
236,1,286.69,215.26,51.67,171.72,0.61,1,-1,-1
236,10,252.38,222.69,76.72,164.18,0.77,1,-1,-1
236,11,185.52,225.43,8.25,21.35,0.85,1,-1,-1
236,13,601.59,247.72,4.67,12.57,0.83,1,-1,-1
236,14,61.51,231.72,3.42,9.20,0.73,1,-1,-1
236,15,57.84,231.28,3.52,9.03,0.66,1,-1,-1
237,1,295.53,219.84,44.16,163.80,0.59,1,-1,-1
237,10,252.17,221.91,77.05,165.22,0.77,1,-1,-1
237,11,186.24,225.42,8.22,22.65,0.85,1,-1,-1
237,13,601.36,247.78,4.46,12.29,0.82,1,-1,-1
237,14,61.54,231.58,3.40,9.28,0.72,1,-1,-1
237,15,57.91,231.05,3.53,9.13,0.66,1,-1,-1
238,1,296.70,218.41,42.68,165.95,0.60,1,-1,-1
238,10,252.08,221.04,76.94,165.58,0.77,1,-1,-1
238,11,186.59,225.17,8.59,23.83,0.86,1,-1,-1
238,13,601.08,247.53,4.60,12.40,0.83,1,-1,-1
238,14,61.51,231.41,3.33,9.34,0.73,1,-1,-1
238,15,58.00,231.00,3.46,9.02,0.69,1,-1,-1
239,1,288.43,215.55,49.96,171.47,0.57,1,-1,-1
239,10,252.89,216.58,75.69,169.54,0.76,1,-1,-1
239,11,187.48,224.80,8.52,24.41,0.85,1,-1,-1
239,13,600.96,247.56,4.51,12.16,0.84,1,-1,-1
239,14,61.56,231.63,3.26,9.04,0.72,1,-1,-1
239,15,58.04,231.09,3.47,8.84,0.68,1,-1,-1
240,1,292.49,215.23,48.55,171.49,0.54,1,-1,-1
240,10,253.40,215.32,74.94,171.34,0.80,1,-1,-1
240,11,188.40,224.83,8.49,24.63,0.86,1,-1,-1
240,13,600.48,247.66,4.99,12.02,0.83,1,-1,-1
240,14,61.54,231.64,3.27,9.02,0.72,1,-1,-1
240,15,58.11,231.19,3.45,8.79,0.68,1,-1,-1
241,1,283.71,216.47,57.54,167.68,0.70,1,-1,-1
241,10,251.77,214.78,44.36,172.24,0.78,1,-1,-1
241,11,188.90,225.00,10.12,24.62,0.86,1,-1,-1
241,13,600.08,247.91,5.05,12.33,0.83,1,-1,-1
241,14,61.59,231.53,3.21,9.16,0.72,1,-1,-1
241,15,58.15,231.17,3.43,8.80,0.66,1,-1,-1
242,1,284.77,213.43,59.10,171.82,0.83,1,-1,-1
242,10,249.83,213.59,78.69,174.82,0.72,1,-1,-1
242,11,189.58,225.19,9.85,24.62,0.87,1,-1,-1
242,13,599.82,247.84,4.98,12.35,0.83,1,-1,-1
242,14,61.63,231.52,3.37,9.31,0.73,1,-1,-1
242,15,58.17,231.01,3.44,8.99,0.69,1,-1,-1
243,1,281.28,211.59,69.62,172.70,0.90,1,-1,-1
243,10,243.48,213.60,73.82,175.23,0.62,1,-1,-1
243,11,190.91,224.76,9.16,25.01,0.85,1,-1,-1
243,13,599.81,247.53,4.68,12.21,0.86,1,-1,-1
243,14,61.61,231.41,3.45,9.42,0.74,1,-1,-1
243,15,58.12,231.15,3.38,9.06,0.70,1,-1,-1
244,1,284.38,211.81,76.32,172.89,0.93,1,-1,-1
244,10,242.46,215.62,77.95,174.79,0.73,1,-1,-1
244,11,192.45,224.41,8.72,24.90,0.87,1,-1,-1
244,13,599.37,247.46,4.99,12.27,0.86,1,-1,-1
244,14,61.77,231.35,3.32,9.20,0.75,1,-1,-1
244,15,58.12,231.04,3.37,9.10,0.72,1,-1,-1
245,1,284.47,211.65,77.46,173.97,0.93,1,-1,-1
245,10,243.40,214.16,74.62,176.95,0.73,1,-1,-1
245,11,193.38,224.04,8.34,25.24,0.85,1,-1,-1
245,13,599.06,247.70,5.13,12.11,0.85,1,-1,-1
245,14,61.81,231.45,3.30,9.15,0.74,1,-1,-1
245,15,58.06,231.09,3.39,9.07,0.73,1,-1,-1
246,1,284.66,212.13,78.38,173.51,0.92,1,-1,-1
246,10,245.35,214.22,67.44,174.55,0.87,1,-1,-1
246,11,194.16,224.43,7.97,24.35,0.84,1,-1,-1
246,13,598.85,247.84,5.32,12.55,0.84,1,-1,-1
246,14,61.88,231.45,3.28,9.14,0.73,1,-1,-1
246,15,58.06,231.08,3.44,9.18,0.73,1,-1,-1
247,1,297.00,210.78,70.32,174.62,0.93,1,-1,-1
247,10,242.45,213.17,65.52,177.20,0.88,1,-1,-1
247,11,195.36,224.78,8.67,24.57,0.84,1,-1,-1
247,13,598.83,247.62,4.61,12.29,0.85,1,-1,-1
247,14,62.21,231.21,3.29,9.36,0.71,1,-1,-1
247,15,58.08,230.88,3.48,9.27,0.72,1,-1,-1
248,1,304.68,210.27,63.45,175.33,0.90,1,-1,-1
248,10,243.83,214.36,57.46,173.92,0.91,1,-1,-1
248,11,195.89,224.70,8.55,25.15,0.87,1,-1,-1
248,13,598.70,247.56,4.56,12.40,0.84,1,-1,-1
248,14,62.22,231.20,3.38,9.34,0.73,1,-1,-1
248,15,58.11,230.77,3.45,9.35,0.73,1,-1,-1
249,1,311.98,204.00,55.93,185.20,0.91,1,-1,-1
249,10,242.23,217.41,61.06,173.92,0.90,1,-1,-1
249,11,196.68,224.51,8.74,25.56,0.85,1,-1,-1
249,13,598.48,247.61,4.52,12.45,0.81,1,-1,-1
249,14,62.35,231.13,3.40,9.39,0.74,1,-1,-1
249,15,58.16,230.79,3.47,9.33,0.73,1,-1,-1
250,1,315.47,206.67,52.35,182.67,0.93,1,-1,-1
250,10,241.82,217.14,77.28,173.85,0.93,1,-1,-1
250,11,197.52,224.37,9.42,25.20,0.83,1,-1,-1
250,13,597.91,247.70,4.86,12.35,0.82,1,-1,-1
250,14,62.40,231.20,3.34,9.29,0.75,1,-1,-1
250,15,58.16,230.67,3.70,9.36,0.72,1,-1,-1
251,1,319.16,211.13,46.80,177.45,0.90,1,-1,-1
251,10,241.72,217.90,95.69,176.73,0.93,1,-1,-1
251,11,198.21,224.73,10.23,25.58,0.86,1,-1,-1
251,13,597.59,247.46,4.80,12.32,0.83,1,-1,-1
251,14,62.50,231.35,3.32,9.01,0.73,1,-1,-1
251,15,58.14,230.79,3.58,9.23,0.71,1,-1,-1
252,1,309.30,220.76,54.69,165.23,0.90,1,-1,-1
252,10,242.12,217.76,95.10,183.10,0.93,1,-1,-1
252,11,199.06,224.98,9.94,25.62,0.87,1,-1,-1
252,13,597.46,247.02,4.66,12.62,0.84,1,-1,-1
252,14,62.53,231.35,3.33,9.07,0.74,1,-1,-1
252,15,58.06,230.72,3.58,9.32,0.70,1,-1,-1
253,1,305.12,216.44,56.86,170.34,0.52,1,-1,-1
253,10,255.72,214.94,88.52,188.04,0.84,1,-1,-1
253,11,200.03,224.68,9.42,25.92,0.85,1,-1,-1
253,13,597.03,247.03,4.91,12.46,0.86,1,-1,-1
253,14,62.58,231.20,3.38,9.25,0.75,1,-1,-1
253,15,58.02,230.72,3.51,9.34,0.71,1,-1,-1
254,10,281.23,210.36,78.80,192.93,0.89,1,-1,-1
254,11,201.25,224.33,8.95,25.95,0.86,1,-1,-1
254,13,596.79,247.16,5.12,12.54,0.86,1,-1,-1
254,14,62.61,231.05,3.35,9.35,0.75,1,-1,-1
254,15,58.01,230.67,3.49,9.44,0.73,1,-1,-1
255,10,291.86,209.41,77.17,194.95,0.94,1,-1,-1
255,11,202.00,224.19,8.57,26.13,0.84,1,-1,-1
255,13,596.60,247.22,4.92,12.51,0.84,1,-1,-1
255,14,62.69,231.07,3.29,9.30,0.75,1,-1,-1
255,15,58.02,230.68,3.47,9.29,0.73,1,-1,-1
256,10,308.00,208.89,78.46,207.36,0.89,1,-1,-1
256,11,202.80,224.47,8.92,25.27,0.84,1,-1,-1
256,13,596.05,246.77,5.26,12.74,0.83,1,-1,-1
256,14,62.78,231.17,3.25,9.19,0.76,1,-1,-1
256,15,58.06,230.79,3.57,9.32,0.74,1,-1,-1
257,1,287.04,206.78,69.64,179.07,0.85,1,-1,-1
257,10,314.44,207.04,121.72,215.73,0.92,1,-1,-1
257,11,203.86,224.59,9.41,26.06,0.84,1,-1,-1
257,13,595.61,246.55,5.41,12.89,0.84,1,-1,-1
257,14,62.95,231.23,3.28,9.11,0.73,1,-1,-1
257,15,58.39,230.86,3.55,9.21,0.71,1,-1,-1
258,1,287.68,205.59,61.92,180.59,0.94,1,-1,-1
258,10,334.98,208.21,113.54,217.61,0.90,1,-1,-1
258,11,205.30,224.45,8.57,26.20,0.85,1,-1,-1
258,13,595.20,246.52,5.53,12.78,0.82,1,-1,-1
258,14,63.00,231.08,3.44,9.34,0.73,1,-1,-1
258,15,58.40,230.67,3.82,9.55,0.71,1,-1,-1
259,1,282.26,204.37,64.86,182.08,0.96,1,-1,-1
259,10,351.86,212.03,109.77,213.05,0.82,1,-1,-1
259,11,206.03,224.25,8.86,26.40,0.86,1,-1,-1
259,13,594.88,246.65,5.19,12.64,0.82,1,-1,-1
259,14,63.07,230.91,3.58,9.52,0.75,1,-1,-1
259,15,58.54,230.69,3.74,9.46,0.67,1,-1,-1
260,1,278.73,204.56,64.03,182.14,0.94,1,-1,-1
260,10,366.42,204.46,95.68,224.24,0.88,1,-1,-1
260,11,206.93,224.35,8.70,26.12,0.84,1,-1,-1
260,13,594.45,246.27,5.10,12.60,0.84,1,-1,-1
260,14,63.26,230.90,3.48,9.59,0.76,1,-1,-1
260,15,58.71,230.71,3.61,9.49,0.66,1,-1,-1
261,1,275.44,206.04,66.78,180.93,0.93,1,-1,-1
261,10,369.88,206.60,118.14,226.09,0.90,1,-1,-1
261,11,207.68,224.54,9.89,26.45,0.87,1,-1,-1
261,13,594.32,246.00,4.94,12.86,0.85,1,-1,-1
261,14,63.32,230.92,3.49,9.62,0.77,1,-1,-1
261,15,58.87,230.64,3.50,9.17,0.64,1,-1,-1
262,1,272.33,205.40,69.89,180.91,0.94,1,-1,-1
262,10,377.34,202.99,130.39,234.31,0.91,1,-1,-1
262,11,208.14,224.67,10.52,26.62,0.85,1,-1,-1
262,13,593.98,245.83,5.15,12.79,0.86,1,-1,-1
262,14,63.38,231.00,3.46,9.57,0.77,1,-1,-1
262,15,58.88,230.93,3.46,9.15,0.65,1,-1,-1
263,1,271.43,204.84,71.64,182.20,0.96,1,-1,-1
263,10,412.11,200.35,114.85,236.73,0.89,1,-1,-1
263,11,208.80,223.79,10.61,27.21,0.87,1,-1,-1
263,13,593.75,245.87,5.19,13.32,0.86,1,-1,-1
263,14,63.42,230.98,3.50,9.50,0.77,1,-1,-1
263,15,58.80,230.82,3.52,9.40,0.63,1,-1,-1
264,1,271.16,204.16,70.27,182.51,0.97,1,-1,-1
264,10,441.69,199.10,104.31,237.33,0.90,1,-1,-1
264,11,209.93,224.30,9.90,27.08,0.85,1,-1,-1
264,13,593.61,246.09,4.91,13.24,0.84,1,-1,-1
264,14,63.51,230.93,3.43,9.35,0.78,1,-1,-1
264,15,58.86,230.73,3.51,9.38,0.64,1,-1,-1
265,1,271.35,204.07,69.96,182.33,0.97,1,-1,-1
265,10,457.92,199.09,110.91,240.66,0.88,1,-1,-1
265,11,211.67,224.18,9.76,27.18,0.85,1,-1,-1
265,13,593.29,245.69,4.95,13.41,0.82,1,-1,-1
265,14,63.66,230.90,3.33,9.36,0.76,1,-1,-1
265,15,58.88,230.74,3.68,9.47,0.69,1,-1,-1
266,1,272.27,204.84,69.87,181.75,0.97,1,-1,-1
266,10,462.81,197.79,129.96,244.08,0.83,1,-1,-1
266,11,212.19,224.36,9.77,26.90,0.85,1,-1,-1
266,13,593.04,245.56,5.04,13.20,0.83,1,-1,-1
266,14,63.75,230.90,3.28,9.12,0.76,1,-1,-1
266,15,58.88,230.77,4.01,9.61,0.73,1,-1,-1
267,1,275.04,204.99,68.11,180.30,0.97,1,-1,-1
267,10,485.48,200.31,131.10,250.25,0.88,1,-1,-1
267,11,212.83,224.22,11.43,27.22,0.83,1,-1,-1
267,13,592.78,245.61,5.18,13.23,0.81,1,-1,-1
267,14,63.82,230.96,3.24,8.62,0.75,1,-1,-1
267,15,58.97,230.88,4.08,9.57,0.72,1,-1,-1
268,1,279.42,206.42,63.25,178.37,0.97,1,-1,-1
268,10,535.50,190.06,95.97,262.95,0.86,1,-1,-1
268,11,213.32,224.54,11.13,27.29,0.87,1,-1,-1
268,14,64.02,231.01,3.28,8.55,0.72,1,-1,-1
268,15,59.34,230.82,3.79,9.57,0.71,1,-1,-1
269,1,281.54,207.38,60.44,177.88,0.95,1,-1,-1
269,10,547.98,191.04,91.87,259.70,0.84,1,-1,-1
269,11,215.04,224.29,9.98,27.27,0.83,1,-1,-1
269,14,64.27,230.74,3.54,9.16,0.71,1,-1,-1
269,15,59.33,230.65,3.89,9.69,0.68,1,-1,-1
270,1,281.14,210.03,60.36,173.48,0.97,1,-1,-1
270,10,546.05,192.95,93.81,260.38,0.90,1,-1,-1
270,11,216.66,224.03,9.52,27.87,0.84,1,-1,-1
270,13,591.36,245.50,5.01,12.86,0.80,1,-1,-1
270,14,64.45,230.67,3.37,8.98,0.72,1,-1,-1
270,15,59.86,230.40,3.71,9.45,0.64,1,-1,-1
271,1,285.42,210.96,57.59,172.96,0.95,1,-1,-1
271,10,560.06,206.72,80.47,260.53,0.81,1,-1,-1
271,11,218.42,224.18,10.38,27.72,0.87,1,-1,-1
271,13,591.22,245.51,5.05,13.31,0.83,1,-1,-1
271,14,64.50,230.56,3.57,9.44,0.76,1,-1,-1
271,15,60.07,230.60,3.77,9.68,0.71,1,-1,-1
272,1,287.44,210.09,57.59,173.31,0.95,1,-1,-1
272,11,219.25,224.41,11.47,27.90,0.89,1,-1,-1
272,13,590.95,245.45,5.15,13.44,0.85,1,-1,-1
272,14,64.74,230.66,3.43,9.29,0.80,1,-1,-1
272,15,60.15,230.69,3.90,9.81,0.76,1,-1,-1
273,1,286.94,209.42,59.00,173.92,0.93,1,-1,-1
273,11,219.76,224.61,11.21,27.74,0.88,1,-1,-1
273,13,590.73,245.48,5.20,13.70,0.83,1,-1,-1
273,14,64.81,230.65,3.39,9.40,0.80,1,-1,-1
273,15,60.22,230.68,3.86,9.77,0.75,1,-1,-1
274,1,288.01,210.72,57.59,172.24,0.95,1,-1,-1
274,11,222.11,224.37,10.20,27.87,0.87,1,-1,-1
274,13,590.49,245.51,5.07,13.25,0.83,1,-1,-1
274,14,64.75,230.61,3.44,9.53,0.80,1,-1,-1
274,15,60.34,230.68,3.72,9.52,0.76,1,-1,-1
275,1,286.46,208.49,59.89,173.65,0.93,1,-1,-1
275,11,224.30,223.93,9.75,28.51,0.86,1,-1,-1
275,13,590.15,245.17,5.28,13.55,0.83,1,-1,-1
275,14,64.90,230.56,3.40,9.77,0.79,1,-1,-1
275,15,60.32,230.60,3.70,9.53,0.74,1,-1,-1
276,1,287.47,208.16,58.93,174.05,0.93,1,-1,-1
276,11,225.35,224.30,9.32,27.98,0.86,1,-1,-1
276,13,589.48,245.27,5.71,13.89,0.82,1,-1,-1
276,14,64.86,230.46,3.52,10.12,0.79,1,-1,-1
276,15,60.40,230.55,3.70,9.45,0.74,1,-1,-1
277,1,282.79,209.19,62.58,174.29,0.95,1,-1,-1
277,11,226.28,224.64,9.24,27.71,0.87,1,-1,-1
277,13,589.51,245.64,5.22,13.04,0.80,1,-1,-1
277,14,64.92,230.54,3.59,10.04,0.78,1,-1,-1
277,15,60.52,230.64,3.64,9.51,0.72,1,-1,-1
278,1,284.78,209.36,59.34,176.03,0.95,1,-1,-1
278,11,226.94,224.66,9.39,27.95,0.87,1,-1,-1
278,13,589.25,245.79,4.78,13.15,0.81,1,-1,-1
278,14,65.02,230.60,3.47,9.80,0.77,1,-1,-1
278,15,60.61,230.78,3.64,9.65,0.73,1,-1,-1
279,1,286.60,208.05,54.69,176.84,0.92,1,-1,-1
279,11,228.58,224.04,9.81,28.86,0.86,1,-1,-1
279,13,588.75,245.14,4.93,13.42,0.84,1,-1,-1
279,14,65.22,230.71,3.53,9.98,0.73,1,-1,-1
279,15,60.98,230.63,3.50,9.25,0.68,1,-1,-1
280,1,280.83,207.34,59.09,178.57,0.92,1,-1,-1
280,11,230.57,224.25,9.34,28.67,0.86,1,-1,-1
280,13,588.39,244.96,4.97,13.34,0.83,1,-1,-1
280,14,65.49,230.59,3.48,10.07,0.74,1,-1,-1
280,15,61.17,230.43,3.73,9.51,0.78,1,-1,-1
281,1,290.80,206.49,48.20,183.44,0.89,1,-1,-1
281,11,231.31,224.42,11.73,28.53,0.89,1,-1,-1
281,13,587.91,245.11,5.17,13.52,0.82,1,-1,-1
281,14,65.77,230.52,3.38,9.90,0.73,1,-1,-1
281,15,61.21,230.43,3.80,9.82,0.81,1,-1,-1
282,1,289.79,205.63,49.14,179.83,0.90,1,-1,-1
282,11,232.03,224.54,11.63,28.82,0.89,1,-1,-1
282,13,587.88,245.08,5.00,13.58,0.81,1,-1,-1
282,14,65.84,230.50,3.38,9.86,0.73,1,-1,-1
282,15,61.28,230.41,3.76,9.71,0.80,1,-1,-1
283,1,282.51,204.79,54.70,182.41,0.94,1,-1,-1
283,11,232.51,224.61,11.45,28.55,0.89,1,-1,-1
283,13,587.49,245.18,4.96,13.19,0.82,1,-1,-1
283,14,65.92,230.49,3.48,9.75,0.76,1,-1,-1
283,15,61.43,230.49,3.68,9.42,0.79,1,-1,-1
284,1,284.73,204.67,51.99,182.43,0.92,1,-1,-1
284,11,234.59,224.49,10.45,28.93,0.86,1,-1,-1
284,13,587.24,244.93,5.08,13.61,0.82,1,-1,-1
284,14,65.97,230.48,3.49,9.69,0.75,1,-1,-1
284,15,61.48,230.46,3.65,9.43,0.78,1,-1,-1
285,1,283.51,204.17,52.73,182.11,0.93,1,-1,-1
285,11,236.43,224.10,10.14,29.31,0.85,1,-1,-1
285,13,586.68,244.82,5.36,13.43,0.81,1,-1,-1
285,14,66.13,230.67,3.46,9.95,0.74,1,-1,-1
285,15,61.62,230.34,3.62,9.75,0.76,1,-1,-1
286,1,283.82,204.12,52.28,180.97,0.94,1,-1,-1
286,11,237.53,224.17,10.03,29.20,0.86,1,-1,-1
286,13,585.91,245.15,6.12,13.46,0.82,1,-1,-1
286,14,66.31,230.61,3.47,9.87,0.76,1,-1,-1
286,15,61.64,230.23,3.67,9.91,0.77,1,-1,-1
287,1,278.59,204.00,57.05,181.27,0.93,1,-1,-1
287,11,239.45,224.63,10.57,29.14,0.88,1,-1,-1
287,13,585.61,245.11,5.40,13.25,0.85,1,-1,-1
287,14,66.45,230.59,3.41,9.78,0.77,1,-1,-1
287,15,61.80,230.38,3.61,9.93,0.77,1,-1,-1
288,1,277.04,203.85,58.09,181.64,0.93,1,-1,-1
288,11,240.86,224.50,10.21,29.52,0.88,1,-1,-1
288,13,585.09,244.63,5.27,13.57,0.84,1,-1,-1
288,14,66.54,230.52,3.34,9.57,0.77,1,-1,-1
288,15,61.80,230.33,3.65,9.94,0.76,1,-1,-1
289,1,278.93,203.96,55.48,181.74,0.94,1,-1,-1
289,11,242.52,223.97,10.36,29.90,0.87,1,-1,-1
289,13,584.65,244.48,5.40,13.72,0.84,1,-1,-1
289,14,66.63,230.42,3.41,10.22,0.76,1,-1,-1
289,15,61.99,230.31,3.74,9.84,0.74,1,-1,-1
290,1,274.49,204.22,59.12,181.40,0.95,1,-1,-1
290,11,244.65,224.05,9.81,29.87,0.87,1,-1,-1
290,13,584.07,244.77,5.50,13.83,0.83,1,-1,-1
290,14,66.73,230.49,3.28,9.88,0.76,1,-1,-1
290,15,62.25,230.41,3.52,9.77,0.74,1,-1,-1
291,1,277.26,204.83,55.79,181.50,0.94,1,-1,-1
291,11,246.02,224.32,12.74,29.56,0.90,1,-1,-1
291,13,583.49,244.69,5.57,13.80,0.83,1,-1,-1
291,14,66.83,230.45,3.44,10.02,0.75,1,-1,-1
291,15,62.57,230.44,3.71,9.69,0.73,1,-1,-1
292,1,278.50,205.54,53.79,179.93,0.94,1,-1,-1
292,11,247.12,224.42,12.19,30.14,0.90,1,-1,-1
292,13,582.82,244.23,5.41,14.19,0.82,1,-1,-1
292,14,66.98,230.40,3.56,9.80,0.77,1,-1,-1
292,15,62.72,230.12,3.69,9.88,0.71,1,-1,-1
293,1,282.02,205.78,51.05,179.25,0.93,1,-1,-1
293,11,250.16,223.98,10.25,30.52,0.88,1,-1,-1
293,13,582.24,244.43,5.52,13.89,0.81,1,-1,-1
293,14,67.12,230.15,3.64,10.10,0.77,1,-1,-1
293,15,62.99,230.06,3.62,9.85,0.71,1,-1,-1
294,1,282.43,206.67,51.46,178.37,0.92,1,-1,-1
294,11,252.57,224.03,9.63,30.28,0.82,1,-1,-1
294,13,581.43,244.56,5.69,13.92,0.82,1,-1,-1
294,14,67.25,230.23,3.67,10.13,0.77,1,-1,-1
294,15,63.06,230.07,3.67,9.83,0.75,1,-1,-1
295,1,276.89,206.37,57.45,178.48,0.93,1,-1,-1
295,11,254.21,224.39,10.20,30.15,0.88,1,-1,-1
295,13,580.98,244.49,5.33,14.14,0.82,1,-1,-1
295,14,67.29,230.16,3.69,10.09,0.77,1,-1,-1
295,15,63.07,230.02,3.76,10.02,0.77,1,-1,-1
296,1,281.94,207.07,53.60,180.48,0.93,1,-1,-1
296,11,255.20,224.77,10.69,30.26,0.88,1,-1,-1
296,13,580.24,244.04,5.70,14.49,0.83,1,-1,-1
296,14,67.49,230.28,3.49,10.08,0.77,1,-1,-1
296,15,63.09,230.02,3.86,10.21,0.79,1,-1,-1
297,1,280.46,206.92,56.91,180.01,0.94,1,-1,-1
297,11,258.20,224.58,9.76,30.62,0.86,1,-1,-1
297,13,579.85,244.04,5.26,13.87,0.83,1,-1,-1
297,14,67.60,230.30,3.45,10.06,0.77,1,-1,-1
297,15,63.11,229.95,3.83,10.27,0.80,1,-1,-1
298,1,279.86,206.08,59.70,180.42,0.96,1,-1,-1
298,11,260.53,224.41,9.44,30.78,0.85,1,-1,-1
298,13,579.29,243.98,5.32,14.38,0.83,1,-1,-1
298,14,67.62,230.39,3.42,10.01,0.76,1,-1,-1
298,15,63.05,229.92,3.90,10.35,0.80,1,-1,-1
299,1,280.55,205.67,60.26,181.76,0.97,1,-1,-1
299,11,261.55,224.61,11.50,30.95,0.87,1,-1,-1
299,13,579.03,244.00,5.33,14.16,0.82,1,-1,-1
299,14,67.62,230.35,3.41,9.92,0.77,1,-1,-1
299,15,63.03,229.92,3.89,10.21,0.80,1,-1,-1
300,1,281.73,205.60,60.79,181.66,0.96,1,-1,-1
300,11,261.98,224.95,13.51,30.67,0.89,1,-1,-1
300,13,578.48,243.62,5.32,14.33,0.83,1,-1,-1
300,14,67.71,230.07,3.50,10.32,0.77,1,-1,-1
300,15,62.99,229.87,3.88,10.36,0.79,1,-1,-1
